SYSTEM_START_US: 1774024762567767
MPI_Init 0 9692
Bcast 9901 10266 1 2 3
Bcast 10386 10388 1 2 3
Barrier 10589 11189
Reduce 11219 11292 -1 1 2 3
Barrier 11335 11339
Gather 11379 11388 -1 1 2 3
Barrier 11441 11443
Scatter 11477 11491 1 2 3
Barrier 11514 11532
Gatherv 11579 11586 -1 1 2 3
Barrier 11713 11717
Scatterv 11756 11848 1 2 3
Barrier 11887 11929
Barrier 12004 12007
Ireduce 12075 12086 -1 1 2 3
Barrier 12120 12122
Igather 12147 12153 -1 1 2 3
Barrier 12196 12198
Iscatter 12252 12255 1 2 3
Barrier 12314 12317
Igatherv 12375 12379 -1 1 2 3
Barrier 12511 12514
Iscatterv 12550 12554 1 2 3
Barrier 12582 12615
Finalize 12628 17002
