SYSTEM_START_US: 1774024762568598
MPI_Init 0 8855
Bcast 8932 9735 -1 0
Bcast 9761 9762 -1 0
Barrier 9959 10283
Reduce 10302 10376 0
Barrier 10392 10516
Gather 10541 10554 0
Barrier 10565 10618
Scatter 10630 10665 -1 0
Barrier 10691 10701
Gatherv 10747 10753 0
Barrier 10758 10893
Scatterv 10906 11047 -1 0
Barrier 11093 11094
Barrier 11173 11177
Ireduce 11191 11206 0
Barrier 11213 11292
Igather 11301 11313 0
Barrier 11333 11367
Iscatter 11373 11374 -1 0
Barrier 11448 11485
Igatherv 11525 11528 0
Barrier 11533 11699
Iscatterv 11707 11708 -1 0
Barrier 11760 11781
Finalize 11785 16215
