SYSTEM_START_US: 1774024762565053
MPI_Init 0 12404
Bcast 12475 13149 -1 0
Bcast 13174 13176 -1 0
Barrier 13388 13868
Reduce 13884 13998 0
Barrier 14027 14058
Gather 14084 14096 0
Barrier 14117 14153
Scatter 14160 14201 -1 0
Barrier 14232 14242
Gatherv 14284 14293 0
Barrier 14301 14436
Scatterv 14445 14476 -1 0
Barrier 14528 14646
Barrier 14714 14717
Ireduce 14739 14750 0
Barrier 14760 14833
Igather 14841 14845 0
Barrier 14856 14909
Iscatter 14916 14918 -1 0
Barrier 14993 15028
Igatherv 15057 15060 0
Barrier 15067 15225
Iscatterv 15238 15239 -1 0
Barrier 15321 15325
Finalize 15329 19774
