SYSTEM_START_US: 1774024762566873
MPI_Init 0 10609
Bcast 10660 11283 -1 0
Bcast 11306 11308 -1 0
Barrier 11521 12010
Reduce 12033 12112 0
Barrier 12124 12233
Gather 12260 12275 0
Barrier 12292 12339
Scatter 12350 12384 -1 0
Barrier 12423 12427
Gatherv 12466 12473 0
Barrier 12478 12615
Scatterv 12627 12660 -1 0
Barrier 12711 12821
Barrier 12898 12902
Ireduce 12934 12949 0
Barrier 12960 13016
Igather 13023 13028 0
Barrier 13034 13092
Iscatter 13098 13099 -1 0
Barrier 13173 13210
Igatherv 13236 13241 0
Barrier 13247 13413
Iscatterv 13427 13428 -1 0
Barrier 13477 13507
Finalize 13510 18046
