SYSTEM_START_US: 1775662103954143
Bcast 767319 767322 -1 0
Bcast 767344 767346 -1 0
Bcast 767358 767359 -1 0
Bcast 829351 829358 -1 0
Bcast 829371 829371 -1 0
Scatterv 829390 829405 -1 0
Scatterv 829416 831081 -1 0
Allgatherv 831115 831826 -2 0 1 3 4
Allgatherv 831873 831885 -2 0 1 3 4
Allreduce 831910 832003 -2 0 1 3 4
Allgatherv 832062 832115 -2 0 1 3 4
Allreduce 832135 832161 -2 0 1 3 4
Allgatherv 832207 832217 -2 0 1 3 4
Allreduce 832243 832247 -2 0 1 3 4
Allgatherv 832303 832338 -2 0 1 3 4
Allreduce 832349 832361 -2 0 1 3 4
Allgatherv 832408 832413 -2 0 1 3 4
Allreduce 832440 832444 -2 0 1 3 4
Allgatherv 832471 832490 -2 0 1 3 4
Allreduce 832503 832514 -2 0 1 3 4
Allgatherv 832559 832601 -2 0 1 3 4
Allreduce 832612 832628 -2 0 1 3 4
Allgatherv 832652 832675 -2 0 1 3 4
Allreduce 832686 832705 -2 0 1 3 4
Allgatherv 832729 832754 -2 0 1 3 4
Allreduce 832765 832782 -2 0 1 3 4
Allgatherv 832806 832832 -2 0 1 3 4
Allreduce 832843 832857 -2 0 1 3 4
Allgatherv 832881 832905 -2 0 1 3 4
Allreduce 832945 832986 -2 0 1 3 4
Allgatherv 833011 833045 -2 0 1 3 4
Allreduce 833055 833070 -2 0 1 3 4
Allgatherv 833094 833120 -2 0 1 3 4
Allreduce 833130 833146 -2 0 1 3 4
Allgatherv 833169 833192 -2 0 1 3 4
Allreduce 833202 833213 -2 0 1 3 4
Allgatherv 833237 833275 -2 0 1 3 4
Allreduce 833286 833298 -2 0 1 3 4
Allgatherv 833320 833342 -2 0 1 3 4
Allreduce 833352 833362 -2 0 1 3 4
Allgatherv 833384 833406 -2 0 1 3 4
Allreduce 833416 833426 -2 0 1 3 4
Allgatherv 833448 833478 -2 0 1 3 4
Allreduce 833531 833586 -2 0 1 3 4
Allgatherv 833616 833631 -2 0 1 3 4
Allreduce 833642 833652 -2 0 1 3 4
Allgatherv 833674 833699 -2 0 1 3 4
Allreduce 833709 833722 -2 0 1 3 4
Allgatherv 833795 833801 -2 0 1 3 4
Allreduce 833821 833831 -2 0 1 3 4
Allgatherv 833871 833879 -2 0 1 3 4
Allreduce 833896 833907 -2 0 1 3 4
Allgatherv 833946 833953 -2 0 1 3 4
Allreduce 833970 833974 -2 0 1 3 4
Allgatherv 834013 834019 -2 0 1 3 4
Allreduce 834036 834038 -2 0 1 3 4
Allgatherv 834175 834455 -2 0 1 3 4
Allreduce 834504 834510 -2 0 1 3 4
Allgatherv 834551 834558 -2 0 1 3 4
Allreduce 834579 834804 -2 0 1 3 4
Allgatherv 834868 835009 -2 0 1 3 4
Allreduce 835060 835064 -2 0 1 3 4
Allgatherv 835106 835123 -2 0 1 3 4
Allreduce 835141 835145 -2 0 1 3 4
Allgatherv 835370 835481 -2 0 1 3 4
Allreduce 835504 835523 -2 0 1 3 4
Allgatherv 835570 835595 -2 0 1 3 4
Allreduce 835623 835662 -2 0 1 3 4
Allgatherv 835708 835764 -2 0 1 3 4
Allreduce 835785 835892 -2 0 1 3 4
Allgatherv 835935 835945 -2 0 1 3 4
Allreduce 835964 835977 -2 0 1 3 4
Allgatherv 836017 836022 -2 0 1 3 4
Allreduce 836039 836045 -2 0 1 3 4
Allgatherv 836084 836091 -2 0 1 3 4
Allreduce 836108 836121 -2 0 1 3 4
Allgatherv 836213 836243 -2 0 1 3 4
Allreduce 836292 836296 -2 0 1 3 4
Allgatherv 836343 836364 -2 0 1 3 4
Allreduce 836383 836470 -2 0 1 3 4
Allgatherv 836605 836612 -2 0 1 3 4
Allreduce 836631 836651 -2 0 1 3 4
Allgatherv 836692 836715 -2 0 1 3 4
Allreduce 836741 836749 -2 0 1 3 4
Allgatherv 836790 836796 -2 0 1 3 4
Allreduce 836815 836825 -2 0 1 3 4
Allgatherv 836866 836938 -2 0 1 3 4
Allreduce 836962 836965 -2 0 1 3 4
Allgatherv 837006 837028 -2 0 1 3 4
Allreduce 837048 837064 -2 0 1 3 4
Allgatherv 837119 837130 -2 0 1 3 4
Allreduce 837151 837167 -2 0 1 3 4
Allgatherv 837208 837220 -2 0 1 3 4
Allreduce 837238 837247 -2 0 1 3 4
Allgatherv 837288 837295 -2 0 1 3 4
Allreduce 837502 837530 -2 0 1 3 4
Allgatherv 837556 837588 -2 0 1 3 4
Allreduce 837600 837615 -2 0 1 3 4
Allgatherv 837637 837659 -2 0 1 3 4
Allreduce 837668 837680 -2 0 1 3 4
Allgatherv 837703 837731 -2 0 1 3 4
Allreduce 837742 837759 -2 0 1 3 4
Allgatherv 837803 837821 -2 0 1 3 4
Allreduce 837845 837869 -2 0 1 3 4
Allgatherv 837906 837925 -2 0 1 3 4
Allreduce 837936 837945 -2 0 1 3 4
Allgatherv 837968 837992 -2 0 1 3 4
Allreduce 838005 838021 -2 0 1 3 4
Allgatherv 838044 838068 -2 0 1 3 4
Allreduce 838078 838094 -2 0 1 3 4
Allgatherv 838117 838143 -2 0 1 3 4
Allreduce 838154 838171 -2 0 1 3 4
Allgatherv 838195 838217 -2 0 1 3 4
Allreduce 838227 838239 -2 0 1 3 4
Allgatherv 838275 838319 -2 0 1 3 4
Allreduce 838347 838350 -2 0 1 3 4
Allgatherv 838393 838398 -2 0 1 3 4
Allreduce 838417 838423 -2 0 1 3 4
Allgatherv 838464 838470 -2 0 1 3 4
Allreduce 838488 838491 -2 0 1 3 4
Allgatherv 838532 838538 -2 0 1 3 4
Allreduce 838556 838572 -2 0 1 3 4
Allgatherv 838612 838629 -2 0 1 3 4
Allreduce 838647 838650 -2 0 1 3 4
Allgatherv 838694 838697 -2 0 1 3 4
Allreduce 838715 838721 -2 0 1 3 4
Allgatherv 838766 838783 -2 0 1 3 4
Allreduce 838802 838804 -2 0 1 3 4
Allgatherv 838847 838857 -2 0 1 3 4
Allreduce 838875 838935 -2 0 1 3 4
Allgatherv 838978 839007 -2 0 1 3 4
Allreduce 839026 839052 -2 0 1 3 4
Allgatherv 839095 839112 -2 0 1 3 4
Allreduce 839132 839145 -2 0 1 3 4
Allgatherv 839186 839191 -2 0 1 3 4
Allreduce 839209 839236 -2 0 1 3 4
Allgatherv 839276 839287 -2 0 1 3 4
Allreduce 839304 839316 -2 0 1 3 4
Allgatherv 839356 839365 -2 0 1 3 4
Allreduce 839382 839390 -2 0 1 3 4
Allgatherv 839429 839434 -2 0 1 3 4
Allreduce 839453 839465 -2 0 1 3 4
Allgatherv 839781 839788 -2 0 1 3 4
Allreduce 839805 839817 -2 0 1 3 4
Allgatherv 839858 839861 -2 0 1 3 4
Allreduce 839878 839881 -2 0 1 3 4
Allgatherv 839920 839923 -2 0 1 3 4
Allreduce 839940 839942 -2 0 1 3 4
Allgatherv 839981 839984 -2 0 1 3 4
Allreduce 840001 840003 -2 0 1 3 4
Allgatherv 840042 840046 -2 0 1 3 4
Allreduce 840063 840071 -2 0 1 3 4
Allgatherv 840109 840113 -2 0 1 3 4
Allreduce 840132 840177 -2 0 1 3 4
Allgatherv 840217 840230 -2 0 1 3 4
Allreduce 840248 840283 -2 0 1 3 4
Allgatherv 840323 840328 -2 0 1 3 4
Allreduce 840348 840358 -2 0 1 3 4
Allgatherv 840398 840428 -2 0 1 3 4
Allreduce 840445 840466 -2 0 1 3 4
Allgatherv 840506 840522 -2 0 1 3 4
Allreduce 840541 840554 -2 0 1 3 4
Allgatherv 840597 840606 -2 0 1 3 4
Allreduce 840623 840636 -2 0 1 3 4
Allgatherv 840677 840686 -2 0 1 3 4
Allreduce 840704 840722 -2 0 1 3 4
Allgatherv 840763 840776 -2 0 1 3 4
Allreduce 840794 840803 -2 0 1 3 4
Allgatherv 840843 840854 -2 0 1 3 4
Allreduce 840871 840885 -2 0 1 3 4
Allgatherv 840925 840938 -2 0 1 3 4
Allreduce 840956 840969 -2 0 1 3 4
Allgatherv 841010 841025 -2 0 1 3 4
Allreduce 841043 841059 -2 0 1 3 4
Allgatherv 841101 841114 -2 0 1 3 4
Allreduce 841133 841147 -2 0 1 3 4
Allgatherv 841188 841204 -2 0 1 3 4
Allreduce 841223 841225 -2 0 1 3 4
Allgatherv 841265 841283 -2 0 1 3 4
Allreduce 841302 841309 -2 0 1 3 4
Allgatherv 841350 841355 -2 0 1 3 4
Allreduce 841373 841375 -2 0 1 3 4
Allgatherv 841416 841420 -2 0 1 3 4
Allreduce 841438 841440 -2 0 1 3 4
Allgatherv 841481 841496 -2 0 1 3 4
Allreduce 841514 841517 -2 0 1 3 4
Allgatherv 841558 841562 -2 0 1 3 4
Allreduce 841580 841582 -2 0 1 3 4
Allgatherv 841623 841627 -2 0 1 3 4
Allreduce 841645 841647 -2 0 1 3 4
Allgatherv 841688 841697 -2 0 1 3 4
Allreduce 841718 841722 -2 0 1 3 4
Allgatherv 841764 841771 -2 0 1 3 4
Allreduce 841788 841796 -2 0 1 3 4
Allgatherv 841837 841841 -2 0 1 3 4
Allreduce 841859 841861 -2 0 1 3 4
Allgatherv 841903 841911 -2 0 1 3 4
Allreduce 841930 841934 -2 0 1 3 4
Allgatherv 841975 841979 -2 0 1 3 4
Allreduce 841997 841999 -2 0 1 3 4
Allgatherv 842040 842044 -2 0 1 3 4
Allreduce 842062 842065 -2 0 1 3 4
Allgatherv 842106 842109 -2 0 1 3 4
Allreduce 842129 842152 -2 0 1 3 4
Allgatherv 842195 842200 -2 0 1 3 4
Allreduce 842218 842235 -2 0 1 3 4
Allgatherv 842277 842289 -2 0 1 3 4
Allreduce 842307 842331 -2 0 1 3 4
Allgatherv 842373 842389 -2 0 1 3 4
Allreduce 842409 842421 -2 0 1 3 4
Allgatherv 842463 842490 -2 0 1 3 4
Allreduce 842509 842523 -2 0 1 3 4
Allgatherv 843072 843211 -2 0 1 3 4
Allreduce 843244 843257 -2 0 1 3 4
Allgatherv 843301 843304 -2 0 1 3 4
Allreduce 843324 843327 -2 0 1 3 4
Allgatherv 843370 843375 -2 0 1 3 4
Allreduce 843394 843398 -2 0 1 3 4
Allgatherv 843440 843444 -2 0 1 3 4
Allreduce 843462 843465 -2 0 1 3 4
Allgatherv 843507 843511 -2 0 1 3 4
Allreduce 843531 843533 -2 0 1 3 4
Allgatherv 843576 843586 -2 0 1 3 4
Allreduce 843605 843608 -2 0 1 3 4
Allgatherv 843650 843658 -2 0 1 3 4
Allreduce 843675 843680 -2 0 1 3 4
Allgatherv 843725 843729 -2 0 1 3 4
Allreduce 843748 843750 -2 0 1 3 4
Allgatherv 843793 843802 -2 0 1 3 4
Allreduce 843820 843824 -2 0 1 3 4
Allgatherv 843867 843870 -2 0 1 3 4
Allreduce 843889 843891 -2 0 1 3 4
Allgatherv 843934 843937 -2 0 1 3 4
Allreduce 843957 843960 -2 0 1 3 4
Allgatherv 844002 844007 -2 0 1 3 4
Allreduce 844026 844030 -2 0 1 3 4
Allgatherv 844073 844076 -2 0 1 3 4
Allreduce 844095 844098 -2 0 1 3 4
Allgatherv 844144 844171 -2 0 1 3 4
Allreduce 844190 844200 -2 0 1 3 4
Allgatherv 844243 844247 -2 0 1 3 4
Allreduce 844265 844281 -2 0 1 3 4
Allgatherv 844340 844363 -2 0 1 3 4
Allreduce 844382 844395 -2 0 1 3 4
Allgatherv 844439 844462 -2 0 1 3 4
Allreduce 844481 844498 -2 0 1 3 4
Allgatherv 844542 844558 -2 0 1 3 4
Allreduce 844577 844591 -2 0 1 3 4
Allgatherv 844635 844643 -2 0 1 3 4
Allreduce 844662 844672 -2 0 1 3 4
Allgatherv 844720 844731 -2 0 1 3 4
Allreduce 844751 844767 -2 0 1 3 4
Allgatherv 844812 844823 -2 0 1 3 4
Allreduce 844843 844858 -2 0 1 3 4
Allgatherv 844902 844915 -2 0 1 3 4
Allreduce 844935 844950 -2 0 1 3 4
Allgatherv 844996 845007 -2 0 1 3 4
Allreduce 845027 845041 -2 0 1 3 4
Allgatherv 845085 845097 -2 0 1 3 4
Allreduce 845116 845132 -2 0 1 3 4
Allgatherv 845178 845198 -2 0 1 3 4
Allreduce 845220 845228 -2 0 1 3 4
Allgatherv 845272 845275 -2 0 1 3 4
Allreduce 845294 845310 -2 0 1 3 4
Allgatherv 845353 845356 -2 0 1 3 4
Allreduce 845374 845377 -2 0 1 3 4
Allgatherv 845419 845423 -2 0 1 3 4
Allreduce 845443 845445 -2 0 1 3 4
Allgatherv 845488 845491 -2 0 1 3 4
Allreduce 845510 845514 -2 0 1 3 4
Allgatherv 845557 845561 -2 0 1 3 4
Allreduce 845579 845582 -2 0 1 3 4
Allgatherv 845625 845628 -2 0 1 3 4
Allreduce 845647 845649 -2 0 1 3 4
Allgatherv 845693 845697 -2 0 1 3 4
Allreduce 845718 845720 -2 0 1 3 4
Allgatherv 845763 845766 -2 0 1 3 4
Allreduce 845785 845787 -2 0 1 3 4
Allgatherv 845829 845833 -2 0 1 3 4
Allreduce 845851 845854 -2 0 1 3 4
Allgatherv 845896 845900 -2 0 1 3 4
Allreduce 845918 845921 -2 0 1 3 4
Allgatherv 845963 845966 -2 0 1 3 4
Allreduce 845984 845987 -2 0 1 3 4
Allgatherv 846029 846033 -2 0 1 3 4
Allreduce 846053 846055 -2 0 1 3 4
Allgatherv 846098 846101 -2 0 1 3 4
Allreduce 846120 846124 -2 0 1 3 4
Allgatherv 846170 846190 -2 0 1 3 4
Allreduce 846207 846226 -2 0 1 3 4
Allgatherv 846269 846285 -2 0 1 3 4
Allreduce 846306 846328 -2 0 1 3 4
Allgatherv 846371 846388 -2 0 1 3 4
Allreduce 846407 846422 -2 0 1 3 4
Allgatherv 846465 846478 -2 0 1 3 4
Allreduce 846497 846512 -2 0 1 3 4
Allgatherv 846555 846570 -2 0 1 3 4
Allreduce 846589 846598 -2 0 1 3 4
Allgatherv 846641 846649 -2 0 1 3 4
Allreduce 846667 846682 -2 0 1 3 4
Allgatherv 846727 846740 -2 0 1 3 4
Allreduce 846759 846773 -2 0 1 3 4
Allgatherv 846818 846831 -2 0 1 3 4
Allreduce 846850 846866 -2 0 1 3 4
Allgatherv 846909 846923 -2 0 1 3 4
Allreduce 846942 846956 -2 0 1 3 4
Allgatherv 846998 847014 -2 0 1 3 4
Allreduce 847033 847045 -2 0 1 3 4
Allgatherv 847088 847099 -2 0 1 3 4
Allreduce 847120 847134 -2 0 1 3 4
Allgatherv 847177 847181 -2 0 1 3 4
Allreduce 847199 847202 -2 0 1 3 4
Allgatherv 847244 847248 -2 0 1 3 4
Allreduce 847266 847269 -2 0 1 3 4
Allgatherv 847311 847314 -2 0 1 3 4
Allreduce 847333 847335 -2 0 1 3 4
Allgatherv 847378 847381 -2 0 1 3 4
Allreduce 848030 848058 -2 0 1 3 4
Allgatherv 848103 848107 -2 0 1 3 4
Allreduce 848127 848148 -2 0 1 3 4
Allgatherv 848192 848196 -2 0 1 3 4
Allreduce 848215 848240 -2 0 1 3 4
Allgatherv 848282 848293 -2 0 1 3 4
Allreduce 848312 848331 -2 0 1 3 4
Allgatherv 848374 848378 -2 0 1 3 4
Allreduce 848397 848399 -2 0 1 3 4
Allgatherv 848441 848445 -2 0 1 3 4
Allreduce 848463 848466 -2 0 1 3 4
Allgatherv 848508 848512 -2 0 1 3 4
Allreduce 848531 848534 -2 0 1 3 4
Allgatherv 848576 848580 -2 0 1 3 4
Allreduce 848599 848603 -2 0 1 3 4
Allgatherv 848645 848649 -2 0 1 3 4
Allreduce 848667 848671 -2 0 1 3 4
Allgatherv 848716 848720 -2 0 1 3 4
Allreduce 848738 848741 -2 0 1 3 4
Allgatherv 848785 848788 -2 0 1 3 4
Allreduce 848807 848809 -2 0 1 3 4
Allgatherv 848852 848855 -2 0 1 3 4
Allreduce 848873 848876 -2 0 1 3 4
Allgatherv 848918 848921 -2 0 1 3 4
Allreduce 848940 848942 -2 0 1 3 4
Allgatherv 848985 848988 -2 0 1 3 4
Allreduce 849006 849009 -2 0 1 3 4
Allgatherv 849052 849055 -2 0 1 3 4
Allreduce 849074 849076 -2 0 1 3 4
Allgatherv 849120 849124 -2 0 1 3 4
Allreduce 849142 849145 -2 0 1 3 4
Allgatherv 849187 849191 -2 0 1 3 4
Allreduce 849209 849213 -2 0 1 3 4
Allgatherv 849256 849261 -2 0 1 3 4
Allreduce 849293 849295 -2 0 1 3 4
Allgatherv 849339 849343 -2 0 1 3 4
Allreduce 849361 849364 -2 0 1 3 4
Allgatherv 849409 849413 -2 0 1 3 4
Allreduce 849432 849434 -2 0 1 3 4
Allgatherv 849478 849482 -2 0 1 3 4
Allreduce 849500 849503 -2 0 1 3 4
Allgatherv 849547 849550 -2 0 1 3 4
Allreduce 849569 849572 -2 0 1 3 4
Allgatherv 849616 849619 -2 0 1 3 4
Allreduce 849638 849641 -2 0 1 3 4
Allgatherv 849684 849688 -2 0 1 3 4
Allreduce 849784 849788 -2 0 1 3 4
Allgatherv 849836 849859 -2 0 1 3 4
Allreduce 849877 849888 -2 0 1 3 4
Allgatherv 849932 849939 -2 0 1 3 4
Allreduce 849958 849962 -2 0 1 3 4
Allgatherv 850034 850041 -2 0 1 3 4
Allreduce 850064 850067 -2 0 1 3 4
Allgatherv 850112 850116 -2 0 1 3 4
Allreduce 850137 850140 -2 0 1 3 4
Allgatherv 850211 850217 -2 0 1 3 4
Allreduce 850265 850270 -2 0 1 3 4
Allgatherv 850313 850344 -2 0 1 3 4
Allreduce 850368 850391 -2 0 1 3 4
Allgatherv 850436 850457 -2 0 1 3 4
Allreduce 850476 850493 -2 0 1 3 4
Allgatherv 850565 850570 -2 0 1 3 4
Allreduce 850593 850604 -2 0 1 3 4
Allgatherv 850648 850656 -2 0 1 3 4
Allreduce 850678 850683 -2 0 1 3 4
Allgatherv 850731 850755 -2 0 1 3 4
Allreduce 850775 850792 -2 0 1 3 4
Allgatherv 850995 851003 -2 0 1 3 4
Allreduce 851025 851038 -2 0 1 3 4
Allgatherv 851464 851473 -2 0 1 3 4
Allreduce 851496 851518 -2 0 1 3 4
Allgatherv 851585 851592 -2 0 1 3 4
Allreduce 851623 851626 -2 0 1 3 4
Allgatherv 851795 851801 -2 0 1 3 4
Allreduce 851827 851842 -2 0 1 3 4
Allgatherv 851895 851900 -2 0 1 3 4
Allreduce 851927 851934 -2 0 1 3 4
Allgatherv 851986 852006 -2 0 1 3 4
Allreduce 852037 852050 -2 0 1 3 4
Allgatherv 852103 852115 -2 0 1 3 4
Allreduce 852146 852428 -2 0 1 3 4
Allgatherv 852539 852586 -2 0 1 3 4
Allreduce 852614 852686 -2 0 1 3 4
Allgatherv 852790 852936 -2 0 1 3 4
Allreduce 852964 852988 -2 0 1 3 4
Allgatherv 853029 853070 -2 0 1 3 4
Allreduce 853092 853104 -2 0 1 3 4
Allgatherv 853144 853163 -2 0 1 3 4
Allreduce 853183 853193 -2 0 1 3 4
Allgatherv 853232 853247 -2 0 1 3 4
Allreduce 853266 853278 -2 0 1 3 4
Allgatherv 853331 853337 -2 0 1 3 4
Allreduce 853355 853363 -2 0 1 3 4
Allgatherv 853399 853414 -2 0 1 3 4
Allreduce 853432 853443 -2 0 1 3 4
Allgatherv 853482 853491 -2 0 1 3 4
Allreduce 853508 853520 -2 0 1 3 4
Allgatherv 853561 853624 -2 0 1 3 4
Allreduce 853650 853652 -2 0 1 3 4
Allgatherv 853695 853710 -2 0 1 3 4
Allreduce 853727 853730 -2 0 1 3 4
Allgatherv 853771 853774 -2 0 1 3 4
Allreduce 853792 853796 -2 0 1 3 4
Allgatherv 853840 853844 -2 0 1 3 4
Allreduce 853862 853866 -2 0 1 3 4
Allgatherv 853906 853910 -2 0 1 3 4
Allreduce 853927 853932 -2 0 1 3 4
Allgatherv 853987 854031 -2 0 1 3 4
Allreduce 854058 854061 -2 0 1 3 4
Allgatherv 854103 854107 -2 0 1 3 4
Allreduce 854125 854127 -2 0 1 3 4
Allgatherv 854168 854171 -2 0 1 3 4
Allreduce 854209 854285 -2 0 1 3 4
Allgatherv 854330 854339 -2 0 1 3 4
Allreduce 854358 854373 -2 0 1 3 4
Allgatherv 854413 854436 -2 0 1 3 4
Allreduce 854460 854494 -2 0 1 3 4
Allgatherv 854540 854594 -2 0 1 3 4
Allreduce 854613 854626 -2 0 1 3 4
Allgatherv 854668 854681 -2 0 1 3 4
Allreduce 854699 854708 -2 0 1 3 4
Allgatherv 854748 854757 -2 0 1 3 4
Allreduce 854774 854792 -2 0 1 3 4
Allgatherv 854836 854849 -2 0 1 3 4
Allreduce 854868 854878 -2 0 1 3 4
Allgatherv 854918 854925 -2 0 1 3 4
Allreduce 854957 854975 -2 0 1 3 4
Allgatherv 855021 855043 -2 0 1 3 4
Allreduce 855072 855084 -2 0 1 3 4
Allgatherv 855123 855134 -2 0 1 3 4
Allreduce 855152 855165 -2 0 1 3 4
Allgatherv 855205 855220 -2 0 1 3 4
Allreduce 855239 855265 -2 0 1 3 4
Allgatherv 855306 855311 -2 0 1 3 4
Allreduce 855331 855339 -2 0 1 3 4
Allgatherv 855379 855386 -2 0 1 3 4
Allreduce 855404 855416 -2 0 1 3 4
Allgatherv 855459 855463 -2 0 1 3 4
Allreduce 855481 855483 -2 0 1 3 4
Allgatherv 855523 855527 -2 0 1 3 4
Allreduce 855544 855546 -2 0 1 3 4
Allgatherv 855587 855590 -2 0 1 3 4
Allreduce 855608 855611 -2 0 1 3 4
Allgatherv 855651 855655 -2 0 1 3 4
Allreduce 855672 855675 -2 0 1 3 4
Allgatherv 855715 855718 -2 0 1 3 4
Allreduce 855736 855738 -2 0 1 3 4
Allgatherv 855778 855782 -2 0 1 3 4
Allreduce 855799 855801 -2 0 1 3 4
Allgatherv 855847 855851 -2 0 1 3 4
Allreduce 855868 855871 -2 0 1 3 4
Allgatherv 855911 855915 -2 0 1 3 4
Allreduce 855934 855936 -2 0 1 3 4
Allgatherv 855976 855993 -2 0 1 3 4
Allreduce 856013 856015 -2 0 1 3 4
Allgatherv 856055 856059 -2 0 1 3 4
Allreduce 856076 856079 -2 0 1 3 4
Allgatherv 856119 856122 -2 0 1 3 4
Allreduce 857192 857361 -2 0 1 3 4
Allgatherv 857404 857417 -2 0 1 3 4
Allreduce 857436 857448 -2 0 1 3 4
Allgatherv 857490 857496 -2 0 1 3 4
Allreduce 857514 857519 -2 0 1 3 4
Allgatherv 857560 857565 -2 0 1 3 4
Allreduce 857585 857587 -2 0 1 3 4
Allgatherv 857628 857632 -2 0 1 3 4
Allreduce 857650 857653 -2 0 1 3 4
Allgatherv 857695 857698 -2 0 1 3 4
Allreduce 857716 857719 -2 0 1 3 4
Allgatherv 857760 857764 -2 0 1 3 4
Allreduce 857782 857785 -2 0 1 3 4
Allgatherv 857829 857835 -2 0 1 3 4
Allreduce 857853 857856 -2 0 1 3 4
Allgatherv 857897 857902 -2 0 1 3 4
Allreduce 857922 857924 -2 0 1 3 4
Allgatherv 857965 857969 -2 0 1 3 4
Allreduce 857987 857990 -2 0 1 3 4
Allgatherv 858032 858035 -2 0 1 3 4
Allreduce 858053 858056 -2 0 1 3 4
Allgatherv 858097 858102 -2 0 1 3 4
Allreduce 858120 858152 -2 0 1 3 4
Allgatherv 858194 858201 -2 0 1 3 4
Allreduce 858221 858223 -2 0 1 3 4
Allgatherv 858264 858283 -2 0 1 3 4
Allreduce 858301 858317 -2 0 1 3 4
Allgatherv 858360 858388 -2 0 1 3 4
Allreduce 858407 858431 -2 0 1 3 4
Allgatherv 858474 858487 -2 0 1 3 4
Allreduce 858505 858519 -2 0 1 3 4
Allgatherv 858561 858576 -2 0 1 3 4
Allreduce 858595 858607 -2 0 1 3 4
Allgatherv 858650 858657 -2 0 1 3 4
Allreduce 858677 858686 -2 0 1 3 4
Allgatherv 858729 858740 -2 0 1 3 4
Allreduce 858759 858768 -2 0 1 3 4
Allgatherv 858823 858829 -2 0 1 3 4
Allreduce 858843 858861 -2 0 1 3 4
Allgatherv 858885 858916 -2 0 1 3 4
Allreduce 858926 858949 -2 0 1 3 4
Allgatherv 858973 859010 -2 0 1 3 4
Allreduce 859020 859039 -2 0 1 3 4
Allgatherv 859063 859091 -2 0 1 3 4
Allreduce 859101 859125 -2 0 1 3 4
Allgatherv 859149 859183 -2 0 1 3 4
Allreduce 859193 859206 -2 0 1 3 4
Allgatherv 859229 859252 -2 0 1 3 4
Allreduce 859262 859275 -2 0 1 3 4
Allgatherv 859299 859322 -2 0 1 3 4
Allreduce 859331 859344 -2 0 1 3 4
Allgatherv 859369 859390 -2 0 1 3 4
Allreduce 859400 859412 -2 0 1 3 4
Allgatherv 859436 859459 -2 0 1 3 4
Allreduce 859469 859481 -2 0 1 3 4
Allgatherv 859505 859527 -2 0 1 3 4
Allreduce 859537 859548 -2 0 1 3 4
Allgatherv 859572 859597 -2 0 1 3 4
Allreduce 859606 859619 -2 0 1 3 4
Allgatherv 859642 859665 -2 0 1 3 4
Allreduce 859675 859687 -2 0 1 3 4
Allgatherv 859711 859734 -2 0 1 3 4
Allreduce 859743 859756 -2 0 1 3 4
Allgatherv 859779 859805 -2 0 1 3 4
Allreduce 859815 859829 -2 0 1 3 4
Allgatherv 859852 859875 -2 0 1 3 4
Allreduce 859885 859897 -2 0 1 3 4
Allgatherv 859921 859944 -2 0 1 3 4
Allreduce 859955 859966 -2 0 1 3 4
Allgatherv 859990 860013 -2 0 1 3 4
Allreduce 860022 860034 -2 0 1 3 4
Allgatherv 860058 860081 -2 0 1 3 4
Allreduce 860090 860103 -2 0 1 3 4
Allgatherv 860127 860167 -2 0 1 3 4
Allreduce 860193 860197 -2 0 1 3 4
Allgatherv 860243 860252 -2 0 1 3 4
Allreduce 860266 860288 -2 0 1 3 4
Allgatherv 860333 860356 -2 0 1 3 4
Allreduce 860377 860395 -2 0 1 3 4
Allgatherv 860420 860451 -2 0 1 3 4
Allreduce 860461 860484 -2 0 1 3 4
Allgatherv 860508 860543 -2 0 1 3 4
Allreduce 860552 860574 -2 0 1 3 4
Allgatherv 860598 860624 -2 0 1 3 4
Allreduce 860634 860655 -2 0 1 3 4
Allgatherv 860678 860709 -2 0 1 3 4
Allreduce 860720 860738 -2 0 1 3 4
Allgatherv 860762 860800 -2 0 1 3 4
Allreduce 860811 860850 -2 0 1 3 4
Allgatherv 860898 860910 -2 0 1 3 4
Allreduce 860930 860943 -2 0 1 3 4
Allgatherv 860985 861001 -2 0 1 3 4
Allreduce 861020 861032 -2 0 1 3 4
Allgatherv 861074 861086 -2 0 1 3 4
Allreduce 861105 861118 -2 0 1 3 4
Allgatherv 861159 861175 -2 0 1 3 4
Allreduce 861194 861198 -2 0 1 3 4
Allgatherv 861253 861257 -2 0 1 3 4
Allreduce 861276 861281 -2 0 1 3 4
Allgatherv 861325 861329 -2 0 1 3 4
Allreduce 861348 861351 -2 0 1 3 4
Allgatherv 861394 861399 -2 0 1 3 4
Allreduce 861418 861420 -2 0 1 3 4
Allgatherv 861465 861469 -2 0 1 3 4
Allreduce 861488 861492 -2 0 1 3 4
Allgatherv 861536 861540 -2 0 1 3 4
Allreduce 861560 861563 -2 0 1 3 4
Allgatherv 861606 861610 -2 0 1 3 4
Allreduce 861629 861632 -2 0 1 3 4
Allgatherv 861676 861680 -2 0 1 3 4
Allreduce 861699 861703 -2 0 1 3 4
Allgatherv 861747 861751 -2 0 1 3 4
Allreduce 861770 861773 -2 0 1 3 4
Allgatherv 861817 861821 -2 0 1 3 4
Allreduce 861840 861843 -2 0 1 3 4
Allgatherv 861887 861891 -2 0 1 3 4
Allreduce 861913 861918 -2 0 1 3 4
Allgatherv 861961 861966 -2 0 1 3 4
Allreduce 861985 861987 -2 0 1 3 4
Allgatherv 862031 862035 -2 0 1 3 4
Allreduce 862055 862058 -2 0 1 3 4
Allgatherv 862102 862106 -2 0 1 3 4
Allreduce 862125 862148 -2 0 1 3 4
Allgatherv 862192 862208 -2 0 1 3 4
Allreduce 862228 862231 -2 0 1 3 4
Allgatherv 862275 862280 -2 0 1 3 4
Allreduce 862299 862302 -2 0 1 3 4
Allgatherv 862345 862350 -2 0 1 3 4
Allreduce 862369 862374 -2 0 1 3 4
Allgatherv 862418 862422 -2 0 1 3 4
Allreduce 862440 862443 -2 0 1 3 4
Allgatherv 862487 862491 -2 0 1 3 4
Allreduce 862510 862516 -2 0 1 3 4
Allgatherv 862559 862563 -2 0 1 3 4
Allreduce 862582 862585 -2 0 1 3 4
Allgatherv 862629 862633 -2 0 1 3 4
Allreduce 862652 862655 -2 0 1 3 4
Allgatherv 862699 862703 -2 0 1 3 4
Allreduce 862723 862726 -2 0 1 3 4
Allgatherv 862770 862774 -2 0 1 3 4
Allreduce 862793 862797 -2 0 1 3 4
Allgatherv 862842 862846 -2 0 1 3 4
Allreduce 862865 862869 -2 0 1 3 4
Allgatherv 862915 862919 -2 0 1 3 4
Allreduce 862938 862941 -2 0 1 3 4
Allgatherv 862985 862991 -2 0 1 3 4
Allreduce 863011 863013 -2 0 1 3 4
Allgatherv 863057 863062 -2 0 1 3 4
Allreduce 863081 863084 -2 0 1 3 4
Allgatherv 863128 863132 -2 0 1 3 4
Allreduce 863151 863156 -2 0 1 3 4
Allgatherv 863200 863204 -2 0 1 3 4
Allreduce 863223 863226 -2 0 1 3 4
Allgatherv 863269 863273 -2 0 1 3 4
Allreduce 863292 863295 -2 0 1 3 4
Allgatherv 863340 863344 -2 0 1 3 4
Allreduce 863363 863367 -2 0 1 3 4
Allgatherv 863411 863415 -2 0 1 3 4
Allreduce 863433 863437 -2 0 1 3 4
Allgatherv 863482 863486 -2 0 1 3 4
Allreduce 863505 863509 -2 0 1 3 4
Allgatherv 863552 863556 -2 0 1 3 4
Allreduce 863575 863578 -2 0 1 3 4
Allgatherv 863621 863628 -2 0 1 3 4
Allreduce 863647 863650 -2 0 1 3 4
Allgatherv 863693 863698 -2 0 1 3 4
Allreduce 863717 863720 -2 0 1 3 4
Allgatherv 863764 863770 -2 0 1 3 4
Allreduce 863789 863798 -2 0 1 3 4
Allgatherv 863843 863847 -2 0 1 3 4
Allreduce 863866 863870 -2 0 1 3 4
Allgatherv 863916 863928 -2 0 1 3 4
Allreduce 863948 863951 -2 0 1 3 4
Allgatherv 863994 863998 -2 0 1 3 4
Allreduce 864017 864020 -2 0 1 3 4
Allgatherv 864064 864068 -2 0 1 3 4
Allreduce 864087 864091 -2 0 1 3 4
Allgatherv 864135 864139 -2 0 1 3 4
Allreduce 864157 864160 -2 0 1 3 4
Allgatherv 864204 864215 -2 0 1 3 4
Allreduce 864233 864257 -2 0 1 3 4
Allgatherv 864301 864322 -2 0 1 3 4
Allreduce 864341 864366 -2 0 1 3 4
Allgatherv 864410 864433 -2 0 1 3 4
Allreduce 864452 864468 -2 0 1 3 4
Allgatherv 864511 864527 -2 0 1 3 4
Allreduce 864547 864559 -2 0 1 3 4
Allgatherv 864602 864612 -2 0 1 3 4
Allreduce 864631 864641 -2 0 1 3 4
Allgatherv 864683 864698 -2 0 1 3 4
Allreduce 864719 864731 -2 0 1 3 4
Allgatherv 864774 864785 -2 0 1 3 4
Allreduce 864804 864818 -2 0 1 3 4
Allgatherv 864861 864877 -2 0 1 3 4
Allreduce 864900 864994 -2 0 1 3 4
Allgatherv 865051 865099 -2 0 1 3 4
Allreduce 865126 865142 -2 0 1 3 4
Allgatherv 865170 865202 -2 0 1 3 4
Allreduce 865213 865227 -2 0 1 3 4
Allgatherv 865252 865290 -2 0 1 3 4
Allreduce 865301 865311 -2 0 1 3 4
Allgatherv 865335 865359 -2 0 1 3 4
Allreduce 865370 865380 -2 0 1 3 4
Allgatherv 865405 865428 -2 0 1 3 4
Allreduce 865438 865449 -2 0 1 3 4
Allgatherv 865473 865496 -2 0 1 3 4
Allreduce 865506 865517 -2 0 1 3 4
Allgatherv 865541 865565 -2 0 1 3 4
Allreduce 865577 865586 -2 0 1 3 4
Allgatherv 865611 865633 -2 0 1 3 4
Allreduce 865644 865655 -2 0 1 3 4
Allgatherv 865679 865704 -2 0 1 3 4
Allreduce 865714 865725 -2 0 1 3 4
Allgatherv 865749 865772 -2 0 1 3 4
Allreduce 865783 865793 -2 0 1 3 4
Allgatherv 865817 865841 -2 0 1 3 4
Allreduce 865852 865864 -2 0 1 3 4
Allgatherv 865890 865915 -2 0 1 3 4
Allreduce 865926 865938 -2 0 1 3 4
Allgatherv 865962 865985 -2 0 1 3 4
Allreduce 865996 866009 -2 0 1 3 4
Allgatherv 866034 866057 -2 0 1 3 4
Allreduce 866068 866078 -2 0 1 3 4
Allgatherv 866102 866125 -2 0 1 3 4
Allreduce 866143 866146 -2 0 1 3 4
Allgatherv 866184 866201 -2 0 1 3 4
Allreduce 866229 866240 -2 0 1 3 4
Allgatherv 866303 866309 -2 0 1 3 4
Allreduce 866324 866354 -2 0 1 3 4
Allgatherv 866403 866409 -2 0 1 3 4
Allreduce 866423 866442 -2 0 1 3 4
Allgatherv 866466 866495 -2 0 1 3 4
Allreduce 866505 866527 -2 0 1 3 4
Allgatherv 866551 866579 -2 0 1 3 4
Allreduce 866590 866609 -2 0 1 3 4
Allgatherv 866633 866658 -2 0 1 3 4
Allreduce 866668 866687 -2 0 1 3 4
Allgatherv 867746 869446 -2 0 1 3 4
Allreduce 869487 869495 -2 0 1 3 4
Allgatherv 869540 869553 -2 0 1 3 4
Allreduce 869572 869589 -2 0 1 3 4
Allgatherv 869743 869751 -2 0 1 3 4
Allreduce 869772 869807 -2 0 1 3 4
Allgatherv 869868 869878 -2 0 1 3 4
Allreduce 869904 869908 -2 0 1 3 4
Allgatherv 869955 869960 -2 0 1 3 4
Allreduce 869987 869991 -2 0 1 3 4
Allgatherv 870042 870048 -2 0 1 3 4
Allreduce 870074 870077 -2 0 1 3 4
Allgatherv 870104 870128 -2 0 1 3 4
Allreduce 870202 870206 -2 0 1 3 4
Allgatherv 870266 870309 -2 0 1 3 4
Allreduce 870330 870345 -2 0 1 3 4
Allgatherv 870388 870436 -2 0 1 3 4
Allreduce 870457 870483 -2 0 1 3 4
Allgatherv 870541 870546 -2 0 1 3 4
Allreduce 870567 870570 -2 0 1 3 4
Allgatherv 870613 870617 -2 0 1 3 4
Allreduce 870636 870662 -2 0 1 3 4
Allgatherv 870705 870762 -2 0 1 3 4
Allreduce 870781 870794 -2 0 1 3 4
Allgatherv 870836 870843 -2 0 1 3 4
Allreduce 870862 870866 -2 0 1 3 4
Allgatherv 870916 870926 -2 0 1 3 4
Allreduce 870960 870964 -2 0 1 3 4
Allgatherv 871020 871026 -2 0 1 3 4
Allreduce 871045 871048 -2 0 1 3 4
Allgatherv 871091 871097 -2 0 1 3 4
Allreduce 871117 871119 -2 0 1 3 4
Allgatherv 871162 871168 -2 0 1 3 4
Allreduce 871186 871190 -2 0 1 3 4
Allgatherv 871233 871238 -2 0 1 3 4
Allreduce 871257 871260 -2 0 1 3 4
Allgatherv 871317 871323 -2 0 1 3 4
Allreduce 871340 871344 -2 0 1 3 4
Allgatherv 871385 871391 -2 0 1 3 4
Allreduce 871409 871414 -2 0 1 3 4
Allgatherv 871455 871461 -2 0 1 3 4
Allreduce 871479 871484 -2 0 1 3 4
Allgatherv 871528 871538 -2 0 1 3 4
Allreduce 871564 871572 -2 0 1 3 4
Allgatherv 871621 871634 -2 0 1 3 4
Allreduce 871657 871671 -2 0 1 3 4
Allgatherv 871717 871726 -2 0 1 3 4
Allreduce 871744 871746 -2 0 1 3 4
Allgatherv 871790 871794 -2 0 1 3 4
Allreduce 871812 871815 -2 0 1 3 4
Allgatherv 871856 871862 -2 0 1 3 4
Allreduce 871880 871883 -2 0 1 3 4
Allgatherv 871927 871931 -2 0 1 3 4
Allreduce 871948 871952 -2 0 1 3 4
Allgatherv 871998 872004 -2 0 1 3 4
Allreduce 872022 872025 -2 0 1 3 4
Allgatherv 872067 872074 -2 0 1 3 4
Allreduce 872093 872097 -2 0 1 3 4
Allgatherv 872139 872146 -2 0 1 3 4
Allreduce 872164 872179 -2 0 1 3 4
Allgatherv 872223 872232 -2 0 1 3 4
Allreduce 872250 872254 -2 0 1 3 4
Allgatherv 872297 872302 -2 0 1 3 4
Allreduce 872320 872339 -2 0 1 3 4
Allgatherv 872377 872383 -2 0 1 3 4
Allreduce 872401 872403 -2 0 1 3 4
Allgatherv 872441 872446 -2 0 1 3 4
Allreduce 872462 872464 -2 0 1 3 4
Allgatherv 872502 872507 -2 0 1 3 4
Allreduce 872525 872527 -2 0 1 3 4
Allgatherv 872565 872570 -2 0 1 3 4
Allreduce 872586 872589 -2 0 1 3 4
Allgatherv 872627 872632 -2 0 1 3 4
Allreduce 872649 872651 -2 0 1 3 4
Allgatherv 872689 872696 -2 0 1 3 4
Allreduce 872713 872716 -2 0 1 3 4
Allgatherv 872754 872759 -2 0 1 3 4
Allreduce 872776 872778 -2 0 1 3 4
Allgatherv 872816 872821 -2 0 1 3 4
Allreduce 872837 872840 -2 0 1 3 4
Allgatherv 872878 872884 -2 0 1 3 4
Allreduce 872900 872902 -2 0 1 3 4
Allgatherv 872940 872945 -2 0 1 3 4
Allreduce 872963 872965 -2 0 1 3 4
Allgatherv 873006 873011 -2 0 1 3 4
Allreduce 873028 873030 -2 0 1 3 4
Allgatherv 873068 873073 -2 0 1 3 4
Allreduce 873091 873093 -2 0 1 3 4
Allgatherv 873131 873136 -2 0 1 3 4
Allreduce 873153 873155 -2 0 1 3 4
Allgatherv 873193 873198 -2 0 1 3 4
Allreduce 873214 873217 -2 0 1 3 4
Allgatherv 873255 873261 -2 0 1 3 4
Allreduce 873278 873282 -2 0 1 3 4
Allgatherv 873320 873326 -2 0 1 3 4
Allreduce 873342 873344 -2 0 1 3 4
Allgatherv 873382 873387 -2 0 1 3 4
Allreduce 873403 873406 -2 0 1 3 4
Allgatherv 873444 873449 -2 0 1 3 4
Allreduce 873466 873468 -2 0 1 3 4
Allgatherv 873508 873511 -2 0 1 3 4
Allreduce 873528 873530 -2 0 1 3 4
Allgatherv 873568 873573 -2 0 1 3 4
Allreduce 873590 873592 -2 0 1 3 4
Allgatherv 873630 873635 -2 0 1 3 4
Allreduce 873653 873655 -2 0 1 3 4
Allgatherv 873693 873698 -2 0 1 3 4
Allreduce 873714 873716 -2 0 1 3 4
Allgatherv 873754 873759 -2 0 1 3 4
Allreduce 873775 873780 -2 0 1 3 4
Allgatherv 873818 873824 -2 0 1 3 4
Allreduce 873840 873843 -2 0 1 3 4
Allgatherv 873881 873886 -2 0 1 3 4
Allreduce 873903 873905 -2 0 1 3 4
Allgatherv 873943 873948 -2 0 1 3 4
Allreduce 873964 873967 -2 0 1 3 4
Allgatherv 874007 874012 -2 0 1 3 4
Allreduce 874030 874032 -2 0 1 3 4
Allgatherv 874070 874075 -2 0 1 3 4
Allreduce 874091 874094 -2 0 1 3 4
Allgatherv 874132 874137 -2 0 1 3 4
Allreduce 874153 874155 -2 0 1 3 4
Allgatherv 874195 874199 -2 0 1 3 4
Allreduce 874216 874256 -2 0 1 3 4
Allgatherv 874295 874300 -2 0 1 3 4
Allreduce 874317 874326 -2 0 1 3 4
Allgatherv 874364 874370 -2 0 1 3 4
Allreduce 874386 874393 -2 0 1 3 4
Allgatherv 874431 874442 -2 0 1 3 4
Allreduce 874459 874471 -2 0 1 3 4
Allgatherv 874510 874515 -2 0 1 3 4
Allreduce 874532 874535 -2 0 1 3 4
Allgatherv 874573 874578 -2 0 1 3 4
Allreduce 874594 874596 -2 0 1 3 4
Allgatherv 874634 874639 -2 0 1 3 4
Allreduce 874657 874659 -2 0 1 3 4
Allgatherv 874697 874702 -2 0 1 3 4
Allreduce 874719 874721 -2 0 1 3 4
Allgatherv 874759 874764 -2 0 1 3 4
Allreduce 874780 874783 -2 0 1 3 4
Allgatherv 874822 874826 -2 0 1 3 4
Allreduce 874842 874845 -2 0 1 3 4
Allgatherv 874882 874887 -2 0 1 3 4
Allreduce 874904 874906 -2 0 1 3 4
Allgatherv 874944 874949 -2 0 1 3 4
Allreduce 874967 874972 -2 0 1 3 4
Allgatherv 875012 875018 -2 0 1 3 4
Allreduce 875034 875038 -2 0 1 3 4
Allgatherv 875075 875080 -2 0 1 3 4
Allreduce 875097 875099 -2 0 1 3 4
Allgatherv 875137 875142 -2 0 1 3 4
Allreduce 875159 875161 -2 0 1 3 4
Allgatherv 875200 875205 -2 0 1 3 4
Allreduce 875221 875223 -2 0 1 3 4
Allgatherv 875261 875266 -2 0 1 3 4
Allreduce 875283 875286 -2 0 1 3 4
Allgatherv 875324 875329 -2 0 1 3 4
Allreduce 875345 875348 -2 0 1 3 4
Allgatherv 875387 875392 -2 0 1 3 4
Allreduce 875408 875410 -2 0 1 3 4
Allgatherv 875448 875453 -2 0 1 3 4
Allreduce 875469 875472 -2 0 1 3 4
Allgatherv 875510 875516 -2 0 1 3 4
Allreduce 875533 875537 -2 0 1 3 4
Allgatherv 875575 875580 -2 0 1 3 4
Allreduce 875596 875599 -2 0 1 3 4
Allgatherv 875637 875642 -2 0 1 3 4
Allreduce 875658 875661 -2 0 1 3 4
Allgatherv 875698 875704 -2 0 1 3 4
Allreduce 875720 875723 -2 0 1 3 4
Allgatherv 875762 875766 -2 0 1 3 4
Allreduce 875782 875785 -2 0 1 3 4
Allgatherv 875823 875828 -2 0 1 3 4
Allreduce 875844 875847 -2 0 1 3 4
Allgatherv 875885 875890 -2 0 1 3 4
Allreduce 875908 875910 -2 0 1 3 4
Allgatherv 875948 875953 -2 0 1 3 4
Allreduce 875969 875971 -2 0 1 3 4
Allgatherv 876011 876017 -2 0 1 3 4
Allreduce 876033 876035 -2 0 1 3 4
Allgatherv 876074 876081 -2 0 1 3 4
Allreduce 876098 876100 -2 0 1 3 4
Allgatherv 876138 876143 -2 0 1 3 4
Allreduce 876159 876162 -2 0 1 3 4
Allgatherv 876199 876206 -2 0 1 3 4
Allreduce 876223 876232 -2 0 1 3 4
Allgatherv 876270 876275 -2 0 1 3 4
Allreduce 876293 876301 -2 0 1 3 4
Allgatherv 876340 876346 -2 0 1 3 4
Allreduce 876363 876377 -2 0 1 3 4
Allgatherv 876415 876420 -2 0 1 3 4
Allreduce 876436 876439 -2 0 1 3 4
Allgatherv 876477 876482 -2 0 1 3 4
Allreduce 876500 876502 -2 0 1 3 4
Allgatherv 876540 876545 -2 0 1 3 4
Allreduce 876562 876564 -2 0 1 3 4
Allgatherv 876602 876607 -2 0 1 3 4
Allreduce 876623 876628 -2 0 1 3 4
Allgatherv 876666 876672 -2 0 1 3 4
Allreduce 876689 876691 -2 0 1 3 4
Allgatherv 876729 876734 -2 0 1 3 4
Allreduce 876751 876754 -2 0 1 3 4
Allgatherv 876792 876797 -2 0 1 3 4
Allreduce 876813 876816 -2 0 1 3 4
Allgatherv 876854 876859 -2 0 1 3 4
Allreduce 876877 876879 -2 0 1 3 4
Allgatherv 876917 876922 -2 0 1 3 4
Allreduce 876939 876941 -2 0 1 3 4
Allgatherv 876981 876986 -2 0 1 3 4
Allreduce 877003 877006 -2 0 1 3 4
Allgatherv 877044 877049 -2 0 1 3 4
Allreduce 877066 877069 -2 0 1 3 4
Allgatherv 877107 877111 -2 0 1 3 4
Allreduce 877128 877130 -2 0 1 3 4
Allgatherv 877168 877173 -2 0 1 3 4
Allreduce 877190 877195 -2 0 1 3 4
Allgatherv 877233 877238 -2 0 1 3 4
Allreduce 877255 877257 -2 0 1 3 4
Allgatherv 877307 877312 -2 0 1 3 4
Allreduce 877327 877330 -2 0 1 3 4
Allgatherv 877366 877370 -2 0 1 3 4
Allreduce 877386 877389 -2 0 1 3 4
Allgatherv 877426 877430 -2 0 1 3 4
Allreduce 877445 877447 -2 0 1 3 4
Allgatherv 877483 877488 -2 0 1 3 4
Allreduce 877504 877506 -2 0 1 3 4
Allgatherv 877542 877547 -2 0 1 3 4
Allreduce 877562 877565 -2 0 1 3 4
Allgatherv 877602 877606 -2 0 1 3 4
Allreduce 877621 877624 -2 0 1 3 4
Allgatherv 877660 877665 -2 0 1 3 4
Allreduce 877680 877682 -2 0 1 3 4
Allgatherv 877719 877725 -2 0 1 3 4
Allreduce 877741 877744 -2 0 1 3 4
Allgatherv 877780 877785 -2 0 1 3 4
Allreduce 877800 877803 -2 0 1 3 4
Allgatherv 877839 877844 -2 0 1 3 4
Allreduce 877859 877861 -2 0 1 3 4
Allgatherv 877897 877902 -2 0 1 3 4
Allreduce 877917 877921 -2 0 1 3 4
Allgatherv 877957 877962 -2 0 1 3 4
Allreduce 877979 877982 -2 0 1 3 4
Allgatherv 878018 878023 -2 0 1 3 4
Allreduce 878038 878041 -2 0 1 3 4
Allgatherv 878077 878081 -2 0 1 3 4
Allreduce 878097 878100 -2 0 1 3 4
Allgatherv 878137 878141 -2 0 1 3 4
Allreduce 878157 878159 -2 0 1 3 4
Allgatherv 878195 878200 -2 0 1 3 4
Allreduce 878215 878224 -2 0 1 3 4
Allgatherv 878260 878265 -2 0 1 3 4
Allreduce 878280 878285 -2 0 1 3 4
Allgatherv 878321 878326 -2 0 1 3 4
Allreduce 878341 878344 -2 0 1 3 4
Allgatherv 878380 878384 -2 0 1 3 4
Allreduce 878400 878402 -2 0 1 3 4
Allgatherv 878439 878443 -2 0 1 3 4
Allreduce 878460 878462 -2 0 1 3 4
Allgatherv 878498 878503 -2 0 1 3 4
Allreduce 878518 878521 -2 0 1 3 4
Allgatherv 878557 878561 -2 0 1 3 4
Allreduce 878577 878579 -2 0 1 3 4
Allgatherv 878615 878620 -2 0 1 3 4
Allreduce 878635 878638 -2 0 1 3 4
Allgatherv 878675 878679 -2 0 1 3 4
Allreduce 878694 878696 -2 0 1 3 4
Allgatherv 878732 878737 -2 0 1 3 4
Allreduce 878753 878757 -2 0 1 3 4
Allgatherv 878793 878799 -2 0 1 3 4
Allreduce 878815 878817 -2 0 1 3 4
Allgatherv 878853 878858 -2 0 1 3 4
Allreduce 878873 878876 -2 0 1 3 4
Allgatherv 878911 878916 -2 0 1 3 4
Allreduce 878932 878934 -2 0 1 3 4
Allgatherv 878972 878977 -2 0 1 3 4
Allreduce 878995 878997 -2 0 1 3 4
Allgatherv 879033 879038 -2 0 1 3 4
Allreduce 879053 879056 -2 0 1 3 4
Allgatherv 879092 879097 -2 0 1 3 4
Allreduce 879112 879115 -2 0 1 3 4
Allgatherv 879151 879155 -2 0 1 3 4
Allreduce 879172 879174 -2 0 1 3 4
Allgatherv 879210 879215 -2 0 1 3 4
Allreduce 879230 879233 -2 0 1 3 4
Allgatherv 879269 879273 -2 0 1 3 4
Allreduce 879289 879293 -2 0 1 3 4
Allgatherv 879330 879335 -2 0 1 3 4
Allreduce 879351 879354 -2 0 1 3 4
Allgatherv 879390 879395 -2 0 1 3 4
Allreduce 879410 879412 -2 0 1 3 4
Allgatherv 879448 879453 -2 0 1 3 4
Allreduce 879469 879471 -2 0 1 3 4
Allgatherv 879508 879512 -2 0 1 3 4
Allreduce 879527 879530 -2 0 1 3 4
Allgatherv 879566 879571 -2 0 1 3 4
Allreduce 879586 879589 -2 0 1 3 4
Allgatherv 879625 879630 -2 0 1 3 4
Allreduce 879645 879648 -2 0 1 3 4
Allgatherv 879684 879689 -2 0 1 3 4
Allreduce 879706 879708 -2 0 1 3 4
Allgatherv 879744 879749 -2 0 1 3 4
Allreduce 879764 879766 -2 0 1 3 4
Allgatherv 879803 879809 -2 0 1 3 4
Allreduce 879824 879826 -2 0 1 3 4
Allgatherv 879863 879868 -2 0 1 3 4
Allreduce 879884 879887 -2 0 1 3 4
Allgatherv 879923 879927 -2 0 1 3 4
Allreduce 879943 879945 -2 0 1 3 4
Allgatherv 879983 879988 -2 0 1 3 4
Allreduce 880004 880006 -2 0 1 3 4
Allgatherv 880043 880047 -2 0 1 3 4
Allreduce 880063 880065 -2 0 1 3 4
Allgatherv 880101 880105 -2 0 1 3 4
Allreduce 880121 880123 -2 0 1 3 4
Allgatherv 880159 880164 -2 0 1 3 4
Allreduce 880180 880193 -2 0 1 3 4
Allgatherv 880231 880245 -2 0 1 3 4
Allreduce 880263 880269 -2 0 1 3 4
Allgatherv 880306 880310 -2 0 1 3 4
Allreduce 880326 880334 -2 0 1 3 4
Allgatherv 880370 880375 -2 0 1 3 4
Allreduce 880391 880394 -2 0 1 3 4
Allgatherv 880430 880435 -2 0 1 3 4
Allreduce 880451 880453 -2 0 1 3 4
Allgatherv 880489 880494 -2 0 1 3 4
Allreduce 880509 880512 -2 0 1 3 4
Allgatherv 880548 880553 -2 0 1 3 4
Allreduce 880570 880572 -2 0 1 3 4
Allgatherv 880608 880612 -2 0 1 3 4
Allreduce 880628 880630 -2 0 1 3 4
Allgatherv 880666 880671 -2 0 1 3 4
Allreduce 880687 880689 -2 0 1 3 4
Allgatherv 880725 880730 -2 0 1 3 4
Allreduce 880745 880748 -2 0 1 3 4
Allgatherv 880785 880789 -2 0 1 3 4
Allreduce 880804 880806 -2 0 1 3 4
Allgatherv 880842 880847 -2 0 1 3 4
Allreduce 880863 880867 -2 0 1 3 4
Allgatherv 880903 880908 -2 0 1 3 4
Allreduce 880923 880927 -2 0 1 3 4
Allgatherv 880971 881026 -2 0 1 3 4
Allreduce 881044 881078 -2 0 1 3 4
Allgatherv 881114 881132 -2 0 1 3 4
Allreduce 881148 881154 -2 0 1 3 4
Allgatherv 881191 881203 -2 0 1 3 4
Allreduce 881219 881223 -2 0 1 3 4
Allgatherv 881260 881264 -2 0 1 3 4
Allreduce 881280 881282 -2 0 1 3 4
Allgatherv 881318 881323 -2 0 1 3 4
Allreduce 881339 881342 -2 0 1 3 4
Allgatherv 881378 881383 -2 0 1 3 4
Allreduce 881398 881401 -2 0 1 3 4
Allgatherv 881438 881442 -2 0 1 3 4
Allreduce 881457 881460 -2 0 1 3 4
Allgatherv 881496 881502 -2 0 1 3 4
Allreduce 883526 883535 -2 0 1 3 4
Allgatherv 883574 883580 -2 0 1 3 4
Allreduce 883596 883599 -2 0 1 3 4
Allgatherv 883635 883640 -2 0 1 3 4
Allreduce 883655 883657 -2 0 1 3 4
Allgatherv 883694 883699 -2 0 1 3 4
Allreduce 883714 883716 -2 0 1 3 4
Allgatherv 883752 883757 -2 0 1 3 4
Allreduce 883773 883776 -2 0 1 3 4
Allgatherv 883812 883817 -2 0 1 3 4
Allreduce 883833 883837 -2 0 1 3 4
Allgatherv 883873 883878 -2 0 1 3 4
Allreduce 883893 883896 -2 0 1 3 4
Allgatherv 883932 883939 -2 0 1 3 4
Allreduce 883954 883957 -2 0 1 3 4
Allgatherv 883993 883998 -2 0 1 3 4
Allreduce 884013 884015 -2 0 1 3 4
Allgatherv 884052 884056 -2 0 1 3 4
Allreduce 884073 884075 -2 0 1 3 4
Allgatherv 884111 884117 -2 0 1 3 4
Allreduce 884139 884143 -2 0 1 3 4
Allgatherv 884179 884184 -2 0 1 3 4
Allreduce 884310 884315 -2 0 1 3 4
Allgatherv 884354 884395 -2 0 1 3 4
Allreduce 884412 884415 -2 0 1 3 4
Allgatherv 884445 884456 -2 0 1 3 4
Allreduce 884471 884484 -2 0 1 3 4
Allgatherv 884517 884633 -2 0 1 3 4
Allreduce 884654 884730 -2 0 1 3 4
Allgatherv 884774 884778 -2 0 1 3 4
Allreduce 884795 884798 -2 0 1 3 4
Allgatherv 884835 884842 -2 0 1 3 4
Allreduce 884860 884948 -2 0 1 3 4
Allgatherv 884983 885152 -2 0 1 3 4
Allreduce 885170 885186 -2 0 1 3 4
Allgatherv 885223 885234 -2 0 1 3 4
Allreduce 885259 885268 -2 0 1 3 4
Allgatherv 885311 885329 -2 0 1 3 4
Allreduce 885351 885367 -2 0 1 3 4
Allgatherv 885412 885429 -2 0 1 3 4
Allreduce 885450 885469 -2 0 1 3 4
Allgatherv 885512 885530 -2 0 1 3 4
Allreduce 885553 885572 -2 0 1 3 4
Allgatherv 885615 885631 -2 0 1 3 4
Allreduce 885657 885676 -2 0 1 3 4
Allgatherv 885719 885735 -2 0 1 3 4
Allreduce 885760 885766 -2 0 1 3 4
Allgatherv 885812 885824 -2 0 1 3 4
Allreduce 885845 885864 -2 0 1 3 4
Allgatherv 885912 885929 -2 0 1 3 4
Allreduce 885950 885956 -2 0 1 3 4
Allgatherv 885992 885999 -2 0 1 3 4
Allreduce 886014 886023 -2 0 1 3 4
Allgatherv 886062 886065 -2 0 1 3 4
Allreduce 886081 886083 -2 0 1 3 4
Allgatherv 886122 886127 -2 0 1 3 4
Allreduce 886144 886146 -2 0 1 3 4
Allgatherv 886185 886188 -2 0 1 3 4
Allreduce 886203 886205 -2 0 1 3 4
Allgatherv 886242 886246 -2 0 1 3 4
Allreduce 886261 886263 -2 0 1 3 4
Allgatherv 886299 886318 -2 0 1 3 4
Allreduce 886339 886419 -2 0 1 3 4
Allgatherv 886446 886473 -2 0 1 3 4
Allreduce 886482 886503 -2 0 1 3 4
Allgatherv 886527 886559 -2 0 1 3 4
Allreduce 886607 886618 -2 0 1 3 4
Allgatherv 886689 886699 -2 0 1 3 4
Allreduce 886737 886754 -2 0 1 3 4
Allgatherv 886776 886800 -2 0 1 3 4
Allreduce 886812 886828 -2 0 1 3 4
Allgatherv 886848 886877 -2 0 1 3 4
Allreduce 886886 886904 -2 0 1 3 4
Allgatherv 886924 886950 -2 0 1 3 4
Allreduce 886958 886973 -2 0 1 3 4
Allgatherv 886995 887016 -2 0 1 3 4
Allreduce 887024 887041 -2 0 1 3 4
Allgatherv 887062 887086 -2 0 1 3 4
Allreduce 887095 887121 -2 0 1 3 4
Allgatherv 887142 887164 -2 0 1 3 4
Allreduce 887172 887192 -2 0 1 3 4
Allgatherv 887213 887241 -2 0 1 3 4
Allreduce 887249 887266 -2 0 1 3 4
Allgatherv 887287 887313 -2 0 1 3 4
Allreduce 887321 887385 -2 0 1 3 4
Allgatherv 887415 887434 -2 0 1 3 4
Allreduce 887444 887458 -2 0 1 3 4
Allgatherv 887480 887504 -2 0 1 3 4
Allreduce 887512 887530 -2 0 1 3 4
Allgatherv 887551 887578 -2 0 1 3 4
Allreduce 887586 887598 -2 0 1 3 4
Allgatherv 887618 887637 -2 0 1 3 4
Allreduce 887645 887655 -2 0 1 3 4
Allgatherv 887675 887694 -2 0 1 3 4
Allreduce 887702 887712 -2 0 1 3 4
Allgatherv 887732 887751 -2 0 1 3 4
Allreduce 887759 887769 -2 0 1 3 4
Allgatherv 887789 887809 -2 0 1 3 4
Allreduce 887817 887827 -2 0 1 3 4
Allgatherv 887847 887865 -2 0 1 3 4
Allreduce 887873 887883 -2 0 1 3 4
Allgatherv 887903 887922 -2 0 1 3 4
Allreduce 887930 887942 -2 0 1 3 4
Allgatherv 887962 887981 -2 0 1 3 4
Allreduce 887990 888000 -2 0 1 3 4
Allgatherv 888020 888038 -2 0 1 3 4
Allreduce 888046 888056 -2 0 1 3 4
Allgatherv 888076 888095 -2 0 1 3 4
Allreduce 888103 888116 -2 0 1 3 4
Allgatherv 888136 888189 -2 0 1 3 4
Allreduce 888209 888229 -2 0 1 3 4
Allgatherv 888259 888272 -2 0 1 3 4
Allreduce 888282 888297 -2 0 1 3 4
Allgatherv 888318 888350 -2 0 1 3 4
Allreduce 888364 888386 -2 0 1 3 4
Allgatherv 888434 888441 -2 0 1 3 4
Allreduce 888467 888470 -2 0 1 3 4
Allgatherv 888511 888517 -2 0 1 3 4
Allreduce 888540 888543 -2 0 1 3 4
Allgatherv 888586 888591 -2 0 1 3 4
Allreduce 888615 888619 -2 0 1 3 4
Allgatherv 888654 888658 -2 0 1 3 4
Allreduce 888682 888685 -2 0 1 3 4
Allgatherv 888727 888733 -2 0 1 3 4
Allreduce 888754 888756 -2 0 1 3 4
Allgatherv 888799 888804 -2 0 1 3 4
Allreduce 888828 888831 -2 0 1 3 4
Allgatherv 888874 888880 -2 0 1 3 4
Allreduce 888904 888907 -2 0 1 3 4
Allgatherv 888949 888954 -2 0 1 3 4
Allreduce 888978 888981 -2 0 1 3 4
Allgatherv 889025 889031 -2 0 1 3 4
Allreduce 889055 889058 -2 0 1 3 4
Allgatherv 889098 889103 -2 0 1 3 4
Allreduce 889129 889133 -2 0 1 3 4
Allgatherv 889160 889172 -2 0 1 3 4
Allreduce 889183 889190 -2 0 1 3 4
Allgatherv 889211 889229 -2 0 1 3 4
Allreduce 889238 889249 -2 0 1 3 4
Allgatherv 889271 889288 -2 0 1 3 4
Allreduce 889297 889305 -2 0 1 3 4
Allgatherv 889326 889344 -2 0 1 3 4
Allreduce 889353 889362 -2 0 1 3 4
Allgatherv 889382 889400 -2 0 1 3 4
Allreduce 889410 889418 -2 0 1 3 4
Allgatherv 889439 889457 -2 0 1 3 4
Allreduce 889466 889476 -2 0 1 3 4
Allgatherv 889496 889514 -2 0 1 3 4
Allreduce 889523 889532 -2 0 1 3 4
Allgatherv 889552 889571 -2 0 1 3 4
Allreduce 889580 889590 -2 0 1 3 4
Allgatherv 889610 889629 -2 0 1 3 4
Allreduce 889638 889647 -2 0 1 3 4
Allgatherv 889667 889686 -2 0 1 3 4
Allreduce 889695 889703 -2 0 1 3 4
Allgatherv 889724 889742 -2 0 1 3 4
Allreduce 889751 889761 -2 0 1 3 4
Allgatherv 889783 889800 -2 0 1 3 4
Allreduce 889809 889818 -2 0 1 3 4
Allgatherv 889839 889856 -2 0 1 3 4
Allreduce 889866 889874 -2 0 1 3 4
Allgatherv 889895 889913 -2 0 1 3 4
Allreduce 889922 889931 -2 0 1 3 4
Allgatherv 889951 889970 -2 0 1 3 4
Allreduce 889979 889988 -2 0 1 3 4
Allgatherv 890008 890026 -2 0 1 3 4
Allreduce 890035 890045 -2 0 1 3 4
Allgatherv 890065 890085 -2 0 1 3 4
Allreduce 890094 890103 -2 0 1 3 4
Allgatherv 890129 890158 -2 0 1 3 4
Allreduce 890176 890183 -2 0 1 3 4
Allgatherv 890214 890231 -2 0 1 3 4
Allreduce 890259 890262 -2 0 1 3 4
Allgatherv 890309 890313 -2 0 1 3 4
Allreduce 890339 890348 -2 0 1 3 4
Allgatherv 890398 890404 -2 0 1 3 4
Allreduce 890429 890432 -2 0 1 3 4
Allgatherv 890475 890481 -2 0 1 3 4
Allreduce 890503 890506 -2 0 1 3 4
Allgatherv 890545 890549 -2 0 1 3 4
Allreduce 890571 890574 -2 0 1 3 4
Allgatherv 890617 890622 -2 0 1 3 4
Allreduce 890643 890646 -2 0 1 3 4
Allgatherv 890688 890694 -2 0 1 3 4
Allreduce 890717 890721 -2 0 1 3 4
Allgatherv 890763 890768 -2 0 1 3 4
Allreduce 890793 890796 -2 0 1 3 4
Allgatherv 890841 890846 -2 0 1 3 4
Allreduce 890871 890874 -2 0 1 3 4
Allgatherv 890913 890918 -2 0 1 3 4
Allreduce 890944 890947 -2 0 1 3 4
Allgatherv 890988 890992 -2 0 1 3 4
Allreduce 891008 891011 -2 0 1 3 4
Allgatherv 891032 891050 -2 0 1 3 4
Allreduce 891059 891067 -2 0 1 3 4
Allgatherv 891088 891108 -2 0 1 3 4
Allreduce 891118 891137 -2 0 1 3 4
Allgatherv 891158 891177 -2 0 1 3 4
Allreduce 891193 891202 -2 0 1 3 4
Allgatherv 891231 891243 -2 0 1 3 4
Allreduce 891253 891261 -2 0 1 3 4
Allgatherv 891282 891300 -2 0 1 3 4
Allreduce 891309 891319 -2 0 1 3 4
Allgatherv 891340 891358 -2 0 1 3 4
Allreduce 891367 891376 -2 0 1 3 4
Allgatherv 891397 891415 -2 0 1 3 4
Allreduce 891424 891432 -2 0 1 3 4
Allgatherv 891453 891471 -2 0 1 3 4
Allreduce 891480 891491 -2 0 1 3 4
Allgatherv 891511 891530 -2 0 1 3 4
Allreduce 891540 891548 -2 0 1 3 4
Allgatherv 891569 891587 -2 0 1 3 4
Allreduce 891596 891605 -2 0 1 3 4
Allgatherv 891625 891644 -2 0 1 3 4
Allreduce 891653 891662 -2 0 1 3 4
Allgatherv 891682 891701 -2 0 1 3 4
Allreduce 891710 891719 -2 0 1 3 4
Allgatherv 891740 891758 -2 0 1 3 4
Allreduce 891767 891776 -2 0 1 3 4
Allgatherv 891796 891815 -2 0 1 3 4
Allreduce 891824 891834 -2 0 1 3 4
Allgatherv 891855 891873 -2 0 1 3 4
Allreduce 891882 891891 -2 0 1 3 4
Allgatherv 891912 891930 -2 0 1 3 4
Allreduce 891939 891948 -2 0 1 3 4
Allgatherv 891969 891987 -2 0 1 3 4
Allreduce 891996 892006 -2 0 1 3 4
Allgatherv 892028 892045 -2 0 1 3 4
Allreduce 892054 892062 -2 0 1 3 4
Allgatherv 892083 892101 -2 0 1 3 4
Allreduce 892110 892119 -2 0 1 3 4
Allgatherv 892140 892158 -2 0 1 3 4
Allreduce 892182 892185 -2 0 1 3 4
Allgatherv 892216 892241 -2 0 1 3 4
Allreduce 892251 892276 -2 0 1 3 4
Allgatherv 892320 892332 -2 0 1 3 4
Allreduce 892362 892366 -2 0 1 3 4
Allgatherv 892408 892414 -2 0 1 3 4
Allreduce 892438 892441 -2 0 1 3 4
Allgatherv 892484 892490 -2 0 1 3 4
Allreduce 892514 892516 -2 0 1 3 4
Allgatherv 892554 892559 -2 0 1 3 4
Allreduce 892580 892583 -2 0 1 3 4
Allgatherv 892625 892629 -2 0 1 3 4
Allreduce 892653 892658 -2 0 1 3 4
Allgatherv 892704 892709 -2 0 1 3 4
Allreduce 892733 892736 -2 0 1 3 4
Allgatherv 892781 892787 -2 0 1 3 4
Allreduce 892811 892814 -2 0 1 3 4
Allgatherv 892856 892861 -2 0 1 3 4
Allreduce 892884 892886 -2 0 1 3 4
Allgatherv 892930 892935 -2 0 1 3 4
Allreduce 892959 892962 -2 0 1 3 4
Allgatherv 892994 893000 -2 0 1 3 4
Allreduce 893011 893020 -2 0 1 3 4
Allgatherv 893041 893057 -2 0 1 3 4
Allreduce 893066 893076 -2 0 1 3 4
Allgatherv 893097 893115 -2 0 1 3 4
Allreduce 893124 893133 -2 0 1 3 4
Allgatherv 893154 893172 -2 0 1 3 4
Allreduce 893180 893189 -2 0 1 3 4
Allgatherv 893212 893230 -2 0 1 3 4
Allreduce 893255 893264 -2 0 1 3 4
Allgatherv 893285 893304 -2 0 1 3 4
Allreduce 893313 893322 -2 0 1 3 4
Allgatherv 893344 893362 -2 0 1 3 4
Allreduce 893371 893381 -2 0 1 3 4
Allgatherv 893402 893421 -2 0 1 3 4
Allreduce 893430 893440 -2 0 1 3 4
Allgatherv 893461 893479 -2 0 1 3 4
Allreduce 893489 893497 -2 0 1 3 4
Allgatherv 893518 893537 -2 0 1 3 4
Allreduce 893546 893556 -2 0 1 3 4
Allgatherv 893577 893597 -2 0 1 3 4
Allreduce 893606 893615 -2 0 1 3 4
Allgatherv 893636 893655 -2 0 1 3 4
Allreduce 893664 893674 -2 0 1 3 4
Allgatherv 893695 893714 -2 0 1 3 4
Allreduce 893723 893732 -2 0 1 3 4
Allgatherv 893753 893774 -2 0 1 3 4
Allreduce 893784 893792 -2 0 1 3 4
Allgatherv 893814 893832 -2 0 1 3 4
Allreduce 893841 893851 -2 0 1 3 4
Allgatherv 893872 893891 -2 0 1 3 4
Allreduce 893900 893909 -2 0 1 3 4
Allgatherv 893930 893949 -2 0 1 3 4
Allreduce 893958 893967 -2 0 1 3 4
Allgatherv 893988 894007 -2 0 1 3 4
Allreduce 894016 894025 -2 0 1 3 4
Allgatherv 894046 894065 -2 0 1 3 4
Allreduce 894074 894083 -2 0 1 3 4
Allgatherv 894104 894124 -2 0 1 3 4
Allreduce 894134 894143 -2 0 1 3 4
Allgatherv 894181 894193 -2 0 1 3 4
Allreduce 894213 894227 -2 0 1 3 4
Allgatherv 894291 894297 -2 0 1 3 4
Allreduce 894335 894338 -2 0 1 3 4
Allgatherv 894387 894393 -2 0 1 3 4
Allreduce 894420 894423 -2 0 1 3 4
Allgatherv 894473 894479 -2 0 1 3 4
Allreduce 894504 894507 -2 0 1 3 4
Allgatherv 894548 894553 -2 0 1 3 4
Allreduce 894572 894576 -2 0 1 3 4
Allgatherv 894618 894624 -2 0 1 3 4
Allreduce 894650 894653 -2 0 1 3 4
Allgatherv 894696 894701 -2 0 1 3 4
Allreduce 894727 894730 -2 0 1 3 4
Allgatherv 894775 894781 -2 0 1 3 4
Allreduce 894807 894810 -2 0 1 3 4
Allgatherv 894854 894859 -2 0 1 3 4
Allreduce 894885 894888 -2 0 1 3 4
Allgatherv 894932 894937 -2 0 1 3 4
Allreduce 894961 894964 -2 0 1 3 4
Allgatherv 895013 895017 -2 0 1 3 4
Allreduce 895038 895040 -2 0 1 3 4
Allgatherv 895065 895081 -2 0 1 3 4
Allreduce 895091 895100 -2 0 1 3 4
Allgatherv 895122 895141 -2 0 1 3 4
Allreduce 895151 895160 -2 0 1 3 4
Allgatherv 895182 895203 -2 0 1 3 4
Allreduce 895213 895222 -2 0 1 3 4
Allgatherv 895244 895263 -2 0 1 3 4
Allreduce 895272 895282 -2 0 1 3 4
Allgatherv 895303 895322 -2 0 1 3 4
Allreduce 895332 895341 -2 0 1 3 4
Allgatherv 895363 895382 -2 0 1 3 4
Allreduce 895391 895402 -2 0 1 3 4
Allgatherv 895424 895443 -2 0 1 3 4
Allreduce 895452 895462 -2 0 1 3 4
Allgatherv 895483 895502 -2 0 1 3 4
Allreduce 895512 895521 -2 0 1 3 4
Allgatherv 895543 895562 -2 0 1 3 4
Allreduce 895571 895582 -2 0 1 3 4
Allgatherv 895605 895623 -2 0 1 3 4
Allreduce 895633 895642 -2 0 1 3 4
Allgatherv 895663 895682 -2 0 1 3 4
Allreduce 895692 895701 -2 0 1 3 4
Allgatherv 895723 895742 -2 0 1 3 4
Allreduce 895751 895761 -2 0 1 3 4
Allgatherv 895782 895801 -2 0 1 3 4
Allreduce 895811 895820 -2 0 1 3 4
Allgatherv 895842 895861 -2 0 1 3 4
Allreduce 895870 895880 -2 0 1 3 4
Allgatherv 895901 895921 -2 0 1 3 4
Allreduce 895930 895941 -2 0 1 3 4
Allgatherv 895963 895982 -2 0 1 3 4
Allreduce 895991 896001 -2 0 1 3 4
Allgatherv 896022 896042 -2 0 1 3 4
Allreduce 896051 896061 -2 0 1 3 4
Allgatherv 896082 896101 -2 0 1 3 4
Allreduce 896112 896122 -2 0 1 3 4
Allgatherv 896143 896163 -2 0 1 3 4
Allreduce 896188 896219 -2 0 1 3 4
Allgatherv 896270 896395 -2 0 1 3 4
Allreduce 896413 896461 -2 0 1 3 4
Allgatherv 896501 896506 -2 0 1 3 4
Allreduce 896524 896527 -2 0 1 3 4
Allgatherv 896565 896570 -2 0 1 3 4
Allreduce 896586 896589 -2 0 1 3 4
Allgatherv 896627 896632 -2 0 1 3 4
Allreduce 896648 896665 -2 0 1 3 4
Allgatherv 896703 896711 -2 0 1 3 4
Allreduce 896728 896735 -2 0 1 3 4
Allgatherv 896773 896779 -2 0 1 3 4
Allreduce 896795 896798 -2 0 1 3 4
Allgatherv 896836 896841 -2 0 1 3 4
Allreduce 896857 896862 -2 0 1 3 4
Allgatherv 896900 896904 -2 0 1 3 4
Allreduce 896924 896927 -2 0 1 3 4
Allgatherv 896965 896970 -2 0 1 3 4
Allreduce 896986 896988 -2 0 1 3 4
Allgatherv 897026 897031 -2 0 1 3 4
Allreduce 897047 897050 -2 0 1 3 4
Allgatherv 897088 897092 -2 0 1 3 4
Allreduce 897108 897111 -2 0 1 3 4
Allgatherv 897149 897153 -2 0 1 3 4
Allreduce 897169 897172 -2 0 1 3 4
Allgatherv 897213 897217 -2 0 1 3 4
Allreduce 897233 897236 -2 0 1 3 4
Allgatherv 897274 897280 -2 0 1 3 4
Allreduce 897296 897299 -2 0 1 3 4
Allgatherv 897337 897341 -2 0 1 3 4
Allreduce 897357 897360 -2 0 1 3 4
Allgatherv 897398 897402 -2 0 1 3 4
Allreduce 897418 897423 -2 0 1 3 4
Allgatherv 897464 897467 -2 0 1 3 4
Allreduce 897484 897487 -2 0 1 3 4
Allgatherv 897525 897529 -2 0 1 3 4
Allreduce 897545 897548 -2 0 1 3 4
Allgatherv 897586 897590 -2 0 1 3 4
Allreduce 897606 897609 -2 0 1 3 4
Allgatherv 897646 897651 -2 0 1 3 4
Allreduce 897667 897669 -2 0 1 3 4
Allgatherv 897707 897712 -2 0 1 3 4
Allreduce 897727 897730 -2 0 1 3 4
Allgatherv 897768 897772 -2 0 1 3 4
Allreduce 897788 897793 -2 0 1 3 4
Allgatherv 897830 897835 -2 0 1 3 4
Allreduce 897851 897853 -2 0 1 3 4
Allgatherv 897891 897896 -2 0 1 3 4
Allreduce 897912 897914 -2 0 1 3 4
Allgatherv 897952 897959 -2 0 1 3 4
Allreduce 897974 897977 -2 0 1 3 4
Allgatherv 898019 898022 -2 0 1 3 4
Allreduce 898039 898041 -2 0 1 3 4
Allgatherv 898079 898083 -2 0 1 3 4
Allreduce 898099 898102 -2 0 1 3 4
Allgatherv 898140 898144 -2 0 1 3 4
Allreduce 898161 898163 -2 0 1 3 4
Allgatherv 898203 898208 -2 0 1 3 4
Allreduce 898224 898227 -2 0 1 3 4
Allgatherv 898265 898269 -2 0 1 3 4
Allreduce 898285 898287 -2 0 1 3 4
Allgatherv 898325 898330 -2 0 1 3 4
Allreduce 898346 898350 -2 0 1 3 4
Allgatherv 898388 898392 -2 0 1 3 4
Allreduce 898408 898410 -2 0 1 3 4
Allgatherv 898448 898452 -2 0 1 3 4
Allreduce 898468 898471 -2 0 1 3 4
Allgatherv 898509 898515 -2 0 1 3 4
Allreduce 898532 898535 -2 0 1 3 4
Allgatherv 898575 898578 -2 0 1 3 4
Allreduce 898595 898597 -2 0 1 3 4
Allgatherv 898635 898639 -2 0 1 3 4
Allreduce 898656 898658 -2 0 1 3 4
Allgatherv 898696 898701 -2 0 1 3 4
Allreduce 898717 898719 -2 0 1 3 4
Allgatherv 898757 898761 -2 0 1 3 4
Allreduce 898777 898780 -2 0 1 3 4
Allgatherv 898817 898822 -2 0 1 3 4
Allreduce 898838 898840 -2 0 1 3 4
Allgatherv 898878 898883 -2 0 1 3 4
Allreduce 898899 898903 -2 0 1 3 4
Allgatherv 898941 898946 -2 0 1 3 4
Allreduce 898961 898964 -2 0 1 3 4
Allgatherv 899002 899006 -2 0 1 3 4
Allreduce 899022 899026 -2 0 1 3 4
Allgatherv 899064 899069 -2 0 1 3 4
Allreduce 899088 899091 -2 0 1 3 4
Allgatherv 899129 899133 -2 0 1 3 4
Allreduce 899149 899152 -2 0 1 3 4
Allgatherv 899192 899196 -2 0 1 3 4
Allreduce 899213 899215 -2 0 1 3 4
Allgatherv 899253 899258 -2 0 1 3 4
Allreduce 899273 899276 -2 0 1 3 4
Allgatherv 899329 899334 -2 0 1 3 4
Allreduce 899351 899354 -2 0 1 3 4
Allgatherv 899393 899399 -2 0 1 3 4
Allreduce 899415 899418 -2 0 1 3 4
Allgatherv 899458 899464 -2 0 1 3 4
Allreduce 899481 899484 -2 0 1 3 4
Allgatherv 899524 899529 -2 0 1 3 4
Allreduce 899546 899548 -2 0 1 3 4
Allgatherv 899588 899593 -2 0 1 3 4
Allreduce 899610 899614 -2 0 1 3 4
Allgatherv 899656 899660 -2 0 1 3 4
Allreduce 899679 899682 -2 0 1 3 4
Allgatherv 899722 899727 -2 0 1 3 4
Allreduce 899743 899747 -2 0 1 3 4
Allgatherv 899787 899791 -2 0 1 3 4
Allreduce 899808 899811 -2 0 1 3 4
Allgatherv 899851 899856 -2 0 1 3 4
Allreduce 899873 899875 -2 0 1 3 4
Allgatherv 899915 899920 -2 0 1 3 4
Allreduce 899937 899939 -2 0 1 3 4
Allgatherv 899980 899984 -2 0 1 3 4
Allreduce 900001 900004 -2 0 1 3 4
Allgatherv 900044 900050 -2 0 1 3 4
Allreduce 900067 900070 -2 0 1 3 4
Allgatherv 900110 900115 -2 0 1 3 4
Allreduce 900131 900134 -2 0 1 3 4
Allgatherv 900174 900194 -2 0 1 3 4
Allreduce 900212 900223 -2 0 1 3 4
Allgatherv 900265 900272 -2 0 1 3 4
Allreduce 900291 900309 -2 0 1 3 4
Allgatherv 900350 900365 -2 0 1 3 4
Allreduce 900383 900399 -2 0 1 3 4
Allgatherv 900439 900451 -2 0 1 3 4
Allreduce 900469 900481 -2 0 1 3 4
Allgatherv 900521 900534 -2 0 1 3 4
Allreduce 900552 900564 -2 0 1 3 4
Allgatherv 900604 900611 -2 0 1 3 4
Allreduce 900628 900640 -2 0 1 3 4
Allgatherv 900680 900690 -2 0 1 3 4
Allreduce 900708 900718 -2 0 1 3 4
Allgatherv 900758 900772 -2 0 1 3 4
Allreduce 900790 900970 -2 0 1 3 4
Allgatherv 901010 901024 -2 0 1 3 4
Allreduce 901042 901049 -2 0 1 3 4
Allgatherv 901089 901095 -2 0 1 3 4
Allreduce 901113 901115 -2 0 1 3 4
Allgatherv 901158 901161 -2 0 1 3 4
Allreduce 901181 901255 -2 0 1 3 4
Allgatherv 901307 901318 -2 0 1 3 4
Allreduce 901337 901341 -2 0 1 3 4
Allgatherv 901382 901387 -2 0 1 3 4
Allreduce 901404 901473 -2 0 1 3 4
Allgatherv 901514 901554 -2 0 1 3 4
Allreduce 901572 901577 -2 0 1 3 4
Allgatherv 901618 901666 -2 0 1 3 4
Allreduce 901693 901732 -2 0 1 3 4
Allgatherv 901779 901796 -2 0 1 3 4
Allreduce 901817 901820 -2 0 1 3 4
Allgatherv 901858 901865 -2 0 1 3 4
Allreduce 901889 901893 -2 0 1 3 4
Allgatherv 901935 901949 -2 0 1 3 4
Allreduce 901977 901981 -2 0 1 3 4
Allgatherv 902009 902036 -2 0 1 3 4
Allreduce 902051 902067 -2 0 1 3 4
Allgatherv 902095 902338 -2 0 1 3 4
Allreduce 902380 902386 -2 0 1 3 4
Allgatherv 902572 902581 -2 0 1 3 4
Allreduce 902614 902657 -2 0 1 3 4
Allgatherv 902701 902706 -2 0 1 3 4
Allreduce 902724 902727 -2 0 1 3 4
Allgatherv 902768 902772 -2 0 1 3 4
Allreduce 902791 902794 -2 0 1 3 4
Allgatherv 902842 902939 -2 0 1 3 4
Allreduce 902957 902966 -2 0 1 3 4
Allgatherv 903008 903012 -2 0 1 3 4
Allreduce 903032 903065 -2 0 1 3 4
Allgatherv 903125 903145 -2 0 1 3 4
Allreduce 903165 903180 -2 0 1 3 4
Allgatherv 903221 903237 -2 0 1 3 4
Allreduce 903256 903269 -2 0 1 3 4
Allgatherv 903313 903329 -2 0 1 3 4
Allreduce 903361 903385 -2 0 1 3 4
Allgatherv 903435 903491 -2 0 1 3 4
Allreduce 903509 903512 -2 0 1 3 4
Allgatherv 903552 903557 -2 0 1 3 4
Allreduce 903575 903586 -2 0 1 3 4
Allgatherv 903626 903632 -2 0 1 3 4
Allreduce 903650 903662 -2 0 1 3 4
Allgatherv 907114 907127 -2 0 1 3 4
Allreduce 907155 907178 -2 0 1 3 4
Allgatherv 907221 907236 -2 0 1 3 4
Allreduce 907252 907267 -2 0 1 3 4
Allgatherv 907307 907320 -2 0 1 3 4
Allreduce 907336 907348 -2 0 1 3 4
Allgatherv 907388 907396 -2 0 1 3 4
Allreduce 907412 907425 -2 0 1 3 4
Allgatherv 907465 907476 -2 0 1 3 4
Allreduce 907493 907496 -2 0 1 3 4
Allgatherv 907536 907540 -2 0 1 3 4
Allreduce 907557 907560 -2 0 1 3 4
Allgatherv 907600 907604 -2 0 1 3 4
Allreduce 907622 907625 -2 0 1 3 4
Allgatherv 907665 907669 -2 0 1 3 4
Allreduce 907686 907689 -2 0 1 3 4
Allgatherv 907729 907733 -2 0 1 3 4
Allreduce 907752 907755 -2 0 1 3 4
Allgatherv 907795 907799 -2 0 1 3 4
Allreduce 907818 907821 -2 0 1 3 4
Allgatherv 907861 907865 -2 0 1 3 4
Allreduce 907882 907885 -2 0 1 3 4
Allgatherv 907925 907929 -2 0 1 3 4
Allreduce 907946 907949 -2 0 1 3 4
Allgatherv 907989 907993 -2 0 1 3 4
Allreduce 908010 908013 -2 0 1 3 4
Allgatherv 908053 908057 -2 0 1 3 4
Allreduce 908074 908077 -2 0 1 3 4
Allgatherv 908117 908121 -2 0 1 3 4
Allreduce 908139 908142 -2 0 1 3 4
Allgatherv 908184 908188 -2 0 1 3 4
Allreduce 908206 908219 -2 0 1 3 4
Allgatherv 908259 908275 -2 0 1 3 4
Allreduce 908294 908316 -2 0 1 3 4
Allgatherv 908355 908375 -2 0 1 3 4
Allreduce 908391 908410 -2 0 1 3 4
Allgatherv 908451 908463 -2 0 1 3 4
Allreduce 908479 908494 -2 0 1 3 4
Allgatherv 908533 908546 -2 0 1 3 4
Allreduce 908562 908573 -2 0 1 3 4
Allgatherv 908613 908622 -2 0 1 3 4
Allreduce 908638 908652 -2 0 1 3 4
Allgatherv 908691 908702 -2 0 1 3 4
Allreduce 908718 908734 -2 0 1 3 4
Allgatherv 908774 908790 -2 0 1 3 4
Allreduce 908806 908821 -2 0 1 3 4
Allgatherv 908861 908874 -2 0 1 3 4
Allreduce 908890 908906 -2 0 1 3 4
Allgatherv 908946 908958 -2 0 1 3 4
Allreduce 908974 908990 -2 0 1 3 4
Allgatherv 909029 909041 -2 0 1 3 4
Allreduce 909059 909072 -2 0 1 3 4
Allgatherv 909112 909124 -2 0 1 3 4
Allreduce 909140 909154 -2 0 1 3 4
Allgatherv 909197 909214 -2 0 1 3 4
Allreduce 909245 909257 -2 0 1 3 4
Allgatherv 909299 909303 -2 0 1 3 4
Allreduce 909321 909324 -2 0 1 3 4
Allgatherv 909365 909369 -2 0 1 3 4
Allreduce 909387 909390 -2 0 1 3 4
Allgatherv 909431 909435 -2 0 1 3 4
Allreduce 909453 909456 -2 0 1 3 4
Allgatherv 909497 909500 -2 0 1 3 4
Allreduce 909518 909521 -2 0 1 3 4
Allgatherv 909562 909566 -2 0 1 3 4
Allreduce 909584 909587 -2 0 1 3 4
Allgatherv 909629 909632 -2 0 1 3 4
Allreduce 909650 909653 -2 0 1 3 4
Allgatherv 909696 909700 -2 0 1 3 4
Allreduce 909718 909721 -2 0 1 3 4
Allgatherv 909762 909766 -2 0 1 3 4
Allreduce 909785 909788 -2 0 1 3 4
Allgatherv 909829 909833 -2 0 1 3 4
Allreduce 909851 909854 -2 0 1 3 4
Allgatherv 909895 909899 -2 0 1 3 4
Allreduce 909917 909920 -2 0 1 3 4
Allgatherv 909961 909964 -2 0 1 3 4
Allreduce 909982 909985 -2 0 1 3 4
Allgatherv 910027 910030 -2 0 1 3 4
Allreduce 910048 910051 -2 0 1 3 4
Allgatherv 910092 910096 -2 0 1 3 4
Allreduce 910114 910117 -2 0 1 3 4
Allgatherv 910160 910164 -2 0 1 3 4
Allreduce 910182 910196 -2 0 1 3 4
Allgatherv 910239 910253 -2 0 1 3 4
Allreduce 910271 910300 -2 0 1 3 4
Allgatherv 910341 910359 -2 0 1 3 4
Allreduce 910376 910397 -2 0 1 3 4
Allgatherv 910438 910451 -2 0 1 3 4
Allreduce 910467 910482 -2 0 1 3 4
Allgatherv 910522 910536 -2 0 1 3 4
Allreduce 910552 910567 -2 0 1 3 4
Allgatherv 910607 910613 -2 0 1 3 4
Allreduce 910630 910641 -2 0 1 3 4
Allgatherv 910681 910693 -2 0 1 3 4
Allreduce 910710 910721 -2 0 1 3 4
Allgatherv 910761 910771 -2 0 1 3 4
Allreduce 910788 910801 -2 0 1 3 4
Allgatherv 910841 910853 -2 0 1 3 4
Allreduce 910870 910884 -2 0 1 3 4
Allgatherv 910924 910939 -2 0 1 3 4
Allreduce 910955 910971 -2 0 1 3 4
Allgatherv 911012 911024 -2 0 1 3 4
Allreduce 911040 911056 -2 0 1 3 4
Allgatherv 911096 911107 -2 0 1 3 4
Allreduce 911124 911136 -2 0 1 3 4
Allgatherv 911181 911197 -2 0 1 3 4
Allreduce 911215 911225 -2 0 1 3 4
Allgatherv 911268 911272 -2 0 1 3 4
Allreduce 911290 911292 -2 0 1 3 4
Allgatherv 911332 911336 -2 0 1 3 4
Allreduce 911353 911356 -2 0 1 3 4
Allgatherv 911396 911400 -2 0 1 3 4
Allreduce 911418 911420 -2 0 1 3 4
Allgatherv 911460 911464 -2 0 1 3 4
Allreduce 911481 911484 -2 0 1 3 4
Allgatherv 911524 911528 -2 0 1 3 4
Allreduce 911545 911548 -2 0 1 3 4
Allgatherv 911588 911592 -2 0 1 3 4
Allreduce 911610 911613 -2 0 1 3 4
Allgatherv 911654 911657 -2 0 1 3 4
Allreduce 911675 911678 -2 0 1 3 4
Allgatherv 911718 911722 -2 0 1 3 4
Allreduce 911741 911743 -2 0 1 3 4
Allgatherv 911784 911788 -2 0 1 3 4
Allreduce 911805 911808 -2 0 1 3 4
Allgatherv 911848 911852 -2 0 1 3 4
Allreduce 911869 911872 -2 0 1 3 4
Allgatherv 911912 911916 -2 0 1 3 4
Allreduce 911933 911936 -2 0 1 3 4
Allgatherv 911976 911980 -2 0 1 3 4
Allreduce 911997 912000 -2 0 1 3 4
Allgatherv 912040 912044 -2 0 1 3 4
Allreduce 912061 912064 -2 0 1 3 4
Allgatherv 912105 912108 -2 0 1 3 4
Allreduce 912127 912130 -2 0 1 3 4
Allgatherv 912170 912174 -2 0 1 3 4
Allreduce 912191 912207 -2 0 1 3 4
Allgatherv 912247 912277 -2 0 1 3 4
Allreduce 912326 912395 -2 0 1 3 4
Allgatherv 912444 912472 -2 0 1 3 4
Allreduce 912492 912495 -2 0 1 3 4
Allgatherv 912535 912542 -2 0 1 3 4
Allreduce 912561 912574 -2 0 1 3 4
Allgatherv 912615 912620 -2 0 1 3 4
Allreduce 912638 912640 -2 0 1 3 4
Allgatherv 912680 912686 -2 0 1 3 4
Allreduce 912703 912705 -2 0 1 3 4
Allgatherv 912745 912750 -2 0 1 3 4
Allreduce 912768 912770 -2 0 1 3 4
Allgatherv 912810 912815 -2 0 1 3 4
Allreduce 912832 912836 -2 0 1 3 4
Allgatherv 912876 912881 -2 0 1 3 4
Allreduce 912899 912901 -2 0 1 3 4
Allgatherv 912941 912946 -2 0 1 3 4
Allreduce 912963 912966 -2 0 1 3 4
Allgatherv 913006 913012 -2 0 1 3 4
Allreduce 913030 913034 -2 0 1 3 4
Allgatherv 913074 913078 -2 0 1 3 4
Allreduce 913095 913098 -2 0 1 3 4
Allgatherv 913138 913143 -2 0 1 3 4
Allreduce 913161 913164 -2 0 1 3 4
Allgatherv 913204 913207 -2 0 1 3 4
Allreduce 913225 913228 -2 0 1 3 4
Allgatherv 913271 913275 -2 0 1 3 4
Allreduce 913293 913295 -2 0 1 3 4
Allgatherv 913336 913340 -2 0 1 3 4
Allreduce 913357 913360 -2 0 1 3 4
Allgatherv 913400 913404 -2 0 1 3 4
Allreduce 913422 913426 -2 0 1 3 4
Allgatherv 913466 913471 -2 0 1 3 4
Allreduce 913487 913490 -2 0 1 3 4
Allgatherv 913530 913535 -2 0 1 3 4
Allreduce 913552 913555 -2 0 1 3 4
Allgatherv 913595 913601 -2 0 1 3 4
Allreduce 913620 913622 -2 0 1 3 4
Allgatherv 913662 913666 -2 0 1 3 4
Allreduce 913684 913686 -2 0 1 3 4
Allgatherv 913726 913731 -2 0 1 3 4
Allreduce 913749 913752 -2 0 1 3 4
Allgatherv 913792 913797 -2 0 1 3 4
Allreduce 913814 913817 -2 0 1 3 4
Allgatherv 913857 913862 -2 0 1 3 4
Allreduce 913879 913881 -2 0 1 3 4
Allgatherv 913921 913926 -2 0 1 3 4
Allreduce 913943 913946 -2 0 1 3 4
Allgatherv 913986 913991 -2 0 1 3 4
Allreduce 914009 914012 -2 0 1 3 4
Allgatherv 914052 914057 -2 0 1 3 4
Allreduce 914074 914077 -2 0 1 3 4
Allgatherv 914117 914121 -2 0 1 3 4
Allreduce 914139 914142 -2 0 1 3 4
Allgatherv 914184 914188 -2 0 1 3 4
Allreduce 914205 914208 -2 0 1 3 4
Allgatherv 914248 914255 -2 0 1 3 4
Allreduce 914286 914288 -2 0 1 3 4
Allgatherv 914327 914330 -2 0 1 3 4
Allreduce 914346 914348 -2 0 1 3 4
Allgatherv 914385 914390 -2 0 1 3 4
Allreduce 914405 914407 -2 0 1 3 4
Allgatherv 914444 914449 -2 0 1 3 4
Allreduce 914465 914467 -2 0 1 3 4
Allgatherv 914504 914508 -2 0 1 3 4
Allreduce 914524 914526 -2 0 1 3 4
Allgatherv 914563 914569 -2 0 1 3 4
Allreduce 914585 914587 -2 0 1 3 4
Allgatherv 914625 914629 -2 0 1 3 4
Allreduce 914645 914647 -2 0 1 3 4
Allgatherv 914684 914688 -2 0 1 3 4
Allreduce 914704 914708 -2 0 1 3 4
Allgatherv 914746 914749 -2 0 1 3 4
Allreduce 914765 914768 -2 0 1 3 4
Allgatherv 914805 914809 -2 0 1 3 4
Allreduce 914825 914827 -2 0 1 3 4
Allgatherv 914866 914869 -2 0 1 3 4
Allreduce 914885 914887 -2 0 1 3 4
Allgatherv 914924 914928 -2 0 1 3 4
Allreduce 914944 914946 -2 0 1 3 4
Allgatherv 914983 914987 -2 0 1 3 4
Allreduce 915003 915005 -2 0 1 3 4
Allgatherv 915042 915047 -2 0 1 3 4
Allreduce 915062 915064 -2 0 1 3 4
Allgatherv 915102 915108 -2 0 1 3 4
Allreduce 915123 915126 -2 0 1 3 4
Allgatherv 915163 915167 -2 0 1 3 4
Allreduce 915183 915185 -2 0 1 3 4
Allgatherv 915222 915226 -2 0 1 3 4
Allreduce 915243 915246 -2 0 1 3 4
Allgatherv 915301 915304 -2 0 1 3 4
Allreduce 915320 915322 -2 0 1 3 4
Allgatherv 915358 915362 -2 0 1 3 4
Allreduce 915378 915380 -2 0 1 3 4
Allgatherv 915417 915420 -2 0 1 3 4
Allreduce 915436 915438 -2 0 1 3 4
Allgatherv 915474 915478 -2 0 1 3 4
Allreduce 915494 915496 -2 0 1 3 4
Allgatherv 915532 915537 -2 0 1 3 4
Allreduce 915552 915554 -2 0 1 3 4
Allgatherv 915590 915594 -2 0 1 3 4
Allreduce 915609 915613 -2 0 1 3 4
Allgatherv 915649 915653 -2 0 1 3 4
Allreduce 915668 915670 -2 0 1 3 4
Allgatherv 915706 915711 -2 0 1 3 4
Allreduce 915726 915729 -2 0 1 3 4
Allgatherv 915765 915770 -2 0 1 3 4
Allreduce 915787 915789 -2 0 1 3 4
Allgatherv 915825 915830 -2 0 1 3 4
Allreduce 915845 915847 -2 0 1 3 4
Allgatherv 915883 915887 -2 0 1 3 4
Allreduce 915904 915906 -2 0 1 3 4
Allgatherv 915943 915947 -2 0 1 3 4
Allreduce 915962 915964 -2 0 1 3 4
Allgatherv 916000 916004 -2 0 1 3 4
Allreduce 916019 916021 -2 0 1 3 4
Allgatherv 916058 916062 -2 0 1 3 4
Allreduce 916078 916080 -2 0 1 3 4
Allgatherv 916116 916120 -2 0 1 3 4
Allreduce 916136 916139 -2 0 1 3 4
Allgatherv 916175 916180 -2 0 1 3 4
Allreduce 916195 916198 -2 0 1 3 4
Allgatherv 916234 916238 -2 0 1 3 4
Allreduce 916256 916258 -2 0 1 3 4
Allgatherv 916295 916300 -2 0 1 3 4
Allreduce 916317 916319 -2 0 1 3 4
Allgatherv 916356 916360 -2 0 1 3 4
Allreduce 916375 916378 -2 0 1 3 4
Allgatherv 916414 916418 -2 0 1 3 4
Allreduce 916435 916437 -2 0 1 3 4
Allgatherv 916473 916477 -2 0 1 3 4
Allreduce 916492 916495 -2 0 1 3 4
Allgatherv 916531 916534 -2 0 1 3 4
Allreduce 916550 916552 -2 0 1 3 4
Allgatherv 916588 916592 -2 0 1 3 4
Allreduce 916608 916610 -2 0 1 3 4
Allgatherv 916646 916652 -2 0 1 3 4
Allreduce 916667 916670 -2 0 1 3 4
Allgatherv 916706 916710 -2 0 1 3 4
Allreduce 916726 916728 -2 0 1 3 4
Allgatherv 916764 916768 -2 0 1 3 4
Allreduce 916784 916787 -2 0 1 3 4
Allgatherv 916825 916828 -2 0 1 3 4
Allreduce 916843 916845 -2 0 1 3 4
Allgatherv 916881 916886 -2 0 1 3 4
Allreduce 916901 916903 -2 0 1 3 4
Allgatherv 916939 916943 -2 0 1 3 4
Allreduce 916960 916962 -2 0 1 3 4
Allgatherv 916998 917003 -2 0 1 3 4
Allreduce 917018 917020 -2 0 1 3 4
Allgatherv 917056 917060 -2 0 1 3 4
Allreduce 917076 917078 -2 0 1 3 4
Allgatherv 917114 917118 -2 0 1 3 4
Allreduce 917133 917136 -2 0 1 3 4
Allgatherv 917172 917177 -2 0 1 3 4
Allreduce 917193 917195 -2 0 1 3 4
Allgatherv 917231 917235 -2 0 1 3 4
Allreduce 917253 917255 -2 0 1 3 4
Allgatherv 917292 917296 -2 0 1 3 4
Allreduce 917312 917315 -2 0 1 3 4
Allgatherv 917352 917355 -2 0 1 3 4
Allreduce 917370 917373 -2 0 1 3 4
Allgatherv 917409 917413 -2 0 1 3 4
Allreduce 917428 917430 -2 0 1 3 4
Allgatherv 917468 917473 -2 0 1 3 4
Allreduce 917488 917492 -2 0 1 3 4
Allgatherv 917528 917646 -2 0 1 3 4
Allreduce 917670 917672 -2 0 1 3 4
Allgatherv 917705 917713 -2 0 1 3 4
Allreduce 917729 917734 -2 0 1 3 4
Allgatherv 917766 917774 -2 0 1 3 4
Allreduce 917790 917794 -2 0 1 3 4
Allgatherv 917827 917834 -2 0 1 3 4
Allreduce 917848 917852 -2 0 1 3 4
Allgatherv 917885 917938 -2 0 1 3 4
Allreduce 917960 917962 -2 0 1 3 4
Allgatherv 918000 918003 -2 0 1 3 4
Allreduce 918023 918025 -2 0 1 3 4
Allgatherv 918085 918123 -2 0 1 3 4
Allreduce 918140 918142 -2 0 1 3 4
Allgatherv 918179 918182 -2 0 1 3 4
Allreduce 918198 918201 -2 0 1 3 4
Allgatherv 918258 918278 -2 0 1 3 4
Allreduce 918296 918299 -2 0 1 3 4
Allgatherv 918336 918339 -2 0 1 3 4
Allreduce 918355 918357 -2 0 1 3 4
Allgatherv 918393 918396 -2 0 1 3 4
Allreduce 918412 918414 -2 0 1 3 4
Allgatherv 918452 918457 -2 0 1 3 4
Allreduce 918479 918486 -2 0 1 3 4
Allgatherv 918527 918538 -2 0 1 3 4
Allreduce 918559 918562 -2 0 1 3 4
Allgatherv 918603 918613 -2 0 1 3 4
Allreduce 918634 918638 -2 0 1 3 4
Allgatherv 918682 918689 -2 0 1 3 4
Allreduce 918716 918721 -2 0 1 3 4
Allgatherv 918763 918769 -2 0 1 3 4
Allreduce 918793 918797 -2 0 1 3 4
Allgatherv 918841 918848 -2 0 1 3 4
Allreduce 918868 918875 -2 0 1 3 4
Allgatherv 918915 918923 -2 0 1 3 4
Allreduce 918944 918948 -2 0 1 3 4
Allgatherv 918991 919001 -2 0 1 3 4
Allreduce 919022 919026 -2 0 1 3 4
Allgatherv 919069 919084 -2 0 1 3 4
Allreduce 919103 919107 -2 0 1 3 4
Allgatherv 919143 919147 -2 0 1 3 4
Allreduce 919163 919166 -2 0 1 3 4
Allgatherv 919202 919206 -2 0 1 3 4
Allreduce 919221 919223 -2 0 1 3 4
Allgatherv 919263 919269 -2 0 1 3 4
Allreduce 919284 919287 -2 0 1 3 4
Allgatherv 919326 919331 -2 0 1 3 4
Allreduce 919349 919431 -2 0 1 3 4
Allgatherv 919468 919472 -2 0 1 3 4
Allreduce 919487 919491 -2 0 1 3 4
Allgatherv 919527 919530 -2 0 1 3 4
Allreduce 919546 919550 -2 0 1 3 4
Allgatherv 919586 919589 -2 0 1 3 4
Allreduce 919605 919607 -2 0 1 3 4
Allgatherv 919643 919647 -2 0 1 3 4
Allreduce 919663 919666 -2 0 1 3 4
Allgatherv 919702 919705 -2 0 1 3 4
Allreduce 919721 919723 -2 0 1 3 4
Allgatherv 919759 919762 -2 0 1 3 4
Allreduce 919778 919781 -2 0 1 3 4
Allgatherv 919818 919821 -2 0 1 3 4
Allreduce 919837 919839 -2 0 1 3 4
Allgatherv 919875 919878 -2 0 1 3 4
Allreduce 919894 919898 -2 0 1 3 4
Allgatherv 919935 919939 -2 0 1 3 4
Allreduce 919954 919956 -2 0 1 3 4
Allgatherv 919992 919996 -2 0 1 3 4
Allreduce 920012 920014 -2 0 1 3 4
Allgatherv 920050 920053 -2 0 1 3 4
Allreduce 920069 920073 -2 0 1 3 4
Allgatherv 920109 920112 -2 0 1 3 4
Allreduce 920128 920190 -2 0 1 3 4
Allgatherv 920230 920235 -2 0 1 3 4
Allreduce 920272 920298 -2 0 1 3 4
Allgatherv 920341 920381 -2 0 1 3 4
Allreduce 920403 920406 -2 0 1 3 4
Allgatherv 920449 920453 -2 0 1 3 4
Allreduce 920472 920484 -2 0 1 3 4
Allgatherv 920511 920541 -2 0 1 3 4
Allreduce 920570 920575 -2 0 1 3 4
Allgatherv 920602 920625 -2 0 1 3 4
Allreduce 920637 920653 -2 0 1 3 4
Allgatherv 920674 920703 -2 0 1 3 4
Allreduce 920712 920730 -2 0 1 3 4
Allgatherv 920751 920772 -2 0 1 3 4
Allreduce 920782 920801 -2 0 1 3 4
Allgatherv 920822 920841 -2 0 1 3 4
Allreduce 920851 920866 -2 0 1 3 4
Allgatherv 920886 920911 -2 0 1 3 4
Allreduce 920920 920939 -2 0 1 3 4
Allgatherv 920960 920980 -2 0 1 3 4
Allreduce 920989 921009 -2 0 1 3 4
Allgatherv 921030 921058 -2 0 1 3 4
Allreduce 921068 921087 -2 0 1 3 4
Allgatherv 921108 921134 -2 0 1 3 4
Allreduce 921143 921162 -2 0 1 3 4
Allgatherv 921183 921210 -2 0 1 3 4
Allreduce 921219 921242 -2 0 1 3 4
Allgatherv 921277 921295 -2 0 1 3 4
Allreduce 921310 921323 -2 0 1 3 4
Allgatherv 921360 921370 -2 0 1 3 4
Allreduce 921382 921392 -2 0 1 3 4
Allgatherv 921413 921437 -2 0 1 3 4
Allreduce 921446 921464 -2 0 1 3 4
Allgatherv 921485 921505 -2 0 1 3 4
Allreduce 921514 921523 -2 0 1 3 4
Allgatherv 921544 921562 -2 0 1 3 4
Allreduce 921571 921580 -2 0 1 3 4
Allgatherv 921601 921619 -2 0 1 3 4
Allreduce 921628 921637 -2 0 1 3 4
Allgatherv 921658 921676 -2 0 1 3 4
Allreduce 921685 921695 -2 0 1 3 4
Allgatherv 921716 921734 -2 0 1 3 4
Allreduce 921743 921752 -2 0 1 3 4
Allgatherv 921772 921791 -2 0 1 3 4
Allreduce 921800 921809 -2 0 1 3 4
Allgatherv 921831 921848 -2 0 1 3 4
Allreduce 921857 921866 -2 0 1 3 4
Allgatherv 921887 921905 -2 0 1 3 4
Allreduce 921914 921923 -2 0 1 3 4
Allgatherv 921943 921961 -2 0 1 3 4
Allreduce 921970 921979 -2 0 1 3 4
Allgatherv 922000 922019 -2 0 1 3 4
Allreduce 922028 922037 -2 0 1 3 4
Allgatherv 922058 922076 -2 0 1 3 4
Allreduce 922085 922093 -2 0 1 3 4
Allgatherv 922114 922152 -2 0 1 3 4
Allreduce 922163 922175 -2 0 1 3 4
Allgatherv 922231 922237 -2 0 1 3 4
Allreduce 922258 922271 -2 0 1 3 4
Allgatherv 922317 922350 -2 0 1 3 4
Allreduce 922378 922385 -2 0 1 3 4
Allgatherv 922409 922440 -2 0 1 3 4
Allreduce 922452 922471 -2 0 1 3 4
Allgatherv 922493 922521 -2 0 1 3 4
Allreduce 922531 922548 -2 0 1 3 4
Allgatherv 922570 922593 -2 0 1 3 4
Allreduce 922602 922617 -2 0 1 3 4
Allgatherv 922639 922667 -2 0 1 3 4
Allreduce 922677 922697 -2 0 1 3 4
Allgatherv 922719 922743 -2 0 1 3 4
Allreduce 922752 922771 -2 0 1 3 4
Allgatherv 922793 922821 -2 0 1 3 4
Allreduce 922831 922851 -2 0 1 3 4
Allgatherv 922873 922903 -2 0 1 3 4
Allreduce 922912 922932 -2 0 1 3 4
Allgatherv 922954 922980 -2 0 1 3 4
Allreduce 922990 923010 -2 0 1 3 4
Allgatherv 923032 923058 -2 0 1 3 4
Allreduce 923068 923084 -2 0 1 3 4
Allgatherv 923105 923132 -2 0 1 3 4
Allreduce 923143 923163 -2 0 1 3 4
Allgatherv 923185 923212 -2 0 1 3 4
Allreduce 923222 923232 -2 0 1 3 4
Allgatherv 923254 923272 -2 0 1 3 4
Allreduce 923282 923291 -2 0 1 3 4
Allgatherv 923313 923334 -2 0 1 3 4
Allreduce 923344 923355 -2 0 1 3 4
Allgatherv 923377 923396 -2 0 1 3 4
Allreduce 923406 923415 -2 0 1 3 4
Allgatherv 923437 923456 -2 0 1 3 4
Allreduce 923466 923475 -2 0 1 3 4
Allgatherv 923497 923516 -2 0 1 3 4
Allreduce 923526 923536 -2 0 1 3 4
Allgatherv 923558 923578 -2 0 1 3 4
Allreduce 923587 923596 -2 0 1 3 4
Allgatherv 923618 923637 -2 0 1 3 4
Allreduce 923647 923656 -2 0 1 3 4
Allgatherv 923678 923697 -2 0 1 3 4
Allreduce 923708 923717 -2 0 1 3 4
Allgatherv 923738 923758 -2 0 1 3 4
Allreduce 923767 923776 -2 0 1 3 4
Allgatherv 923798 923817 -2 0 1 3 4
Allreduce 923827 923836 -2 0 1 3 4
Allgatherv 923858 923877 -2 0 1 3 4
Allreduce 923888 923897 -2 0 1 3 4
Allgatherv 923920 923938 -2 0 1 3 4
Allreduce 923948 923957 -2 0 1 3 4
Allgatherv 923978 923998 -2 0 1 3 4
Allreduce 924007 924016 -2 0 1 3 4
Allgatherv 924038 924057 -2 0 1 3 4
Allreduce 924067 924078 -2 0 1 3 4
Allgatherv 924099 924119 -2 0 1 3 4
Allreduce 924128 924155 -2 0 1 3 4
Allgatherv 924198 924207 -2 0 1 3 4
Allreduce 924225 924237 -2 0 1 3 4
Allgatherv 924261 924297 -2 0 1 3 4
Allreduce 924330 924336 -2 0 1 3 4
Allgatherv 924364 924395 -2 0 1 3 4
Allreduce 924406 924426 -2 0 1 3 4
Allgatherv 924448 924478 -2 0 1 3 4
Allreduce 924487 924506 -2 0 1 3 4
Allgatherv 924528 924552 -2 0 1 3 4
Allreduce 924562 924580 -2 0 1 3 4
Allgatherv 924601 924629 -2 0 1 3 4
Allreduce 924638 924655 -2 0 1 3 4
Allgatherv 924676 924704 -2 0 1 3 4
Allreduce 924714 924733 -2 0 1 3 4
Allgatherv 924755 924783 -2 0 1 3 4
Allreduce 924793 924812 -2 0 1 3 4
Allgatherv 924834 924862 -2 0 1 3 4
Allreduce 924871 924892 -2 0 1 3 4
Allgatherv 924913 924943 -2 0 1 3 4
Allreduce 924953 924975 -2 0 1 3 4
Allgatherv 924998 925023 -2 0 1 3 4
Allreduce 925032 925049 -2 0 1 3 4
Allgatherv 925071 925099 -2 0 1 3 4
Allreduce 925109 925128 -2 0 1 3 4
Allgatherv 925149 925169 -2 0 1 3 4
Allreduce 925178 925189 -2 0 1 3 4
Allgatherv 925211 925230 -2 0 1 3 4
Allreduce 925239 925249 -2 0 1 3 4
Allgatherv 925285 925305 -2 0 1 3 4
Allreduce 925314 925325 -2 0 1 3 4
Allgatherv 925348 925369 -2 0 1 3 4
Allreduce 925378 925388 -2 0 1 3 4
Allgatherv 925410 925432 -2 0 1 3 4
Allreduce 925442 925451 -2 0 1 3 4
Allgatherv 925473 925493 -2 0 1 3 4
Allreduce 925503 925512 -2 0 1 3 4
Allgatherv 925535 925555 -2 0 1 3 4
Allreduce 925566 925575 -2 0 1 3 4
Allgatherv 925597 925617 -2 0 1 3 4
Allreduce 925626 925636 -2 0 1 3 4
Allgatherv 925659 925678 -2 0 1 3 4
Allreduce 925688 925697 -2 0 1 3 4
Allgatherv 925720 925740 -2 0 1 3 4
Allreduce 925749 925759 -2 0 1 3 4
Allgatherv 925782 925803 -2 0 1 3 4
Allreduce 925812 925822 -2 0 1 3 4
Allgatherv 925844 925864 -2 0 1 3 4
Allreduce 925873 925883 -2 0 1 3 4
Allgatherv 925905 925925 -2 0 1 3 4
Allreduce 925934 925946 -2 0 1 3 4
Allgatherv 925968 925988 -2 0 1 3 4
Allreduce 925997 926007 -2 0 1 3 4
Allgatherv 926029 926049 -2 0 1 3 4
Allreduce 926059 926069 -2 0 1 3 4
Allgatherv 926091 926111 -2 0 1 3 4
Allreduce 926122 926141 -2 0 1 3 4
Allgatherv 926180 926185 -2 0 1 3 4
Allreduce 926204 926207 -2 0 1 3 4
Allgatherv 926247 926252 -2 0 1 3 4
Allreduce 926269 926292 -2 0 1 3 4
Allgatherv 926334 926348 -2 0 1 3 4
Allreduce 926366 926370 -2 0 1 3 4
Allgatherv 926410 926414 -2 0 1 3 4
Allreduce 926431 926433 -2 0 1 3 4
Allgatherv 926472 926475 -2 0 1 3 4
Allreduce 926492 926495 -2 0 1 3 4
Allgatherv 926534 926537 -2 0 1 3 4
Allreduce 926554 926558 -2 0 1 3 4
Allgatherv 926598 926601 -2 0 1 3 4
Allreduce 926618 926620 -2 0 1 3 4
Allgatherv 926659 926663 -2 0 1 3 4
Allreduce 926680 926682 -2 0 1 3 4
Allgatherv 926724 926727 -2 0 1 3 4
Allreduce 926745 926747 -2 0 1 3 4
Allgatherv 926786 926789 -2 0 1 3 4
Allreduce 926806 926809 -2 0 1 3 4
Allgatherv 926848 926851 -2 0 1 3 4
Allreduce 926868 926870 -2 0 1 3 4
Allgatherv 926910 926913 -2 0 1 3 4
Allreduce 926930 926934 -2 0 1 3 4
Allgatherv 926973 926976 -2 0 1 3 4
Allreduce 926993 926995 -2 0 1 3 4
Allgatherv 927034 927038 -2 0 1 3 4
Allreduce 927055 927057 -2 0 1 3 4
Allgatherv 927096 927099 -2 0 1 3 4
Allreduce 927117 927120 -2 0 1 3 4
Allgatherv 927159 927162 -2 0 1 3 4
Allreduce 927179 927181 -2 0 1 3 4
Allgatherv 927220 927224 -2 0 1 3 4
Allreduce 927241 927243 -2 0 1 3 4
Allgatherv 927285 927288 -2 0 1 3 4
Allreduce 927305 927308 -2 0 1 3 4
Allgatherv 927349 927352 -2 0 1 3 4
Allreduce 927370 927372 -2 0 1 3 4
Allgatherv 927411 927414 -2 0 1 3 4
Allreduce 927431 927434 -2 0 1 3 4
Allgatherv 927473 927476 -2 0 1 3 4
Allreduce 927493 927497 -2 0 1 3 4
Allgatherv 927536 927539 -2 0 1 3 4
Allreduce 927556 927558 -2 0 1 3 4
Allgatherv 927597 927601 -2 0 1 3 4
Allreduce 927617 927620 -2 0 1 3 4
Allgatherv 927659 927662 -2 0 1 3 4
Allreduce 927679 927682 -2 0 1 3 4
Allgatherv 927721 927724 -2 0 1 3 4
Allreduce 927741 927744 -2 0 1 3 4
Allgatherv 927782 927786 -2 0 1 3 4
Allreduce 927805 927808 -2 0 1 3 4
Allgatherv 927847 927850 -2 0 1 3 4
Allreduce 927867 927869 -2 0 1 3 4
Allgatherv 927908 927911 -2 0 1 3 4
Allreduce 927928 927931 -2 0 1 3 4
Allgatherv 927970 927973 -2 0 1 3 4
Allreduce 927990 927992 -2 0 1 3 4
Allgatherv 928031 928036 -2 0 1 3 4
Allreduce 928052 928055 -2 0 1 3 4
Allgatherv 928094 928097 -2 0 1 3 4
Allreduce 928114 928116 -2 0 1 3 4
Allgatherv 928155 928159 -2 0 1 3 4
Allreduce 928175 928178 -2 0 1 3 4
Allgatherv 928217 928221 -2 0 1 3 4
Allreduce 928238 928241 -2 0 1 3 4
Allgatherv 928293 928298 -2 0 1 3 4
Allreduce 928315 928320 -2 0 1 3 4
Allgatherv 928383 928460 -2 0 1 3 4
Allreduce 928482 928496 -2 0 1 3 4
Allgatherv 928541 928557 -2 0 1 3 4
Allreduce 928575 928589 -2 0 1 3 4
Allgatherv 928633 928645 -2 0 1 3 4
Allreduce 928667 928679 -2 0 1 3 4
Allgatherv 928726 928739 -2 0 1 3 4
Allreduce 928761 928776 -2 0 1 3 4
Allgatherv 928822 928841 -2 0 1 3 4
Allreduce 928863 928876 -2 0 1 3 4
Allgatherv 928920 928935 -2 0 1 3 4
Allreduce 928953 928965 -2 0 1 3 4
Allgatherv 929006 929019 -2 0 1 3 4
Allreduce 929037 929051 -2 0 1 3 4
Allgatherv 929091 929105 -2 0 1 3 4
Allreduce 929122 929176 -2 0 1 3 4
Allgatherv 929226 929253 -2 0 1 3 4
Allreduce 929273 929286 -2 0 1 3 4
Allgatherv 929332 929349 -2 0 1 3 4
Allreduce 929368 929383 -2 0 1 3 4
Allgatherv 929424 929435 -2 0 1 3 4
Allreduce 929453 929469 -2 0 1 3 4
Allgatherv 929511 929520 -2 0 1 3 4
Allreduce 929538 929552 -2 0 1 3 4
Allgatherv 929593 929602 -2 0 1 3 4
Allreduce 929620 929632 -2 0 1 3 4
Allgatherv 929673 929690 -2 0 1 3 4
Allreduce 929708 929719 -2 0 1 3 4
Allgatherv 929760 929764 -2 0 1 3 4
Allreduce 929781 929784 -2 0 1 3 4
Allgatherv 929824 929828 -2 0 1 3 4
Allreduce 929846 929849 -2 0 1 3 4
Allgatherv 929889 929892 -2 0 1 3 4
Allreduce 929910 929913 -2 0 1 3 4
Allgatherv 929953 929957 -2 0 1 3 4
Allreduce 929976 929979 -2 0 1 3 4
Allgatherv 930019 930023 -2 0 1 3 4
Allreduce 930040 930043 -2 0 1 3 4
Allgatherv 930083 930087 -2 0 1 3 4
Allreduce 930106 930109 -2 0 1 3 4
Allgatherv 930149 930153 -2 0 1 3 4
Allreduce 930171 930174 -2 0 1 3 4
Allgatherv 930214 930217 -2 0 1 3 4
Allreduce 930235 930238 -2 0 1 3 4
Allgatherv 930278 930282 -2 0 1 3 4
Allreduce 930299 930302 -2 0 1 3 4
Allgatherv 930346 930351 -2 0 1 3 4
Allreduce 930369 930375 -2 0 1 3 4
Allgatherv 930417 930423 -2 0 1 3 4
Allreduce 930440 930444 -2 0 1 3 4
Allgatherv 930484 930489 -2 0 1 3 4
Allreduce 930506 930509 -2 0 1 3 4
Allgatherv 930549 930554 -2 0 1 3 4
Allreduce 930572 930575 -2 0 1 3 4
Allgatherv 930616 930622 -2 0 1 3 4
Allreduce 930639 930642 -2 0 1 3 4
Allgatherv 930683 930687 -2 0 1 3 4
Allreduce 930704 930707 -2 0 1 3 4
Allgatherv 930747 930752 -2 0 1 3 4
Allreduce 930769 930772 -2 0 1 3 4
Allgatherv 930812 930816 -2 0 1 3 4
Allreduce 930834 930837 -2 0 1 3 4
Allgatherv 930877 930881 -2 0 1 3 4
Allreduce 930898 930901 -2 0 1 3 4
Allgatherv 930941 930945 -2 0 1 3 4
Allreduce 930962 930965 -2 0 1 3 4
Allgatherv 931005 931008 -2 0 1 3 4
Allreduce 931026 931029 -2 0 1 3 4
Allgatherv 931069 931072 -2 0 1 3 4
Allreduce 931090 931093 -2 0 1 3 4
Allgatherv 931134 931138 -2 0 1 3 4
Allreduce 931155 931158 -2 0 1 3 4
Allgatherv 931199 931205 -2 0 1 3 4
Allreduce 931224 931227 -2 0 1 3 4
Allgatherv 931267 931271 -2 0 1 3 4
Allreduce 931302 931305 -2 0 1 3 4
Allgatherv 931346 931350 -2 0 1 3 4
Allreduce 931368 931371 -2 0 1 3 4
Allgatherv 931414 931418 -2 0 1 3 4
Allreduce 931437 931440 -2 0 1 3 4
Allgatherv 931482 931485 -2 0 1 3 4
Allreduce 931503 931506 -2 0 1 3 4
Allgatherv 931548 931551 -2 0 1 3 4
Allreduce 931569 931572 -2 0 1 3 4
Allgatherv 931613 931618 -2 0 1 3 4
Allreduce 931636 931639 -2 0 1 3 4
Allgatherv 931680 931685 -2 0 1 3 4
Allreduce 931704 931707 -2 0 1 3 4
Allgatherv 931748 931752 -2 0 1 3 4
Allreduce 931770 931774 -2 0 1 3 4
Allgatherv 931817 931821 -2 0 1 3 4
Allreduce 931839 931842 -2 0 1 3 4
Allgatherv 931883 931887 -2 0 1 3 4
Allreduce 931905 931907 -2 0 1 3 4
Allgatherv 931949 931952 -2 0 1 3 4
Allreduce 931970 931973 -2 0 1 3 4
Allgatherv 932015 932020 -2 0 1 3 4
Allreduce 932038 932040 -2 0 1 3 4
Allgatherv 932082 932085 -2 0 1 3 4
Allreduce 932103 932106 -2 0 1 3 4
Allgatherv 932148 932180 -2 0 1 3 4
Allreduce 932198 932204 -2 0 1 3 4
Allgatherv 932246 932249 -2 0 1 3 4
Allreduce 932281 932284 -2 0 1 3 4
Allgatherv 932326 932330 -2 0 1 3 4
Allreduce 932350 932353 -2 0 1 3 4
Allgatherv 932398 932403 -2 0 1 3 4
Allreduce 932424 932426 -2 0 1 3 4
Allgatherv 932469 932472 -2 0 1 3 4
Allreduce 932491 932494 -2 0 1 3 4
Allgatherv 932537 932540 -2 0 1 3 4
Allreduce 932559 932562 -2 0 1 3 4
Allgatherv 932604 932608 -2 0 1 3 4
Allreduce 932626 932629 -2 0 1 3 4
Allgatherv 932672 932678 -2 0 1 3 4
Allreduce 932696 932699 -2 0 1 3 4
Allgatherv 932742 932746 -2 0 1 3 4
Allreduce 932764 932767 -2 0 1 3 4
Allgatherv 932810 932814 -2 0 1 3 4
Allreduce 932832 932835 -2 0 1 3 4
Allgatherv 932878 932882 -2 0 1 3 4
Allreduce 932900 932903 -2 0 1 3 4
Allgatherv 932947 932951 -2 0 1 3 4
Allreduce 932970 932973 -2 0 1 3 4
Allgatherv 933017 933021 -2 0 1 3 4
Allreduce 933040 933044 -2 0 1 3 4
Allgatherv 933087 933091 -2 0 1 3 4
Allreduce 933109 933112 -2 0 1 3 4
Allgatherv 933154 933159 -2 0 1 3 4
Allreduce 933177 933180 -2 0 1 3 4
Allgatherv 933223 933226 -2 0 1 3 4
Allreduce 933245 933248 -2 0 1 3 4
Allgatherv 933304 933309 -2 0 1 3 4
Allreduce 933327 933329 -2 0 1 3 4
Allgatherv 933371 933376 -2 0 1 3 4
Allreduce 933396 933398 -2 0 1 3 4
Allgatherv 933440 933444 -2 0 1 3 4
Allreduce 933462 933465 -2 0 1 3 4
Allgatherv 933506 933511 -2 0 1 3 4
Allreduce 933530 933533 -2 0 1 3 4
Allgatherv 933574 933578 -2 0 1 3 4
Allreduce 933598 933601 -2 0 1 3 4
Allgatherv 933642 933648 -2 0 1 3 4
Allreduce 933666 933669 -2 0 1 3 4
Allgatherv 933710 933714 -2 0 1 3 4
Allreduce 933732 933734 -2 0 1 3 4
Allgatherv 933776 933779 -2 0 1 3 4
Allreduce 933797 933800 -2 0 1 3 4
Allgatherv 933841 933845 -2 0 1 3 4
Allreduce 933863 933867 -2 0 1 3 4
Allgatherv 933908 933912 -2 0 1 3 4
Allreduce 933930 933933 -2 0 1 3 4
Allgatherv 933974 933979 -2 0 1 3 4
Allreduce 933997 933999 -2 0 1 3 4
Allgatherv 934040 934044 -2 0 1 3 4
Allreduce 934063 934065 -2 0 1 3 4
Allgatherv 934109 934310 -2 0 1 3 4
Allreduce 934343 934346 -2 0 1 3 4
Allgatherv 934385 934401 -2 0 1 3 4
Allreduce 934419 934424 -2 0 1 3 4
Allgatherv 934462 934472 -2 0 1 3 4
Allreduce 934491 934504 -2 0 1 3 4
Allgatherv 934544 934552 -2 0 1 3 4
Allreduce 934569 934626 -2 0 1 3 4
Allgatherv 934666 934672 -2 0 1 3 4
Allreduce 934691 934694 -2 0 1 3 4
Allgatherv 934734 934812 -2 0 1 3 4
Allreduce 934836 934847 -2 0 1 3 4
Allgatherv 934890 934894 -2 0 1 3 4
Allreduce 934917 934921 -2 0 1 3 4
Allgatherv 934979 935023 -2 0 1 3 4
Allreduce 935049 935052 -2 0 1 3 4
Allgatherv 935094 935099 -2 0 1 3 4
Allreduce 935113 935123 -2 0 1 3 4
Allgatherv 935150 935174 -2 0 1 3 4
Allreduce 935187 935204 -2 0 1 3 4
Allgatherv 935231 935259 -2 0 1 3 4
Allreduce 935273 935297 -2 0 1 3 4
Allgatherv 935323 935357 -2 0 1 3 4
Allreduce 935378 935402 -2 0 1 3 4
Allgatherv 935431 935462 -2 0 1 3 4
Allreduce 935477 935497 -2 0 1 3 4
Allgatherv 935528 935555 -2 0 1 3 4
Allreduce 935568 935584 -2 0 1 3 4
Allgatherv 935611 935640 -2 0 1 3 4
Allreduce 935654 935669 -2 0 1 3 4
Allgatherv 935700 935726 -2 0 1 3 4
Allreduce 941294 941609 -2 0 1 3 4
Allgatherv 941658 941668 -2 0 1 3 4
Allreduce 941688 941691 -2 0 1 3 4
Allgatherv 941734 941740 -2 0 1 3 4
Allreduce 941758 941761 -2 0 1 3 4
Allgatherv 941804 941808 -2 0 1 3 4
Allreduce 941827 941830 -2 0 1 3 4
Allgatherv 941872 941878 -2 0 1 3 4
Allreduce 941897 941899 -2 0 1 3 4
Allgatherv 941945 941949 -2 0 1 3 4
Allreduce 941968 941971 -2 0 1 3 4
Allgatherv 942014 942018 -2 0 1 3 4
Allreduce 942037 942041 -2 0 1 3 4
Allgatherv 942083 942088 -2 0 1 3 4
Allreduce 942107 942110 -2 0 1 3 4
Allgatherv 942152 942157 -2 0 1 3 4
Allreduce 942176 942178 -2 0 1 3 4
Allgatherv 942221 942225 -2 0 1 3 4
Allreduce 942243 942246 -2 0 1 3 4
Allgatherv 942289 942294 -2 0 1 3 4
Allreduce 942313 942316 -2 0 1 3 4
Allgatherv 942359 942363 -2 0 1 3 4
Allreduce 942381 942384 -2 0 1 3 4
Allgatherv 942426 942430 -2 0 1 3 4
Allreduce 942449 942451 -2 0 1 3 4
Allgatherv 942496 942500 -2 0 1 3 4
Allreduce 942521 942524 -2 0 1 3 4
Allgatherv 942568 942572 -2 0 1 3 4
Allreduce 942591 942594 -2 0 1 3 4
Allgatherv 942636 942640 -2 0 1 3 4
Allreduce 942658 942662 -2 0 1 3 4
Allgatherv 942705 942710 -2 0 1 3 4
Allreduce 942728 942730 -2 0 1 3 4
Allgatherv 942773 942777 -2 0 1 3 4
Allreduce 942795 942798 -2 0 1 3 4
Allgatherv 942841 942845 -2 0 1 3 4
Allreduce 942863 942866 -2 0 1 3 4
Barrier 946491 946601
Barrier 946615 946661
Barrier 1111154 1127658
Barrier 1127674 1127685
Finalize 1131264 1137268
