SYSTEM_START_US: 1775662103938814
Bcast 782414 782419 1 2 3 4
Bcast 782451 782452 1 2 3 4
Bcast 782469 782471 1 2 3 4
Bcast 843309 843315 1 2 3 4
Bcast 843332 843332 1 2 3 4
Scatterv 843350 846374 1 2 3 4
Scatterv 846396 846404 1 2 3 4
Allgatherv 846427 847127 -2 1 2 3 4
Allgatherv 847167 847217 -2 1 2 3 4
Allreduce 847243 847332 -2 1 2 3 4
Allgatherv 847390 847442 -2 1 2 3 4
Allreduce 847484 847489 -2 1 2 3 4
Allgatherv 847538 847548 -2 1 2 3 4
Allreduce 847571 847575 -2 1 2 3 4
Allgatherv 847662 847666 -2 1 2 3 4
Allreduce 847686 847689 -2 1 2 3 4
Allgatherv 847732 847741 -2 1 2 3 4
Allreduce 847764 847772 -2 1 2 3 4
Allgatherv 847814 847819 -2 1 2 3 4
Allreduce 847839 847842 -2 1 2 3 4
Allgatherv 847926 847930 -2 1 2 3 4
Allreduce 847949 847956 -2 1 2 3 4
Allgatherv 847999 848004 -2 1 2 3 4
Allreduce 848024 848035 -2 1 2 3 4
Allgatherv 848078 848086 -2 1 2 3 4
Allreduce 848105 848111 -2 1 2 3 4
Allgatherv 848152 848164 -2 1 2 3 4
Allreduce 848181 848186 -2 1 2 3 4
Allgatherv 848227 848233 -2 1 2 3 4
Allreduce 848311 848314 -2 1 2 3 4
Allgatherv 848356 848368 -2 1 2 3 4
Allreduce 848388 848399 -2 1 2 3 4
Allgatherv 848440 848445 -2 1 2 3 4
Allreduce 848465 848475 -2 1 2 3 4
Allgatherv 848515 848521 -2 1 2 3 4
Allreduce 848539 848542 -2 1 2 3 4
Allgatherv 848596 848608 -2 1 2 3 4
Allreduce 848624 848626 -2 1 2 3 4
Allgatherv 848665 848670 -2 1 2 3 4
Allreduce 848687 848690 -2 1 2 3 4
Allgatherv 848729 848734 -2 1 2 3 4
Allreduce 848751 848754 -2 1 2 3 4
Allgatherv 848793 848803 -2 1 2 3 4
Allreduce 848903 848908 -2 1 2 3 4
Allgatherv 848947 848957 -2 1 2 3 4
Allreduce 848976 848980 -2 1 2 3 4
Allgatherv 849019 849029 -2 1 2 3 4
Allreduce 849046 849051 -2 1 2 3 4
Allgatherv 849096 849130 -2 1 2 3 4
Allreduce 849155 849160 -2 1 2 3 4
Allgatherv 849202 849207 -2 1 2 3 4
Allreduce 849224 849235 -2 1 2 3 4
Allgatherv 849268 849282 -2 1 2 3 4
Allreduce 849297 849302 -2 1 2 3 4
Allgatherv 849338 849347 -2 1 2 3 4
Allreduce 849363 849367 -2 1 2 3 4
Allgatherv 849404 849789 -2 1 2 3 4
Allreduce 849822 849835 -2 1 2 3 4
Allgatherv 849881 849888 -2 1 2 3 4
Allreduce 850110 850114 -2 1 2 3 4
Allgatherv 850156 850338 -2 1 2 3 4
Allreduce 850369 850392 -2 1 2 3 4
Allgatherv 850436 850451 -2 1 2 3 4
Allreduce 850471 850474 -2 1 2 3 4
Allgatherv 850781 850794 -2 1 2 3 4
Allreduce 850830 850855 -2 1 2 3 4
Allgatherv 850914 850937 -2 1 2 3 4
Allreduce 850982 850991 -2 1 2 3 4
Allgatherv 851046 851101 -2 1 2 3 4
Allreduce 851125 851220 -2 1 2 3 4
Allgatherv 851268 851274 -2 1 2 3 4
Allreduce 851302 851305 -2 1 2 3 4
Allgatherv 851346 851350 -2 1 2 3 4
Allreduce 851371 851374 -2 1 2 3 4
Allgatherv 851416 851421 -2 1 2 3 4
Allreduce 851445 851449 -2 1 2 3 4
Allgatherv 851492 851576 -2 1 2 3 4
Allreduce 851614 851625 -2 1 2 3 4
Allgatherv 851667 851747 -2 1 2 3 4
Allreduce 851774 851794 -2 1 2 3 4
Allgatherv 851843 851940 -2 1 2 3 4
Allreduce 851960 851979 -2 1 2 3 4
Allgatherv 852020 852038 -2 1 2 3 4
Allreduce 852061 852077 -2 1 2 3 4
Allgatherv 852120 852124 -2 1 2 3 4
Allreduce 852144 852154 -2 1 2 3 4
Allgatherv 852194 852206 -2 1 2 3 4
Allreduce 852223 852295 -2 1 2 3 4
Allgatherv 852328 852359 -2 1 2 3 4
Allreduce 852371 852392 -2 1 2 3 4
Allgatherv 852444 852461 -2 1 2 3 4
Allreduce 852478 852495 -2 1 2 3 4
Allgatherv 852519 852548 -2 1 2 3 4
Allreduce 852557 852576 -2 1 2 3 4
Allgatherv 852598 852624 -2 1 2 3 4
Allreduce 852814 852859 -2 1 2 3 4
Allgatherv 852900 852912 -2 1 2 3 4
Allreduce 852931 852943 -2 1 2 3 4
Allgatherv 852984 852988 -2 1 2 3 4
Allreduce 853005 853009 -2 1 2 3 4
Allgatherv 853049 853063 -2 1 2 3 4
Allreduce 853083 853087 -2 1 2 3 4
Allgatherv 853131 853156 -2 1 2 3 4
Allreduce 853188 853196 -2 1 2 3 4
Allgatherv 853248 853254 -2 1 2 3 4
Allreduce 853271 853274 -2 1 2 3 4
Allgatherv 853314 853320 -2 1 2 3 4
Allreduce 853340 853352 -2 1 2 3 4
Allgatherv 853392 853399 -2 1 2 3 4
Allreduce 853417 853423 -2 1 2 3 4
Allgatherv 853463 853475 -2 1 2 3 4
Allreduce 853496 853499 -2 1 2 3 4
Allgatherv 853540 853545 -2 1 2 3 4
Allreduce 853564 853567 -2 1 2 3 4
Allgatherv 853609 853638 -2 1 2 3 4
Allreduce 853658 853679 -2 1 2 3 4
Allgatherv 853720 853727 -2 1 2 3 4
Allreduce 853744 853753 -2 1 2 3 4
Allgatherv 853794 853798 -2 1 2 3 4
Allreduce 853816 853820 -2 1 2 3 4
Allgatherv 853860 853866 -2 1 2 3 4
Allreduce 853884 853901 -2 1 2 3 4
Allgatherv 853943 853957 -2 1 2 3 4
Allreduce 853975 853979 -2 1 2 3 4
Allgatherv 854020 854026 -2 1 2 3 4
Allreduce 854046 854049 -2 1 2 3 4
Allgatherv 854095 854111 -2 1 2 3 4
Allreduce 854129 854133 -2 1 2 3 4
Allgatherv 854175 854184 -2 1 2 3 4
Allreduce 854203 854264 -2 1 2 3 4
Allgatherv 854330 854343 -2 1 2 3 4
Allreduce 854373 854380 -2 1 2 3 4
Allgatherv 854425 854443 -2 1 2 3 4
Allreduce 854470 854473 -2 1 2 3 4
Allgatherv 854516 854521 -2 1 2 3 4
Allreduce 854562 854565 -2 1 2 3 4
Allgatherv 854610 854616 -2 1 2 3 4
Allreduce 854642 854645 -2 1 2 3 4
Allgatherv 854689 854695 -2 1 2 3 4
Allreduce 854716 854718 -2 1 2 3 4
Allgatherv 854759 854763 -2 1 2 3 4
Allreduce 854790 854793 -2 1 2 3 4
Allgatherv 855009 855123 -2 1 2 3 4
Allreduce 855142 855144 -2 1 2 3 4
Allgatherv 855168 855189 -2 1 2 3 4
Allreduce 855198 855209 -2 1 2 3 4
Allgatherv 855231 855251 -2 1 2 3 4
Allreduce 855260 855270 -2 1 2 3 4
Allgatherv 855292 855312 -2 1 2 3 4
Allreduce 855321 855331 -2 1 2 3 4
Allgatherv 855353 855373 -2 1 2 3 4
Allreduce 855382 855398 -2 1 2 3 4
Allgatherv 855420 855441 -2 1 2 3 4
Allreduce 855450 855506 -2 1 2 3 4
Allgatherv 855553 855565 -2 1 2 3 4
Allreduce 855585 855611 -2 1 2 3 4
Allgatherv 855652 855656 -2 1 2 3 4
Allreduce 855676 855686 -2 1 2 3 4
Allgatherv 855729 855749 -2 1 2 3 4
Allreduce 855768 855794 -2 1 2 3 4
Allgatherv 855835 855851 -2 1 2 3 4
Allreduce 855868 855883 -2 1 2 3 4
Allgatherv 855924 855934 -2 1 2 3 4
Allreduce 855950 855965 -2 1 2 3 4
Allgatherv 856005 856017 -2 1 2 3 4
Allreduce 856034 856051 -2 1 2 3 4
Allgatherv 856092 856103 -2 1 2 3 4
Allreduce 856121 856131 -2 1 2 3 4
Allgatherv 856172 856183 -2 1 2 3 4
Allreduce 856199 856213 -2 1 2 3 4
Allgatherv 856254 856267 -2 1 2 3 4
Allreduce 856283 856298 -2 1 2 3 4
Allgatherv 856338 856356 -2 1 2 3 4
Allreduce 856375 856387 -2 1 2 3 4
Allgatherv 856428 856446 -2 1 2 3 4
Allreduce 856463 856476 -2 1 2 3 4
Allgatherv 856517 856533 -2 1 2 3 4
Allreduce 856550 856553 -2 1 2 3 4
Allgatherv 856593 856611 -2 1 2 3 4
Allreduce 856629 856637 -2 1 2 3 4
Allgatherv 856679 856683 -2 1 2 3 4
Allreduce 856701 856703 -2 1 2 3 4
Allgatherv 856744 856748 -2 1 2 3 4
Allreduce 856766 856768 -2 1 2 3 4
Allgatherv 856809 856818 -2 1 2 3 4
Allreduce 856837 856845 -2 1 2 3 4
Allgatherv 856886 856890 -2 1 2 3 4
Allreduce 856908 856910 -2 1 2 3 4
Allgatherv 856951 856955 -2 1 2 3 4
Allreduce 856973 856975 -2 1 2 3 4
Allgatherv 857016 857025 -2 1 2 3 4
Allreduce 857046 857050 -2 1 2 3 4
Allgatherv 857092 857096 -2 1 2 3 4
Allreduce 857118 857125 -2 1 2 3 4
Allgatherv 857165 857169 -2 1 2 3 4
Allreduce 857187 857190 -2 1 2 3 4
Allgatherv 857231 857241 -2 1 2 3 4
Allreduce 857259 857262 -2 1 2 3 4
Allgatherv 857304 857307 -2 1 2 3 4
Allreduce 857325 857327 -2 1 2 3 4
Allgatherv 857369 857372 -2 1 2 3 4
Allreduce 857390 857392 -2 1 2 3 4
Allgatherv 857434 857438 -2 1 2 3 4
Allreduce 857455 857481 -2 1 2 3 4
Allgatherv 857522 857531 -2 1 2 3 4
Allreduce 857548 857563 -2 1 2 3 4
Allgatherv 857605 857617 -2 1 2 3 4
Allreduce 857634 857659 -2 1 2 3 4
Allgatherv 857701 857717 -2 1 2 3 4
Allreduce 857734 857750 -2 1 2 3 4
Allgatherv 857793 857814 -2 1 2 3 4
Allreduce 857835 857852 -2 1 2 3 4
Allgatherv 858442 858539 -2 1 2 3 4
Allreduce 858572 858585 -2 1 2 3 4
Allgatherv 858629 858632 -2 1 2 3 4
Allreduce 858651 858655 -2 1 2 3 4
Allgatherv 858699 858703 -2 1 2 3 4
Allreduce 858723 858726 -2 1 2 3 4
Allgatherv 858769 858772 -2 1 2 3 4
Allreduce 858790 858793 -2 1 2 3 4
Allgatherv 858835 858839 -2 1 2 3 4
Allreduce 858858 858861 -2 1 2 3 4
Allgatherv 858903 858914 -2 1 2 3 4
Allreduce 858933 858936 -2 1 2 3 4
Allgatherv 858978 858982 -2 1 2 3 4
Allreduce 859001 859009 -2 1 2 3 4
Allgatherv 859053 859057 -2 1 2 3 4
Allreduce 859076 859078 -2 1 2 3 4
Allgatherv 859121 859131 -2 1 2 3 4
Allreduce 859150 859152 -2 1 2 3 4
Allgatherv 859195 859198 -2 1 2 3 4
Allreduce 859217 859219 -2 1 2 3 4
Allgatherv 859262 859266 -2 1 2 3 4
Allreduce 859284 859288 -2 1 2 3 4
Allgatherv 859332 859336 -2 1 2 3 4
Allreduce 859356 859358 -2 1 2 3 4
Allgatherv 859401 859405 -2 1 2 3 4
Allreduce 859423 859426 -2 1 2 3 4
Allgatherv 859468 859499 -2 1 2 3 4
Allreduce 859517 859528 -2 1 2 3 4
Allgatherv 859571 859575 -2 1 2 3 4
Allreduce 859593 859610 -2 1 2 3 4
Allgatherv 859668 859691 -2 1 2 3 4
Allreduce 859710 859723 -2 1 2 3 4
Allgatherv 859767 859790 -2 1 2 3 4
Allreduce 859808 859827 -2 1 2 3 4
Allgatherv 859871 859886 -2 1 2 3 4
Allreduce 859904 859920 -2 1 2 3 4
Allgatherv 859964 859971 -2 1 2 3 4
Allreduce 859990 860000 -2 1 2 3 4
Allgatherv 860047 860061 -2 1 2 3 4
Allreduce 860080 860096 -2 1 2 3 4
Allgatherv 860140 860152 -2 1 2 3 4
Allreduce 860171 860186 -2 1 2 3 4
Allgatherv 860230 860243 -2 1 2 3 4
Allreduce 860261 860279 -2 1 2 3 4
Allgatherv 860323 860335 -2 1 2 3 4
Allreduce 860355 860370 -2 1 2 3 4
Allgatherv 860414 860426 -2 1 2 3 4
Allreduce 860444 860463 -2 1 2 3 4
Allgatherv 860508 860532 -2 1 2 3 4
Allreduce 860551 860556 -2 1 2 3 4
Allgatherv 860599 860603 -2 1 2 3 4
Allreduce 860622 860639 -2 1 2 3 4
Allgatherv 860681 860684 -2 1 2 3 4
Allreduce 860702 860705 -2 1 2 3 4
Allgatherv 860747 860751 -2 1 2 3 4
Allreduce 860769 860773 -2 1 2 3 4
Allgatherv 860816 860819 -2 1 2 3 4
Allreduce 860839 860842 -2 1 2 3 4
Allgatherv 860886 860889 -2 1 2 3 4
Allreduce 860908 860910 -2 1 2 3 4
Allgatherv 860953 860956 -2 1 2 3 4
Allreduce 860975 860977 -2 1 2 3 4
Allgatherv 861020 861025 -2 1 2 3 4
Allreduce 861046 861048 -2 1 2 3 4
Allgatherv 861091 861094 -2 1 2 3 4
Allreduce 861113 861115 -2 1 2 3 4
Allgatherv 861157 861161 -2 1 2 3 4
Allreduce 861179 861182 -2 1 2 3 4
Allgatherv 861224 861228 -2 1 2 3 4
Allreduce 861246 861249 -2 1 2 3 4
Allgatherv 861291 861295 -2 1 2 3 4
Allreduce 861313 861315 -2 1 2 3 4
Allgatherv 861357 861361 -2 1 2 3 4
Allreduce 861380 861384 -2 1 2 3 4
Allgatherv 861426 861430 -2 1 2 3 4
Allreduce 861449 861452 -2 1 2 3 4
Allgatherv 861496 861517 -2 1 2 3 4
Allreduce 861536 861555 -2 1 2 3 4
Allgatherv 861598 861613 -2 1 2 3 4
Allreduce 861630 861656 -2 1 2 3 4
Allgatherv 861699 861716 -2 1 2 3 4
Allreduce 861733 861751 -2 1 2 3 4
Allgatherv 861793 861806 -2 1 2 3 4
Allreduce 861825 861841 -2 1 2 3 4
Allgatherv 861883 861898 -2 1 2 3 4
Allreduce 861916 861927 -2 1 2 3 4
Allgatherv 861969 861977 -2 1 2 3 4
Allreduce 861994 862010 -2 1 2 3 4
Allgatherv 862055 862069 -2 1 2 3 4
Allreduce 862086 862102 -2 1 2 3 4
Allgatherv 862145 862160 -2 1 2 3 4
Allreduce 862177 862194 -2 1 2 3 4
Allgatherv 862239 862251 -2 1 2 3 4
Allreduce 862269 862284 -2 1 2 3 4
Allgatherv 862327 862342 -2 1 2 3 4
Allreduce 862359 862374 -2 1 2 3 4
Allgatherv 862416 862428 -2 1 2 3 4
Allreduce 862445 862462 -2 1 2 3 4
Allgatherv 862505 862509 -2 1 2 3 4
Allreduce 862527 862530 -2 1 2 3 4
Allgatherv 862572 862576 -2 1 2 3 4
Allreduce 862594 862597 -2 1 2 3 4
Allgatherv 862639 862643 -2 1 2 3 4
Allreduce 862661 862664 -2 1 2 3 4
Allgatherv 862706 862710 -2 1 2 3 4
Allreduce 863381 863386 -2 1 2 3 4
Allgatherv 863429 863435 -2 1 2 3 4
Allreduce 863454 863476 -2 1 2 3 4
Allgatherv 863518 863524 -2 1 2 3 4
Allreduce 863543 863568 -2 1 2 3 4
Allgatherv 863610 863622 -2 1 2 3 4
Allreduce 863639 863660 -2 1 2 3 4
Allgatherv 863702 863706 -2 1 2 3 4
Allreduce 863724 863727 -2 1 2 3 4
Allgatherv 863770 863773 -2 1 2 3 4
Allreduce 863791 863794 -2 1 2 3 4
Allgatherv 863836 863840 -2 1 2 3 4
Allreduce 863858 863862 -2 1 2 3 4
Allgatherv 863904 863908 -2 1 2 3 4
Allreduce 863928 863931 -2 1 2 3 4
Allgatherv 863973 863977 -2 1 2 3 4
Allreduce 863997 863999 -2 1 2 3 4
Allgatherv 864044 864048 -2 1 2 3 4
Allreduce 864066 864069 -2 1 2 3 4
Allgatherv 864111 864116 -2 1 2 3 4
Allreduce 864135 864137 -2 1 2 3 4
Allgatherv 864180 864183 -2 1 2 3 4
Allreduce 864201 864204 -2 1 2 3 4
Allgatherv 864246 864249 -2 1 2 3 4
Allreduce 864268 864270 -2 1 2 3 4
Allgatherv 864313 864316 -2 1 2 3 4
Allreduce 864335 864337 -2 1 2 3 4
Allgatherv 864379 864383 -2 1 2 3 4
Allreduce 864401 864404 -2 1 2 3 4
Allgatherv 864447 864452 -2 1 2 3 4
Allreduce 864470 864473 -2 1 2 3 4
Allgatherv 864515 864519 -2 1 2 3 4
Allreduce 864539 864541 -2 1 2 3 4
Allgatherv 864585 864589 -2 1 2 3 4
Allreduce 864621 864623 -2 1 2 3 4
Allgatherv 864667 864671 -2 1 2 3 4
Allreduce 864689 864692 -2 1 2 3 4
Allgatherv 864736 864741 -2 1 2 3 4
Allreduce 864759 864763 -2 1 2 3 4
Allgatherv 864806 864810 -2 1 2 3 4
Allreduce 864829 864831 -2 1 2 3 4
Allgatherv 864875 864879 -2 1 2 3 4
Allreduce 864897 864900 -2 1 2 3 4
Allgatherv 864943 864947 -2 1 2 3 4
Allreduce 864966 864969 -2 1 2 3 4
Allgatherv 865012 865016 -2 1 2 3 4
Allreduce 865038 865116 -2 1 2 3 4
Allgatherv 865160 865187 -2 1 2 3 4
Allreduce 865206 865217 -2 1 2 3 4
Allgatherv 865260 865267 -2 1 2 3 4
Allreduce 865287 865291 -2 1 2 3 4
Allgatherv 865336 865369 -2 1 2 3 4
Allreduce 865388 865395 -2 1 2 3 4
Allgatherv 865439 865444 -2 1 2 3 4
Allreduce 865463 865468 -2 1 2 3 4
Allgatherv 865512 865545 -2 1 2 3 4
Allreduce 865564 865598 -2 1 2 3 4
Allgatherv 865642 865671 -2 1 2 3 4
Allreduce 865710 865720 -2 1 2 3 4
Allgatherv 865777 865786 -2 1 2 3 4
Allreduce 865809 865822 -2 1 2 3 4
Allgatherv 865866 865900 -2 1 2 3 4
Allreduce 865919 865931 -2 1 2 3 4
Allgatherv 865975 865984 -2 1 2 3 4
Allreduce 866003 866011 -2 1 2 3 4
Allgatherv 866059 866084 -2 1 2 3 4
Allreduce 866103 866118 -2 1 2 3 4
Allgatherv 866168 866334 -2 1 2 3 4
Allreduce 866357 866366 -2 1 2 3 4
Allgatherv 866412 866801 -2 1 2 3 4
Allreduce 866827 866853 -2 1 2 3 4
Allgatherv 866894 866921 -2 1 2 3 4
Allreduce 866943 866955 -2 1 2 3 4
Allgatherv 866999 867131 -2 1 2 3 4
Allreduce 867167 867171 -2 1 2 3 4
Allgatherv 867219 867229 -2 1 2 3 4
Allreduce 867255 867264 -2 1 2 3 4
Allgatherv 867322 867338 -2 1 2 3 4
Allreduce 867374 867380 -2 1 2 3 4
Allgatherv 867429 867442 -2 1 2 3 4
Allreduce 867467 867741 -2 1 2 3 4
Allgatherv 867808 867914 -2 1 2 3 4
Allreduce 867942 868015 -2 1 2 3 4
Allgatherv 868065 868264 -2 1 2 3 4
Allreduce 868294 868315 -2 1 2 3 4
Allgatherv 868360 868398 -2 1 2 3 4
Allreduce 868419 868433 -2 1 2 3 4
Allgatherv 868476 868491 -2 1 2 3 4
Allreduce 868510 868521 -2 1 2 3 4
Allgatherv 868563 868575 -2 1 2 3 4
Allreduce 868594 868605 -2 1 2 3 4
Allgatherv 868661 868665 -2 1 2 3 4
Allreduce 868683 868690 -2 1 2 3 4
Allgatherv 868730 868741 -2 1 2 3 4
Allreduce 868759 868771 -2 1 2 3 4
Allgatherv 868810 868819 -2 1 2 3 4
Allreduce 868837 868848 -2 1 2 3 4
Allgatherv 868888 868904 -2 1 2 3 4
Allreduce 868923 868981 -2 1 2 3 4
Allgatherv 869020 869037 -2 1 2 3 4
Allreduce 869055 869059 -2 1 2 3 4
Allgatherv 869099 869102 -2 1 2 3 4
Allreduce 869121 869124 -2 1 2 3 4
Allgatherv 869168 869172 -2 1 2 3 4
Allreduce 869191 869194 -2 1 2 3 4
Allgatherv 869234 869238 -2 1 2 3 4
Allreduce 869255 869260 -2 1 2 3 4
Allgatherv 869299 869359 -2 1 2 3 4
Allreduce 869376 869389 -2 1 2 3 4
Allgatherv 869430 869435 -2 1 2 3 4
Allreduce 869452 869455 -2 1 2 3 4
Allgatherv 869495 869499 -2 1 2 3 4
Allreduce 869606 869611 -2 1 2 3 4
Allgatherv 869655 869665 -2 1 2 3 4
Allreduce 869684 869701 -2 1 2 3 4
Allgatherv 869743 869765 -2 1 2 3 4
Allreduce 869789 869817 -2 1 2 3 4
Allgatherv 869915 869922 -2 1 2 3 4
Allreduce 869951 869955 -2 1 2 3 4
Allgatherv 870004 870009 -2 1 2 3 4
Allreduce 870033 870037 -2 1 2 3 4
Allgatherv 870081 870085 -2 1 2 3 4
Allreduce 870118 870121 -2 1 2 3 4
Allgatherv 870171 870177 -2 1 2 3 4
Allreduce 870203 870206 -2 1 2 3 4
Allgatherv 870249 870256 -2 1 2 3 4
Allreduce 870300 870303 -2 1 2 3 4
Allgatherv 870366 870373 -2 1 2 3 4
Allreduce 870407 870412 -2 1 2 3 4
Allgatherv 870456 870462 -2 1 2 3 4
Allreduce 870489 870494 -2 1 2 3 4
Allgatherv 870544 870550 -2 1 2 3 4
Allreduce 870577 870593 -2 1 2 3 4
Allgatherv 870635 870640 -2 1 2 3 4
Allreduce 870664 870667 -2 1 2 3 4
Allgatherv 870710 870716 -2 1 2 3 4
Allreduce 870741 870745 -2 1 2 3 4
Allgatherv 870786 870791 -2 1 2 3 4
Allreduce 870804 870812 -2 1 2 3 4
Allgatherv 870838 870855 -2 1 2 3 4
Allreduce 870865 870875 -2 1 2 3 4
Allgatherv 870898 870918 -2 1 2 3 4
Allreduce 870929 870939 -2 1 2 3 4
Allgatherv 870962 870983 -2 1 2 3 4
Allreduce 870993 871003 -2 1 2 3 4
Allgatherv 871026 871046 -2 1 2 3 4
Allreduce 871056 871066 -2 1 2 3 4
Allgatherv 871089 871109 -2 1 2 3 4
Allreduce 871120 871137 -2 1 2 3 4
Allgatherv 871161 871179 -2 1 2 3 4
Allreduce 871190 871199 -2 1 2 3 4
Allgatherv 871222 871243 -2 1 2 3 4
Allreduce 871253 871264 -2 1 2 3 4
Allgatherv 871287 871322 -2 1 2 3 4
Allreduce 871339 871344 -2 1 2 3 4
Allgatherv 871368 871387 -2 1 2 3 4
Allreduce 871397 871407 -2 1 2 3 4
Allgatherv 871431 871450 -2 1 2 3 4
Allreduce 872479 872691 -2 1 2 3 4
Allgatherv 872734 872744 -2 1 2 3 4
Allreduce 872763 872777 -2 1 2 3 4
Allgatherv 872819 872824 -2 1 2 3 4
Allreduce 872844 872847 -2 1 2 3 4
Allgatherv 872889 872893 -2 1 2 3 4
Allreduce 872911 872915 -2 1 2 3 4
Allgatherv 872957 872960 -2 1 2 3 4
Allreduce 872978 872981 -2 1 2 3 4
Allgatherv 873023 873026 -2 1 2 3 4
Allreduce 873044 873047 -2 1 2 3 4
Allgatherv 873088 873092 -2 1 2 3 4
Allreduce 873110 873113 -2 1 2 3 4
Allgatherv 873159 873163 -2 1 2 3 4
Allreduce 873181 873185 -2 1 2 3 4
Allgatherv 873226 873230 -2 1 2 3 4
Allreduce 873248 873252 -2 1 2 3 4
Allgatherv 873294 873297 -2 1 2 3 4
Allreduce 873315 873319 -2 1 2 3 4
Allgatherv 873360 873364 -2 1 2 3 4
Allreduce 873381 873385 -2 1 2 3 4
Allgatherv 873426 873430 -2 1 2 3 4
Allreduce 873449 873480 -2 1 2 3 4
Allgatherv 873525 873529 -2 1 2 3 4
Allreduce 873548 873552 -2 1 2 3 4
Allgatherv 873593 873611 -2 1 2 3 4
Allreduce 873630 873647 -2 1 2 3 4
Allgatherv 873690 873716 -2 1 2 3 4
Allreduce 873734 873761 -2 1 2 3 4
Allgatherv 873804 873814 -2 1 2 3 4
Allreduce 873833 873848 -2 1 2 3 4
Allgatherv 873891 873904 -2 1 2 3 4
Allreduce 873923 873936 -2 1 2 3 4
Allgatherv 873979 873985 -2 1 2 3 4
Allreduce 874003 874017 -2 1 2 3 4
Allgatherv 874059 874068 -2 1 2 3 4
Allreduce 874087 874098 -2 1 2 3 4
Allgatherv 874144 874157 -2 1 2 3 4
Allreduce 874176 874190 -2 1 2 3 4
Allgatherv 874235 874244 -2 1 2 3 4
Allreduce 874262 874282 -2 1 2 3 4
Allgatherv 874326 874338 -2 1 2 3 4
Allreduce 874357 874369 -2 1 2 3 4
Allgatherv 874412 874419 -2 1 2 3 4
Allreduce 874438 874454 -2 1 2 3 4
Allgatherv 874497 874511 -2 1 2 3 4
Allreduce 874530 874534 -2 1 2 3 4
Allgatherv 874577 874581 -2 1 2 3 4
Allreduce 874600 874604 -2 1 2 3 4
Allgatherv 874647 874650 -2 1 2 3 4
Allreduce 874669 874672 -2 1 2 3 4
Allgatherv 874715 874719 -2 1 2 3 4
Allreduce 874737 874740 -2 1 2 3 4
Allgatherv 874783 874787 -2 1 2 3 4
Allreduce 874806 874809 -2 1 2 3 4
Allgatherv 874851 874855 -2 1 2 3 4
Allreduce 874874 874877 -2 1 2 3 4
Allgatherv 874921 874925 -2 1 2 3 4
Allreduce 874944 874947 -2 1 2 3 4
Allgatherv 874990 874994 -2 1 2 3 4
Allreduce 875012 875016 -2 1 2 3 4
Allgatherv 875058 875062 -2 1 2 3 4
Allreduce 875081 875084 -2 1 2 3 4
Allgatherv 875129 875133 -2 1 2 3 4
Allreduce 875154 875157 -2 1 2 3 4
Allgatherv 875200 875204 -2 1 2 3 4
Allreduce 875222 875226 -2 1 2 3 4
Allgatherv 875268 875272 -2 1 2 3 4
Allreduce 875291 875294 -2 1 2 3 4
Allgatherv 875337 875341 -2 1 2 3 4
Allreduce 875360 875363 -2 1 2 3 4
Allgatherv 875405 875409 -2 1 2 3 4
Allreduce 875428 875431 -2 1 2 3 4
Allgatherv 875475 875495 -2 1 2 3 4
Allreduce 875514 875525 -2 1 2 3 4
Allgatherv 875570 875580 -2 1 2 3 4
Allreduce 875599 875618 -2 1 2 3 4
Allgatherv 875661 875684 -2 1 2 3 4
Allreduce 875703 875723 -2 1 2 3 4
Allgatherv 875766 875780 -2 1 2 3 4
Allreduce 875797 875812 -2 1 2 3 4
Allgatherv 875856 875871 -2 1 2 3 4
Allreduce 875888 875902 -2 1 2 3 4
Allgatherv 875945 875953 -2 1 2 3 4
Allreduce 875970 875982 -2 1 2 3 4
Allgatherv 876025 876038 -2 1 2 3 4
Allreduce 876056 876066 -2 1 2 3 4
Allgatherv 876109 876123 -2 1 2 3 4
Allreduce 876145 876176 -2 1 2 3 4
Allgatherv 876220 876238 -2 1 2 3 4
Allreduce 876256 876271 -2 1 2 3 4
Allgatherv 876314 876329 -2 1 2 3 4
Allreduce 876348 876360 -2 1 2 3 4
Allgatherv 876403 876413 -2 1 2 3 4
Allreduce 876431 876445 -2 1 2 3 4
Allgatherv 876488 876503 -2 1 2 3 4
Allreduce 876522 876525 -2 1 2 3 4
Allgatherv 876582 876585 -2 1 2 3 4
Allreduce 876606 876609 -2 1 2 3 4
Allgatherv 876653 876657 -2 1 2 3 4
Allreduce 876676 876679 -2 1 2 3 4
Allgatherv 876723 876727 -2 1 2 3 4
Allreduce 876745 876748 -2 1 2 3 4
Allgatherv 876793 876798 -2 1 2 3 4
Allreduce 876817 876820 -2 1 2 3 4
Allgatherv 876864 876868 -2 1 2 3 4
Allreduce 876887 876891 -2 1 2 3 4
Allgatherv 876935 876938 -2 1 2 3 4
Allreduce 876957 876960 -2 1 2 3 4
Allgatherv 877004 877008 -2 1 2 3 4
Allreduce 877028 877031 -2 1 2 3 4
Allgatherv 877076 877079 -2 1 2 3 4
Allreduce 877098 877102 -2 1 2 3 4
Allgatherv 877146 877149 -2 1 2 3 4
Allreduce 877168 877172 -2 1 2 3 4
Allgatherv 877216 877219 -2 1 2 3 4
Allreduce 877243 877246 -2 1 2 3 4
Allgatherv 877290 877294 -2 1 2 3 4
Allreduce 877313 877316 -2 1 2 3 4
Allgatherv 877359 877363 -2 1 2 3 4
Allreduce 877382 877386 -2 1 2 3 4
Allgatherv 877430 877434 -2 1 2 3 4
Allreduce 877453 877476 -2 1 2 3 4
Allgatherv 877522 877536 -2 1 2 3 4
Allreduce 877556 877559 -2 1 2 3 4
Allgatherv 877604 877608 -2 1 2 3 4
Allreduce 877627 877630 -2 1 2 3 4
Allgatherv 877674 877678 -2 1 2 3 4
Allreduce 877699 877702 -2 1 2 3 4
Allgatherv 877746 877750 -2 1 2 3 4
Allreduce 877769 877772 -2 1 2 3 4
Allgatherv 877816 877820 -2 1 2 3 4
Allreduce 877839 877844 -2 1 2 3 4
Allgatherv 877888 877891 -2 1 2 3 4
Allreduce 877910 877914 -2 1 2 3 4
Allgatherv 877957 877961 -2 1 2 3 4
Allreduce 877980 877983 -2 1 2 3 4
Allgatherv 878027 878031 -2 1 2 3 4
Allreduce 878050 878054 -2 1 2 3 4
Allgatherv 878099 878103 -2 1 2 3 4
Allreduce 878122 878125 -2 1 2 3 4
Allgatherv 878169 878175 -2 1 2 3 4
Allreduce 878194 878197 -2 1 2 3 4
Allgatherv 878244 878247 -2 1 2 3 4
Allreduce 878266 878269 -2 1 2 3 4
Allgatherv 878315 878320 -2 1 2 3 4
Allreduce 878339 878342 -2 1 2 3 4
Allgatherv 878386 878390 -2 1 2 3 4
Allreduce 878410 878413 -2 1 2 3 4
Allgatherv 878457 878460 -2 1 2 3 4
Allreduce 878481 878484 -2 1 2 3 4
Allgatherv 878528 878532 -2 1 2 3 4
Allreduce 878551 878554 -2 1 2 3 4
Allgatherv 878598 878601 -2 1 2 3 4
Allreduce 878620 878623 -2 1 2 3 4
Allgatherv 878668 878673 -2 1 2 3 4
Allreduce 878692 878695 -2 1 2 3 4
Allgatherv 878739 878743 -2 1 2 3 4
Allreduce 878762 878765 -2 1 2 3 4
Allgatherv 878809 878814 -2 1 2 3 4
Allreduce 878833 878837 -2 1 2 3 4
Allgatherv 878881 878884 -2 1 2 3 4
Allreduce 878903 878906 -2 1 2 3 4
Allgatherv 878952 878956 -2 1 2 3 4
Allreduce 878975 878978 -2 1 2 3 4
Allgatherv 879022 879026 -2 1 2 3 4
Allreduce 879045 879049 -2 1 2 3 4
Allgatherv 879094 879098 -2 1 2 3 4
Allreduce 879117 879124 -2 1 2 3 4
Allgatherv 879169 879176 -2 1 2 3 4
Allreduce 879195 879198 -2 1 2 3 4
Allgatherv 879241 879257 -2 1 2 3 4
Allreduce 879271 879279 -2 1 2 3 4
Allgatherv 879305 879326 -2 1 2 3 4
Allreduce 879337 879348 -2 1 2 3 4
Allgatherv 879373 879396 -2 1 2 3 4
Allreduce 879407 879419 -2 1 2 3 4
Allgatherv 879444 879468 -2 1 2 3 4
Allreduce 879483 879488 -2 1 2 3 4
Allgatherv 879533 879547 -2 1 2 3 4
Allreduce 879564 879586 -2 1 2 3 4
Allgatherv 879644 879653 -2 1 2 3 4
Allreduce 879688 879694 -2 1 2 3 4
Allgatherv 879729 879760 -2 1 2 3 4
Allreduce 879773 879795 -2 1 2 3 4
Allgatherv 879820 879855 -2 1 2 3 4
Allreduce 879866 879887 -2 1 2 3 4
Allgatherv 879911 879940 -2 1 2 3 4
Allreduce 879951 879968 -2 1 2 3 4
Allgatherv 879993 880026 -2 1 2 3 4
Allreduce 880037 880059 -2 1 2 3 4
Allgatherv 880084 880113 -2 1 2 3 4
Allreduce 880124 880146 -2 1 2 3 4
Allgatherv 880171 880204 -2 1 2 3 4
Allreduce 880218 880368 -2 1 2 3 4
Allgatherv 880420 880427 -2 1 2 3 4
Allreduce 880455 880470 -2 1 2 3 4
Allgatherv 880498 880530 -2 1 2 3 4
Allreduce 880542 880556 -2 1 2 3 4
Allgatherv 880580 880618 -2 1 2 3 4
Allreduce 880628 880640 -2 1 2 3 4
Allgatherv 880663 880687 -2 1 2 3 4
Allreduce 880697 880709 -2 1 2 3 4
Allgatherv 880733 880756 -2 1 2 3 4
Allreduce 880765 880777 -2 1 2 3 4
Allgatherv 880801 880824 -2 1 2 3 4
Allreduce 880834 880846 -2 1 2 3 4
Allgatherv 880870 880893 -2 1 2 3 4
Allreduce 880902 880915 -2 1 2 3 4
Allgatherv 880939 880962 -2 1 2 3 4
Allreduce 880971 880984 -2 1 2 3 4
Allgatherv 881008 881032 -2 1 2 3 4
Allreduce 881041 881054 -2 1 2 3 4
Allgatherv 881077 881100 -2 1 2 3 4
Allreduce 881110 881123 -2 1 2 3 4
Allgatherv 881146 881169 -2 1 2 3 4
Allreduce 881180 881193 -2 1 2 3 4
Allgatherv 881219 881242 -2 1 2 3 4
Allreduce 881252 881266 -2 1 2 3 4
Allgatherv 881289 881313 -2 1 2 3 4
Allreduce 881323 881338 -2 1 2 3 4
Allgatherv 881361 881385 -2 1 2 3 4
Allreduce 881394 881407 -2 1 2 3 4
Allgatherv 881431 881453 -2 1 2 3 4
Allreduce 881463 881474 -2 1 2 3 4
Allgatherv 881514 881529 -2 1 2 3 4
Allreduce 881546 881567 -2 1 2 3 4
Allgatherv 881616 881638 -2 1 2 3 4
Allreduce 881677 881681 -2 1 2 3 4
Allgatherv 881730 881738 -2 1 2 3 4
Allreduce 881767 881771 -2 1 2 3 4
Allgatherv 881819 881825 -2 1 2 3 4
Allreduce 881853 881856 -2 1 2 3 4
Allgatherv 881904 881909 -2 1 2 3 4
Allreduce 881935 881938 -2 1 2 3 4
Allgatherv 881982 881988 -2 1 2 3 4
Allreduce 882013 882016 -2 1 2 3 4
Allgatherv 884721 884759 -2 1 2 3 4
Allreduce 884802 884823 -2 1 2 3 4
Allgatherv 884869 884881 -2 1 2 3 4
Allreduce 884900 884916 -2 1 2 3 4
Allgatherv 884963 885081 -2 1 2 3 4
Allreduce 885100 885112 -2 1 2 3 4
Allgatherv 885157 885206 -2 1 2 3 4
Allreduce 885229 885235 -2 1 2 3 4
Allgatherv 885274 885288 -2 1 2 3 4
Allreduce 885307 885318 -2 1 2 3 4
Allgatherv 885356 885376 -2 1 2 3 4
Allreduce 885397 885407 -2 1 2 3 4
Allgatherv 885451 885456 -2 1 2 3 4
Allreduce 885477 885553 -2 1 2 3 4
Allgatherv 885630 885636 -2 1 2 3 4
Allreduce 885660 885673 -2 1 2 3 4
Allgatherv 885752 885764 -2 1 2 3 4
Allreduce 885796 885810 -2 1 2 3 4
Allgatherv 885855 885875 -2 1 2 3 4
Allreduce 885894 885898 -2 1 2 3 4
Allgatherv 885941 885945 -2 1 2 3 4
Allreduce 885964 885992 -2 1 2 3 4
Allgatherv 886085 886092 -2 1 2 3 4
Allreduce 886118 886122 -2 1 2 3 4
Allgatherv 886161 886171 -2 1 2 3 4
Allreduce 886191 886195 -2 1 2 3 4
Allgatherv 886250 886255 -2 1 2 3 4
Allreduce 886279 886293 -2 1 2 3 4
Allgatherv 886337 886354 -2 1 2 3 4
Allreduce 886368 886377 -2 1 2 3 4
Allgatherv 886402 886425 -2 1 2 3 4
Allreduce 886436 886448 -2 1 2 3 4
Allgatherv 886472 886495 -2 1 2 3 4
Allreduce 886506 886518 -2 1 2 3 4
Allgatherv 886542 886566 -2 1 2 3 4
Allreduce 886577 886588 -2 1 2 3 4
Allgatherv 886642 886650 -2 1 2 3 4
Allreduce 886662 886674 -2 1 2 3 4
Allgatherv 886714 886718 -2 1 2 3 4
Allreduce 886732 886742 -2 1 2 3 4
Allgatherv 886767 886789 -2 1 2 3 4
Allreduce 886798 886812 -2 1 2 3 4
Allgatherv 886836 886865 -2 1 2 3 4
Allreduce 886880 886901 -2 1 2 3 4
Allgatherv 886929 886960 -2 1 2 3 4
Allreduce 886974 887000 -2 1 2 3 4
Allgatherv 887027 887053 -2 1 2 3 4
Allreduce 887062 887075 -2 1 2 3 4
Allgatherv 887098 887122 -2 1 2 3 4
Allreduce 887131 887143 -2 1 2 3 4
Allgatherv 887166 887190 -2 1 2 3 4
Allreduce 887199 887212 -2 1 2 3 4
Allgatherv 887235 887258 -2 1 2 3 4
Allreduce 887268 887281 -2 1 2 3 4
Allgatherv 887304 887331 -2 1 2 3 4
Allreduce 887342 887353 -2 1 2 3 4
Allgatherv 887377 887401 -2 1 2 3 4
Allreduce 887413 887426 -2 1 2 3 4
Allgatherv 887449 887474 -2 1 2 3 4
Allreduce 887483 887508 -2 1 2 3 4
Allgatherv 887531 887560 -2 1 2 3 4
Allreduce 887569 887582 -2 1 2 3 4
Allgatherv 887606 887630 -2 1 2 3 4
Allreduce 887639 887668 -2 1 2 3 4
Allgatherv 887690 887710 -2 1 2 3 4
Allreduce 887719 887731 -2 1 2 3 4
Allgatherv 887752 887773 -2 1 2 3 4
Allreduce 887782 887793 -2 1 2 3 4
Allgatherv 887814 887835 -2 1 2 3 4
Allreduce 887844 887856 -2 1 2 3 4
Allgatherv 887877 887898 -2 1 2 3 4
Allreduce 887907 887918 -2 1 2 3 4
Allgatherv 887939 887960 -2 1 2 3 4
Allreduce 887969 887980 -2 1 2 3 4
Allgatherv 888001 888023 -2 1 2 3 4
Allreduce 888033 888045 -2 1 2 3 4
Allgatherv 888066 888087 -2 1 2 3 4
Allreduce 888096 888107 -2 1 2 3 4
Allgatherv 888128 888149 -2 1 2 3 4
Allreduce 888157 888169 -2 1 2 3 4
Allgatherv 888190 888211 -2 1 2 3 4
Allreduce 888220 888231 -2 1 2 3 4
Allgatherv 888252 888273 -2 1 2 3 4
Allreduce 888282 888294 -2 1 2 3 4
Allgatherv 888320 888339 -2 1 2 3 4
Allreduce 888348 888359 -2 1 2 3 4
Allgatherv 888380 888401 -2 1 2 3 4
Allreduce 888410 888422 -2 1 2 3 4
Allgatherv 888443 888464 -2 1 2 3 4
Allreduce 888472 888484 -2 1 2 3 4
Allgatherv 888505 888526 -2 1 2 3 4
Allreduce 888534 888546 -2 1 2 3 4
Allgatherv 888567 888589 -2 1 2 3 4
Allreduce 888599 888611 -2 1 2 3 4
Allgatherv 888632 888653 -2 1 2 3 4
Allreduce 888662 888673 -2 1 2 3 4
Allgatherv 888694 888715 -2 1 2 3 4
Allreduce 888723 888735 -2 1 2 3 4
Allgatherv 888756 888777 -2 1 2 3 4
Allreduce 888786 888796 -2 1 2 3 4
Allgatherv 888818 888839 -2 1 2 3 4
Allreduce 888848 888859 -2 1 2 3 4
Allgatherv 888880 888901 -2 1 2 3 4
Allreduce 888910 888920 -2 1 2 3 4
Allgatherv 888941 888962 -2 1 2 3 4
Allreduce 888971 888983 -2 1 2 3 4
Allgatherv 889004 889025 -2 1 2 3 4
Allreduce 889034 889045 -2 1 2 3 4
Allgatherv 889066 889087 -2 1 2 3 4
Allreduce 889095 889108 -2 1 2 3 4
Allgatherv 889130 889152 -2 1 2 3 4
Allreduce 889160 889172 -2 1 2 3 4
Allgatherv 889193 889214 -2 1 2 3 4
Allreduce 889223 889234 -2 1 2 3 4
Allgatherv 889255 889276 -2 1 2 3 4
Allreduce 889284 889296 -2 1 2 3 4
Allgatherv 889320 889339 -2 1 2 3 4
Allreduce 889348 889360 -2 1 2 3 4
Allgatherv 889381 889402 -2 1 2 3 4
Allreduce 889411 889422 -2 1 2 3 4
Allgatherv 889444 889464 -2 1 2 3 4
Allreduce 889473 889484 -2 1 2 3 4
Allgatherv 889505 889527 -2 1 2 3 4
Allreduce 889579 889585 -2 1 2 3 4
Allgatherv 889624 889629 -2 1 2 3 4
Allreduce 889651 889654 -2 1 2 3 4
Allgatherv 889689 889698 -2 1 2 3 4
Allreduce 889719 889722 -2 1 2 3 4
Allgatherv 889766 889771 -2 1 2 3 4
Allreduce 889796 889800 -2 1 2 3 4
Allgatherv 889824 889843 -2 1 2 3 4
Allreduce 889852 889863 -2 1 2 3 4
Allgatherv 889884 889905 -2 1 2 3 4
Allreduce 889914 889925 -2 1 2 3 4
Allgatherv 889946 889967 -2 1 2 3 4
Allreduce 889975 889988 -2 1 2 3 4
Allgatherv 890009 890030 -2 1 2 3 4
Allreduce 890038 890050 -2 1 2 3 4
Allgatherv 890071 890092 -2 1 2 3 4
Allreduce 890100 890112 -2 1 2 3 4
Allgatherv 890133 890153 -2 1 2 3 4
Allreduce 890162 890173 -2 1 2 3 4
Allgatherv 890195 890215 -2 1 2 3 4
Allreduce 890224 890235 -2 1 2 3 4
Allgatherv 890256 890277 -2 1 2 3 4
Allreduce 890286 890300 -2 1 2 3 4
Allgatherv 890326 890345 -2 1 2 3 4
Allreduce 890354 890366 -2 1 2 3 4
Allgatherv 890387 890408 -2 1 2 3 4
Allreduce 890417 890428 -2 1 2 3 4
Allgatherv 890449 890470 -2 1 2 3 4
Allreduce 890479 890490 -2 1 2 3 4
Allgatherv 890511 890532 -2 1 2 3 4
Allreduce 890541 890552 -2 1 2 3 4
Allgatherv 890573 890594 -2 1 2 3 4
Allreduce 890602 890614 -2 1 2 3 4
Allgatherv 890635 890657 -2 1 2 3 4
Allreduce 890665 890677 -2 1 2 3 4
Allgatherv 890698 890719 -2 1 2 3 4
Allreduce 890727 890739 -2 1 2 3 4
Allgatherv 890760 890781 -2 1 2 3 4
Allreduce 890789 890801 -2 1 2 3 4
Allgatherv 890822 890844 -2 1 2 3 4
Allreduce 890854 890866 -2 1 2 3 4
Allgatherv 890887 890908 -2 1 2 3 4
Allreduce 890916 890928 -2 1 2 3 4
Allgatherv 890949 890969 -2 1 2 3 4
Allreduce 890978 890989 -2 1 2 3 4
Allgatherv 891011 891031 -2 1 2 3 4
Allreduce 891040 891051 -2 1 2 3 4
Allgatherv 891073 891094 -2 1 2 3 4
Allreduce 891102 891114 -2 1 2 3 4
Allgatherv 891135 891156 -2 1 2 3 4
Allreduce 891164 891176 -2 1 2 3 4
Allgatherv 891197 891218 -2 1 2 3 4
Allreduce 891226 891238 -2 1 2 3 4
Allgatherv 891259 891280 -2 1 2 3 4
Allreduce 891289 891300 -2 1 2 3 4
Allgatherv 891324 891344 -2 1 2 3 4
Allreduce 891353 891364 -2 1 2 3 4
Allgatherv 891385 891409 -2 1 2 3 4
Allreduce 891419 891428 -2 1 2 3 4
Allgatherv 891449 891471 -2 1 2 3 4
Allreduce 891479 891490 -2 1 2 3 4
Allgatherv 891529 891537 -2 1 2 3 4
Allreduce 891557 891560 -2 1 2 3 4
Allgatherv 891583 891602 -2 1 2 3 4
Allreduce 891612 891628 -2 1 2 3 4
Allgatherv 891664 891675 -2 1 2 3 4
Allreduce 891702 891705 -2 1 2 3 4
Allgatherv 891729 891748 -2 1 2 3 4
Allreduce 891757 891767 -2 1 2 3 4
Allgatherv 891789 891810 -2 1 2 3 4
Allreduce 891818 891831 -2 1 2 3 4
Allgatherv 891852 891873 -2 1 2 3 4
Allreduce 891882 891893 -2 1 2 3 4
Allgatherv 891914 891935 -2 1 2 3 4
Allreduce 891943 891956 -2 1 2 3 4
Allgatherv 891977 892000 -2 1 2 3 4
Allreduce 892011 892020 -2 1 2 3 4
Allgatherv 892041 892062 -2 1 2 3 4
Allreduce 892071 892082 -2 1 2 3 4
Allgatherv 892103 892125 -2 1 2 3 4
Allreduce 892133 892145 -2 1 2 3 4
Allgatherv 892166 892187 -2 1 2 3 4
Allreduce 892196 892208 -2 1 2 3 4
Allgatherv 892229 892250 -2 1 2 3 4
Allreduce 892258 892270 -2 1 2 3 4
Allgatherv 892291 892314 -2 1 2 3 4
Allreduce 892323 892334 -2 1 2 3 4
Allgatherv 892355 892376 -2 1 2 3 4
Allreduce 892385 892397 -2 1 2 3 4
Allgatherv 892418 892439 -2 1 2 3 4
Allreduce 892447 892459 -2 1 2 3 4
Allgatherv 892480 892501 -2 1 2 3 4
Allreduce 892510 892524 -2 1 2 3 4
Allgatherv 892546 892566 -2 1 2 3 4
Allreduce 892575 892586 -2 1 2 3 4
Allgatherv 892620 892639 -2 1 2 3 4
Allreduce 892647 892658 -2 1 2 3 4
Allgatherv 892678 892698 -2 1 2 3 4
Allreduce 892706 892717 -2 1 2 3 4
Allgatherv 892737 892757 -2 1 2 3 4
Allreduce 892765 892776 -2 1 2 3 4
Allgatherv 892796 892816 -2 1 2 3 4
Allreduce 892824 892835 -2 1 2 3 4
Allgatherv 892855 892875 -2 1 2 3 4
Allreduce 892883 892893 -2 1 2 3 4
Allgatherv 892913 892933 -2 1 2 3 4
Allreduce 892941 892952 -2 1 2 3 4
Allgatherv 892972 892992 -2 1 2 3 4
Allreduce 893000 893011 -2 1 2 3 4
Allgatherv 893031 893052 -2 1 2 3 4
Allreduce 893060 893072 -2 1 2 3 4
Allgatherv 893094 893113 -2 1 2 3 4
Allreduce 893121 893131 -2 1 2 3 4
Allgatherv 893151 893171 -2 1 2 3 4
Allreduce 893179 893190 -2 1 2 3 4
Allgatherv 893210 893230 -2 1 2 3 4
Allreduce 893238 893249 -2 1 2 3 4
Allgatherv 893269 893289 -2 1 2 3 4
Allreduce 893299 893310 -2 1 2 3 4
Allgatherv 893330 893350 -2 1 2 3 4
Allreduce 893359 893370 -2 1 2 3 4
Allgatherv 893390 893409 -2 1 2 3 4
Allreduce 893417 893428 -2 1 2 3 4
Allgatherv 893448 893469 -2 1 2 3 4
Allreduce 893477 893487 -2 1 2 3 4
Allgatherv 893513 893530 -2 1 2 3 4
Allreduce 893549 893552 -2 1 2 3 4
Allgatherv 893574 893593 -2 1 2 3 4
Allreduce 893601 893613 -2 1 2 3 4
Allgatherv 893634 893654 -2 1 2 3 4
Allreduce 893662 893673 -2 1 2 3 4
Allgatherv 893692 893712 -2 1 2 3 4
Allreduce 893720 893731 -2 1 2 3 4
Allgatherv 893751 893771 -2 1 2 3 4
Allreduce 893779 893791 -2 1 2 3 4
Allgatherv 893811 893831 -2 1 2 3 4
Allreduce 893839 893849 -2 1 2 3 4
Allgatherv 893869 893889 -2 1 2 3 4
Allreduce 893897 893908 -2 1 2 3 4
Allgatherv 893928 893948 -2 1 2 3 4
Allreduce 893956 893967 -2 1 2 3 4
Allgatherv 893987 894006 -2 1 2 3 4
Allreduce 894015 894025 -2 1 2 3 4
Allgatherv 894045 894065 -2 1 2 3 4
Allreduce 894073 894085 -2 1 2 3 4
Allgatherv 894105 894127 -2 1 2 3 4
Allreduce 894136 894145 -2 1 2 3 4
Allgatherv 894165 894185 -2 1 2 3 4
Allreduce 894194 894204 -2 1 2 3 4
Allgatherv 894224 894244 -2 1 2 3 4
Allreduce 894252 894263 -2 1 2 3 4
Allgatherv 894283 894305 -2 1 2 3 4
Allreduce 894314 894325 -2 1 2 3 4
Allgatherv 894345 894366 -2 1 2 3 4
Allreduce 894374 894384 -2 1 2 3 4
Allgatherv 894404 894424 -2 1 2 3 4
Allreduce 894433 894443 -2 1 2 3 4
Allgatherv 894463 894483 -2 1 2 3 4
Allreduce 894491 894503 -2 1 2 3 4
Allgatherv 894523 894543 -2 1 2 3 4
Allreduce 894551 894562 -2 1 2 3 4
Allgatherv 894581 894601 -2 1 2 3 4
Allreduce 894610 894621 -2 1 2 3 4
Allgatherv 894641 894663 -2 1 2 3 4
Allreduce 894673 894682 -2 1 2 3 4
Allgatherv 894702 894722 -2 1 2 3 4
Allreduce 894730 894741 -2 1 2 3 4
Allgatherv 894761 894781 -2 1 2 3 4
Allreduce 894789 894800 -2 1 2 3 4
Allgatherv 894820 894839 -2 1 2 3 4
Allreduce 894847 894858 -2 1 2 3 4
Allgatherv 894878 894899 -2 1 2 3 4
Allreduce 894907 894918 -2 1 2 3 4
Allgatherv 894938 894958 -2 1 2 3 4
Allreduce 894966 894976 -2 1 2 3 4
Allgatherv 894996 895017 -2 1 2 3 4
Allreduce 895025 895036 -2 1 2 3 4
Allgatherv 895056 895076 -2 1 2 3 4
Allreduce 895085 895095 -2 1 2 3 4
Allgatherv 895115 895136 -2 1 2 3 4
Allreduce 895145 895155 -2 1 2 3 4
Allgatherv 895175 895196 -2 1 2 3 4
Allreduce 895206 895215 -2 1 2 3 4
Allgatherv 895235 895255 -2 1 2 3 4
Allreduce 895263 895274 -2 1 2 3 4
Allgatherv 895295 895315 -2 1 2 3 4
Allreduce 895323 895335 -2 1 2 3 4
Allgatherv 895355 895375 -2 1 2 3 4
Allreduce 895383 895393 -2 1 2 3 4
Allgatherv 895413 895433 -2 1 2 3 4
Allreduce 895441 895452 -2 1 2 3 4
Allgatherv 895472 895494 -2 1 2 3 4
Allreduce 895514 895522 -2 1 2 3 4
Allgatherv 895568 895574 -2 1 2 3 4
Allreduce 895594 895598 -2 1 2 3 4
Allgatherv 895630 895641 -2 1 2 3 4
Allreduce 895659 895662 -2 1 2 3 4
Allgatherv 895683 895702 -2 1 2 3 4
Allreduce 895711 895722 -2 1 2 3 4
Allgatherv 895744 895763 -2 1 2 3 4
Allreduce 895771 895781 -2 1 2 3 4
Allgatherv 895801 895821 -2 1 2 3 4
Allreduce 895830 895841 -2 1 2 3 4
Allgatherv 895860 895880 -2 1 2 3 4
Allreduce 895889 895900 -2 1 2 3 4
Allgatherv 895920 895940 -2 1 2 3 4
Allreduce 895948 895959 -2 1 2 3 4
Allgatherv 895979 895999 -2 1 2 3 4
Allreduce 896007 896018 -2 1 2 3 4
Allgatherv 896038 896057 -2 1 2 3 4
Allreduce 896066 896076 -2 1 2 3 4
Allgatherv 896096 896116 -2 1 2 3 4
Allreduce 896124 896135 -2 1 2 3 4
Allgatherv 896155 896175 -2 1 2 3 4
Allreduce 896183 896195 -2 1 2 3 4
Allgatherv 896215 896235 -2 1 2 3 4
Allreduce 896243 896255 -2 1 2 3 4
Allgatherv 896277 896356 -2 1 2 3 4
Allreduce 896392 896406 -2 1 2 3 4
Allgatherv 896452 896460 -2 1 2 3 4
Allreduce 896479 896482 -2 1 2 3 4
Allgatherv 896525 896531 -2 1 2 3 4
Allreduce 896549 896552 -2 1 2 3 4
Allgatherv 896573 896592 -2 1 2 3 4
Allreduce 896601 896611 -2 1 2 3 4
Allgatherv 896631 896651 -2 1 2 3 4
Allreduce 896659 896670 -2 1 2 3 4
Allgatherv 896690 896710 -2 1 2 3 4
Allreduce 896719 896729 -2 1 2 3 4
Allgatherv 896749 896769 -2 1 2 3 4
Allreduce 896777 896788 -2 1 2 3 4
Allgatherv 896809 896829 -2 1 2 3 4
Allreduce 898030 898870 -2 1 2 3 4
Allgatherv 898899 898908 -2 1 2 3 4
Allreduce 898917 898927 -2 1 2 3 4
Allgatherv 898947 898967 -2 1 2 3 4
Allreduce 898976 898986 -2 1 2 3 4
Allgatherv 899006 899026 -2 1 2 3 4
Allreduce 899035 899045 -2 1 2 3 4
Allgatherv 899065 899085 -2 1 2 3 4
Allreduce 899093 899105 -2 1 2 3 4
Allgatherv 899125 899145 -2 1 2 3 4
Allreduce 899153 899165 -2 1 2 3 4
Allgatherv 899185 899205 -2 1 2 3 4
Allreduce 899214 899224 -2 1 2 3 4
Allgatherv 899244 899266 -2 1 2 3 4
Allreduce 899276 899285 -2 1 2 3 4
Allgatherv 899305 899325 -2 1 2 3 4
Allreduce 899334 899344 -2 1 2 3 4
Allgatherv 899364 899384 -2 1 2 3 4
Allreduce 899393 899404 -2 1 2 3 4
Allgatherv 899424 899444 -2 1 2 3 4
Allreduce 899462 899471 -2 1 2 3 4
Allgatherv 899493 899585 -2 1 2 3 4
Allreduce 899624 899643 -2 1 2 3 4
Allgatherv 899707 899723 -2 1 2 3 4
Allreduce 899734 899743 -2 1 2 3 4
Allgatherv 899764 899783 -2 1 2 3 4
Allreduce 899792 899815 -2 1 2 3 4
Allgatherv 899955 899960 -2 1 2 3 4
Allreduce 899980 900058 -2 1 2 3 4
Allgatherv 900102 900106 -2 1 2 3 4
Allreduce 900124 900126 -2 1 2 3 4
Allgatherv 900163 900170 -2 1 2 3 4
Allreduce 900188 900380 -2 1 2 3 4
Allgatherv 900473 900479 -2 1 2 3 4
Allreduce 900497 900514 -2 1 2 3 4
Allgatherv 900551 900563 -2 1 2 3 4
Allreduce 900587 900597 -2 1 2 3 4
Allgatherv 900640 900657 -2 1 2 3 4
Allreduce 900678 900695 -2 1 2 3 4
Allgatherv 900740 900757 -2 1 2 3 4
Allreduce 900778 900797 -2 1 2 3 4
Allgatherv 900839 900860 -2 1 2 3 4
Allreduce 900882 900899 -2 1 2 3 4
Allgatherv 900943 900958 -2 1 2 3 4
Allreduce 900985 901004 -2 1 2 3 4
Allgatherv 901049 901064 -2 1 2 3 4
Allreduce 901088 901096 -2 1 2 3 4
Allgatherv 901140 901153 -2 1 2 3 4
Allreduce 901173 901193 -2 1 2 3 4
Allgatherv 901240 901262 -2 1 2 3 4
Allreduce 901280 901284 -2 1 2 3 4
Allgatherv 901320 901327 -2 1 2 3 4
Allreduce 901342 901352 -2 1 2 3 4
Allgatherv 901390 901393 -2 1 2 3 4
Allreduce 901409 901411 -2 1 2 3 4
Allgatherv 901450 901455 -2 1 2 3 4
Allreduce 901472 901475 -2 1 2 3 4
Allgatherv 901512 901516 -2 1 2 3 4
Allreduce 901531 901533 -2 1 2 3 4
Allgatherv 901570 901574 -2 1 2 3 4
Allreduce 901589 901592 -2 1 2 3 4
Allgatherv 901627 901691 -2 1 2 3 4
Allreduce 901717 901745 -2 1 2 3 4
Allgatherv 901783 901801 -2 1 2 3 4
Allreduce 901817 901832 -2 1 2 3 4
Allgatherv 901869 901889 -2 1 2 3 4
Allreduce 901907 901945 -2 1 2 3 4
Allgatherv 901993 902030 -2 1 2 3 4
Allreduce 902059 902083 -2 1 2 3 4
Allgatherv 902120 902129 -2 1 2 3 4
Allreduce 902144 902157 -2 1 2 3 4
Allgatherv 902193 902206 -2 1 2 3 4
Allreduce 902222 902233 -2 1 2 3 4
Allgatherv 902269 902278 -2 1 2 3 4
Allreduce 902293 902304 -2 1 2 3 4
Allgatherv 902340 902344 -2 1 2 3 4
Allreduce 902360 902370 -2 1 2 3 4
Allgatherv 902406 902414 -2 1 2 3 4
Allreduce 902429 902450 -2 1 2 3 4
Allgatherv 902488 902493 -2 1 2 3 4
Allreduce 902508 902521 -2 1 2 3 4
Allgatherv 902557 902570 -2 1 2 3 4
Allreduce 902585 902595 -2 1 2 3 4
Allgatherv 902632 902641 -2 1 2 3 4
Allreduce 902656 902714 -2 1 2 3 4
Allgatherv 902752 902763 -2 1 2 3 4
Allreduce 902778 902786 -2 1 2 3 4
Allgatherv 902823 902832 -2 1 2 3 4
Allreduce 902847 902859 -2 1 2 3 4
Allgatherv 902896 902907 -2 1 2 3 4
Allreduce 902922 902926 -2 1 2 3 4
Allgatherv 902963 902966 -2 1 2 3 4
Allreduce 902981 902983 -2 1 2 3 4
Allgatherv 903019 903022 -2 1 2 3 4
Allreduce 903038 903040 -2 1 2 3 4
Allgatherv 903076 903079 -2 1 2 3 4
Allreduce 903095 903097 -2 1 2 3 4
Allgatherv 903134 903137 -2 1 2 3 4
Allreduce 903153 903155 -2 1 2 3 4
Allgatherv 903191 903193 -2 1 2 3 4
Allreduce 903209 903211 -2 1 2 3 4
Allgatherv 903247 903251 -2 1 2 3 4
Allreduce 903266 903270 -2 1 2 3 4
Allgatherv 903306 903309 -2 1 2 3 4
Allreduce 903326 903328 -2 1 2 3 4
Allgatherv 903364 903367 -2 1 2 3 4
Allreduce 903383 903385 -2 1 2 3 4
Allgatherv 903420 903423 -2 1 2 3 4
Allreduce 903439 903444 -2 1 2 3 4
Allgatherv 903480 903518 -2 1 2 3 4
Allreduce 903533 903556 -2 1 2 3 4
Allgatherv 903593 903599 -2 1 2 3 4
Allreduce 903616 903626 -2 1 2 3 4
Allgatherv 903662 903679 -2 1 2 3 4
Allreduce 903695 903713 -2 1 2 3 4
Allgatherv 903750 903769 -2 1 2 3 4
Allreduce 903785 903798 -2 1 2 3 4
Allgatherv 903834 903844 -2 1 2 3 4
Allreduce 903860 903871 -2 1 2 3 4
Allgatherv 903907 903919 -2 1 2 3 4
Allreduce 903937 903946 -2 1 2 3 4
Allgatherv 903982 903986 -2 1 2 3 4
Allreduce 904002 904012 -2 1 2 3 4
Allgatherv 904049 904061 -2 1 2 3 4
Allreduce 904077 904085 -2 1 2 3 4
Allgatherv 904121 904132 -2 1 2 3 4
Allreduce 904148 904159 -2 1 2 3 4
Allgatherv 904195 904208 -2 1 2 3 4
Allreduce 904224 904235 -2 1 2 3 4
Allgatherv 904271 904282 -2 1 2 3 4
Allreduce 904298 904309 -2 1 2 3 4
Allgatherv 904345 904359 -2 1 2 3 4
Allreduce 904377 904385 -2 1 2 3 4
Allgatherv 904422 904431 -2 1 2 3 4
Allreduce 904449 904461 -2 1 2 3 4
Allgatherv 904497 904500 -2 1 2 3 4
Allreduce 904516 904518 -2 1 2 3 4
Allgatherv 904554 904558 -2 1 2 3 4
Allreduce 904575 904577 -2 1 2 3 4
Allgatherv 904613 904616 -2 1 2 3 4
Allreduce 904631 904634 -2 1 2 3 4
Allgatherv 904669 904672 -2 1 2 3 4
Allreduce 904688 904690 -2 1 2 3 4
Allgatherv 904726 904729 -2 1 2 3 4
Allreduce 904745 904747 -2 1 2 3 4
Allgatherv 904783 904786 -2 1 2 3 4
Allreduce 904802 904804 -2 1 2 3 4
Allgatherv 904840 904843 -2 1 2 3 4
Allreduce 904858 904860 -2 1 2 3 4
Allgatherv 904896 904899 -2 1 2 3 4
Allreduce 904916 904918 -2 1 2 3 4
Allgatherv 904954 904957 -2 1 2 3 4
Allreduce 904973 904975 -2 1 2 3 4
Allgatherv 905011 905014 -2 1 2 3 4
Allreduce 905030 905032 -2 1 2 3 4
Allgatherv 905068 905071 -2 1 2 3 4
Allreduce 905087 905090 -2 1 2 3 4
Allgatherv 905126 905129 -2 1 2 3 4
Allreduce 905144 905146 -2 1 2 3 4
Allgatherv 905182 905185 -2 1 2 3 4
Allreduce 905200 905203 -2 1 2 3 4
Allgatherv 905238 905241 -2 1 2 3 4
Allreduce 905257 905259 -2 1 2 3 4
Allgatherv 905295 905299 -2 1 2 3 4
Allreduce 905314 905316 -2 1 2 3 4
Allgatherv 905352 905355 -2 1 2 3 4
Allreduce 905371 905373 -2 1 2 3 4
Allgatherv 905410 905413 -2 1 2 3 4
Allreduce 905429 905431 -2 1 2 3 4
Allgatherv 905473 905486 -2 1 2 3 4
Allreduce 905502 905509 -2 1 2 3 4
Allgatherv 905545 905559 -2 1 2 3 4
Allreduce 905575 905590 -2 1 2 3 4
Allgatherv 905628 905643 -2 1 2 3 4
Allreduce 905658 905676 -2 1 2 3 4
Allgatherv 905712 905731 -2 1 2 3 4
Allreduce 905748 905760 -2 1 2 3 4
Allgatherv 905797 905809 -2 1 2 3 4
Allreduce 905825 905834 -2 1 2 3 4
Allgatherv 905870 905877 -2 1 2 3 4
Allreduce 905893 905902 -2 1 2 3 4
Allgatherv 905938 905950 -2 1 2 3 4
Allreduce 905966 905974 -2 1 2 3 4
Allgatherv 906010 906022 -2 1 2 3 4
Allreduce 906038 906048 -2 1 2 3 4
Allgatherv 906085 906096 -2 1 2 3 4
Allreduce 906112 906123 -2 1 2 3 4
Allgatherv 906160 906174 -2 1 2 3 4
Allreduce 906190 906201 -2 1 2 3 4
Allgatherv 906237 906247 -2 1 2 3 4
Allreduce 906263 906274 -2 1 2 3 4
Allgatherv 906312 906321 -2 1 2 3 4
Allreduce 906337 906339 -2 1 2 3 4
Allgatherv 906375 906378 -2 1 2 3 4
Allreduce 906393 906396 -2 1 2 3 4
Allgatherv 906434 906437 -2 1 2 3 4
Allreduce 906453 906465 -2 1 2 3 4
Allgatherv 906502 906505 -2 1 2 3 4
Allreduce 906521 906529 -2 1 2 3 4
Allgatherv 906568 906571 -2 1 2 3 4
Allreduce 906587 906589 -2 1 2 3 4
Allgatherv 906625 906628 -2 1 2 3 4
Allreduce 906644 906647 -2 1 2 3 4
Allgatherv 906683 906686 -2 1 2 3 4
Allreduce 906702 906704 -2 1 2 3 4
Allgatherv 906740 906743 -2 1 2 3 4
Allreduce 906758 906761 -2 1 2 3 4
Allgatherv 906796 906800 -2 1 2 3 4
Allreduce 906817 906819 -2 1 2 3 4
Allgatherv 906855 906858 -2 1 2 3 4
Allreduce 906874 906876 -2 1 2 3 4
Allgatherv 906912 906915 -2 1 2 3 4
Allreduce 906931 906933 -2 1 2 3 4
Allgatherv 906969 906972 -2 1 2 3 4
Allreduce 906988 906990 -2 1 2 3 4
Allgatherv 907026 907030 -2 1 2 3 4
Allreduce 907045 907047 -2 1 2 3 4
Allgatherv 907083 907087 -2 1 2 3 4
Allreduce 907102 907104 -2 1 2 3 4
Allgatherv 907140 907144 -2 1 2 3 4
Allreduce 907161 907163 -2 1 2 3 4
Allgatherv 907199 907202 -2 1 2 3 4
Allreduce 907217 907220 -2 1 2 3 4
Allgatherv 907256 907259 -2 1 2 3 4
Allreduce 907274 907276 -2 1 2 3 4
Allgatherv 907312 907315 -2 1 2 3 4
Allreduce 907332 907334 -2 1 2 3 4
Allgatherv 907370 907373 -2 1 2 3 4
Allreduce 907388 907391 -2 1 2 3 4
Allgatherv 907426 907429 -2 1 2 3 4
Allreduce 907445 907447 -2 1 2 3 4
Allgatherv 907483 907486 -2 1 2 3 4
Allreduce 907502 907513 -2 1 2 3 4
Allgatherv 907551 907569 -2 1 2 3 4
Allreduce 907585 907602 -2 1 2 3 4
Allgatherv 907638 907659 -2 1 2 3 4
Allreduce 907674 907693 -2 1 2 3 4
Allgatherv 907729 907742 -2 1 2 3 4
Allreduce 907760 907769 -2 1 2 3 4
Allgatherv 907805 907818 -2 1 2 3 4
Allreduce 907834 907844 -2 1 2 3 4
Allgatherv 907881 907887 -2 1 2 3 4
Allreduce 907903 907911 -2 1 2 3 4
Allgatherv 907948 907958 -2 1 2 3 4
Allreduce 907975 907985 -2 1 2 3 4
Allgatherv 908021 908037 -2 1 2 3 4
Allreduce 908053 908064 -2 1 2 3 4
Allgatherv 908100 908115 -2 1 2 3 4
Allreduce 908132 908142 -2 1 2 3 4
Allgatherv 908178 908190 -2 1 2 3 4
Allreduce 908206 908214 -2 1 2 3 4
Allgatherv 908250 908263 -2 1 2 3 4
Allreduce 908280 908289 -2 1 2 3 4
Allgatherv 908325 908328 -2 1 2 3 4
Allreduce 908344 908346 -2 1 2 3 4
Allgatherv 908382 908385 -2 1 2 3 4
Allreduce 908403 908405 -2 1 2 3 4
Allgatherv 908441 908444 -2 1 2 3 4
Allreduce 908459 908461 -2 1 2 3 4
Allgatherv 908497 908500 -2 1 2 3 4
Allreduce 908516 908518 -2 1 2 3 4
Allgatherv 908556 908559 -2 1 2 3 4
Allreduce 908590 908592 -2 1 2 3 4
Allgatherv 908629 908632 -2 1 2 3 4
Allreduce 908648 908650 -2 1 2 3 4
Allgatherv 908687 908691 -2 1 2 3 4
Allreduce 908707 908709 -2 1 2 3 4
Allgatherv 908746 908750 -2 1 2 3 4
Allreduce 908766 908768 -2 1 2 3 4
Allgatherv 908805 908808 -2 1 2 3 4
Allreduce 908824 908826 -2 1 2 3 4
Allgatherv 908863 908866 -2 1 2 3 4
Allreduce 908882 908884 -2 1 2 3 4
Allgatherv 908922 908925 -2 1 2 3 4
Allreduce 908941 908943 -2 1 2 3 4
Allgatherv 908980 908984 -2 1 2 3 4
Allreduce 909000 909002 -2 1 2 3 4
Allgatherv 909039 909042 -2 1 2 3 4
Allreduce 909058 909061 -2 1 2 3 4
Allgatherv 909099 909102 -2 1 2 3 4
Allreduce 909118 909121 -2 1 2 3 4
Allgatherv 909157 909161 -2 1 2 3 4
Allreduce 909177 909179 -2 1 2 3 4
Allgatherv 909216 909219 -2 1 2 3 4
Allreduce 909235 909237 -2 1 2 3 4
Allgatherv 909274 909277 -2 1 2 3 4
Allreduce 909293 909296 -2 1 2 3 4
Allgatherv 909332 909335 -2 1 2 3 4
Allreduce 909351 909353 -2 1 2 3 4
Allgatherv 909390 909394 -2 1 2 3 4
Allreduce 909409 909412 -2 1 2 3 4
Allgatherv 909450 909453 -2 1 2 3 4
Allreduce 909469 909471 -2 1 2 3 4
Allgatherv 909508 909521 -2 1 2 3 4
Allreduce 909540 909556 -2 1 2 3 4
Allgatherv 909606 909626 -2 1 2 3 4
Allreduce 909641 909666 -2 1 2 3 4
Allgatherv 909706 909721 -2 1 2 3 4
Allreduce 909738 909751 -2 1 2 3 4
Allgatherv 909789 909807 -2 1 2 3 4
Allreduce 909824 909834 -2 1 2 3 4
Allgatherv 909872 909881 -2 1 2 3 4
Allreduce 909897 909903 -2 1 2 3 4
Allgatherv 909941 909952 -2 1 2 3 4
Allreduce 909969 909980 -2 1 2 3 4
Allgatherv 910019 910029 -2 1 2 3 4
Allreduce 910046 910058 -2 1 2 3 4
Allgatherv 910096 910109 -2 1 2 3 4
Allreduce 910128 910138 -2 1 2 3 4
Allgatherv 910176 910187 -2 1 2 3 4
Allreduce 910204 910215 -2 1 2 3 4
Allgatherv 910254 910265 -2 1 2 3 4
Allreduce 910281 910292 -2 1 2 3 4
Allgatherv 910330 910346 -2 1 2 3 4
Allreduce 910364 910368 -2 1 2 3 4
Allgatherv 910406 910410 -2 1 2 3 4
Allreduce 910426 910429 -2 1 2 3 4
Allgatherv 910466 910470 -2 1 2 3 4
Allreduce 910486 910488 -2 1 2 3 4
Allgatherv 910528 910532 -2 1 2 3 4
Allreduce 910548 910550 -2 1 2 3 4
Allgatherv 910588 910592 -2 1 2 3 4
Allreduce 910608 910610 -2 1 2 3 4
Allgatherv 910648 910651 -2 1 2 3 4
Allreduce 910667 910670 -2 1 2 3 4
Allgatherv 910707 910710 -2 1 2 3 4
Allreduce 910728 910730 -2 1 2 3 4
Allgatherv 910768 910771 -2 1 2 3 4
Allreduce 910788 910790 -2 1 2 3 4
Allgatherv 910828 910831 -2 1 2 3 4
Allreduce 910847 910849 -2 1 2 3 4
Allgatherv 910887 910890 -2 1 2 3 4
Allreduce 910908 910910 -2 1 2 3 4
Allgatherv 910949 910952 -2 1 2 3 4
Allreduce 910968 910970 -2 1 2 3 4
Allgatherv 911008 911011 -2 1 2 3 4
Allreduce 911027 911029 -2 1 2 3 4
Allgatherv 911067 911070 -2 1 2 3 4
Allreduce 911087 911089 -2 1 2 3 4
Allgatherv 911127 911130 -2 1 2 3 4
Allreduce 911146 911148 -2 1 2 3 4
Allgatherv 911186 911190 -2 1 2 3 4
Allreduce 911206 911208 -2 1 2 3 4
Allgatherv 911246 911249 -2 1 2 3 4
Allreduce 911267 911269 -2 1 2 3 4
Allgatherv 911307 911311 -2 1 2 3 4
Allreduce 911327 911329 -2 1 2 3 4
Allgatherv 911367 911370 -2 1 2 3 4
Allreduce 911387 911389 -2 1 2 3 4
Allgatherv 911427 911430 -2 1 2 3 4
Allreduce 911448 911450 -2 1 2 3 4
Allgatherv 911488 911491 -2 1 2 3 4
Allreduce 911508 911572 -2 1 2 3 4
Allgatherv 911716 911723 -2 1 2 3 4
Allreduce 911756 911790 -2 1 2 3 4
Allgatherv 911830 911835 -2 1 2 3 4
Allreduce 911850 911855 -2 1 2 3 4
Allgatherv 911889 911898 -2 1 2 3 4
Allreduce 911914 911917 -2 1 2 3 4
Allgatherv 911954 911960 -2 1 2 3 4
Allreduce 911990 911993 -2 1 2 3 4
Allgatherv 912035 912040 -2 1 2 3 4
Allreduce 912060 912063 -2 1 2 3 4
Allgatherv 912098 912107 -2 1 2 3 4
Allreduce 912124 912127 -2 1 2 3 4
Allgatherv 912149 912169 -2 1 2 3 4
Allreduce 912178 912190 -2 1 2 3 4
Allgatherv 912213 912232 -2 1 2 3 4
Allreduce 912243 912255 -2 1 2 3 4
Allgatherv 912277 912297 -2 1 2 3 4
Allreduce 912307 912317 -2 1 2 3 4
Allgatherv 912338 912358 -2 1 2 3 4
Allreduce 912368 912378 -2 1 2 3 4
Allgatherv 912400 912420 -2 1 2 3 4
Allreduce 912429 912439 -2 1 2 3 4
Allgatherv 912461 912481 -2 1 2 3 4
Allreduce 912490 912500 -2 1 2 3 4
Allgatherv 912524 912545 -2 1 2 3 4
Allreduce 912555 912564 -2 1 2 3 4
Allgatherv 912586 912608 -2 1 2 3 4
Allreduce 912617 912627 -2 1 2 3 4
Allgatherv 912649 912669 -2 1 2 3 4
Allreduce 912678 912688 -2 1 2 3 4
Allgatherv 912710 912730 -2 1 2 3 4
Allreduce 912739 912751 -2 1 2 3 4
Allgatherv 912774 912796 -2 1 2 3 4
Allreduce 912805 912815 -2 1 2 3 4
Allgatherv 912836 912857 -2 1 2 3 4
Allreduce 912866 912876 -2 1 2 3 4
Allgatherv 912898 912918 -2 1 2 3 4
Allreduce 912927 912937 -2 1 2 3 4
Allgatherv 912958 912979 -2 1 2 3 4
Allreduce 912988 912998 -2 1 2 3 4
Allgatherv 913019 913039 -2 1 2 3 4
Allreduce 913049 913058 -2 1 2 3 4
Allgatherv 913080 913100 -2 1 2 3 4
Allreduce 913109 913121 -2 1 2 3 4
Allgatherv 913143 913163 -2 1 2 3 4
Allreduce 913172 913182 -2 1 2 3 4
Allgatherv 913203 913223 -2 1 2 3 4
Allreduce 913233 913243 -2 1 2 3 4
Allgatherv 913264 913286 -2 1 2 3 4
Allreduce 913295 913305 -2 1 2 3 4
Allgatherv 913329 913351 -2 1 2 3 4
Allreduce 913360 913369 -2 1 2 3 4
Allgatherv 913391 913411 -2 1 2 3 4
Allreduce 913420 913430 -2 1 2 3 4
Allgatherv 913452 913472 -2 1 2 3 4
Allreduce 913481 913491 -2 1 2 3 4
Allgatherv 913514 913536 -2 1 2 3 4
Allreduce 913545 913555 -2 1 2 3 4
Allgatherv 913577 913597 -2 1 2 3 4
Allreduce 913606 913616 -2 1 2 3 4
Allgatherv 913637 913657 -2 1 2 3 4
Allreduce 913667 913678 -2 1 2 3 4
Allgatherv 913700 913720 -2 1 2 3 4
Allreduce 913729 913739 -2 1 2 3 4
Allgatherv 913760 913780 -2 1 2 3 4
Allreduce 913790 913799 -2 1 2 3 4
Allgatherv 913821 913842 -2 1 2 3 4
Allreduce 913853 913864 -2 1 2 3 4
Allgatherv 913885 913906 -2 1 2 3 4
Allreduce 913915 913925 -2 1 2 3 4
Allgatherv 913947 913967 -2 1 2 3 4
Allreduce 913976 913986 -2 1 2 3 4
Allgatherv 914008 914028 -2 1 2 3 4
Allreduce 914038 914047 -2 1 2 3 4
Allgatherv 914069 914089 -2 1 2 3 4
Allreduce 914098 914108 -2 1 2 3 4
Allgatherv 914129 914150 -2 1 2 3 4
Allreduce 914159 914169 -2 1 2 3 4
Allgatherv 914190 914210 -2 1 2 3 4
Allreduce 914220 914232 -2 1 2 3 4
Allgatherv 914253 914273 -2 1 2 3 4
Allreduce 914283 914292 -2 1 2 3 4
Allgatherv 914313 914334 -2 1 2 3 4
Allreduce 914343 914355 -2 1 2 3 4
Allgatherv 914376 914396 -2 1 2 3 4
Allreduce 914407 914419 -2 1 2 3 4
Allgatherv 914440 914461 -2 1 2 3 4
Allreduce 914470 914480 -2 1 2 3 4
Allgatherv 914501 914524 -2 1 2 3 4
Allreduce 914534 914543 -2 1 2 3 4
Allgatherv 914565 914585 -2 1 2 3 4
Allreduce 914595 914604 -2 1 2 3 4
Allgatherv 914641 914662 -2 1 2 3 4
Allreduce 914672 914682 -2 1 2 3 4
Allgatherv 914705 914726 -2 1 2 3 4
Allreduce 914736 914746 -2 1 2 3 4
Allgatherv 914769 914792 -2 1 2 3 4
Allreduce 914802 914812 -2 1 2 3 4
Allgatherv 914835 914856 -2 1 2 3 4
Allreduce 914866 914877 -2 1 2 3 4
Allgatherv 914899 914921 -2 1 2 3 4
Allreduce 914930 914943 -2 1 2 3 4
Allgatherv 914965 914988 -2 1 2 3 4
Allreduce 915000 915010 -2 1 2 3 4
Allgatherv 915033 915054 -2 1 2 3 4
Allreduce 915064 915075 -2 1 2 3 4
Allgatherv 915098 915119 -2 1 2 3 4
Allreduce 915129 915139 -2 1 2 3 4
Allgatherv 915162 915183 -2 1 2 3 4
Allreduce 915193 915203 -2 1 2 3 4
Allgatherv 915226 915248 -2 1 2 3 4
Allreduce 915258 915268 -2 1 2 3 4
Allgatherv 915291 915312 -2 1 2 3 4
Allreduce 915322 915332 -2 1 2 3 4
Allgatherv 915355 915378 -2 1 2 3 4
Allreduce 915388 915398 -2 1 2 3 4
Allgatherv 915421 915442 -2 1 2 3 4
Allreduce 915457 915463 -2 1 2 3 4
Allgatherv 915499 915523 -2 1 2 3 4
Allreduce 915545 915552 -2 1 2 3 4
Allgatherv 915595 915599 -2 1 2 3 4
Allreduce 915617 915638 -2 1 2 3 4
Allgatherv 915678 915694 -2 1 2 3 4
Allreduce 915712 915729 -2 1 2 3 4
Allgatherv 915769 915779 -2 1 2 3 4
Allreduce 915797 915810 -2 1 2 3 4
Allgatherv 915850 915863 -2 1 2 3 4
Allreduce 915880 915893 -2 1 2 3 4
Allgatherv 915933 915939 -2 1 2 3 4
Allreduce 915956 915968 -2 1 2 3 4
Allgatherv 916008 916019 -2 1 2 3 4
Allreduce 916036 916048 -2 1 2 3 4
Allgatherv 916087 916101 -2 1 2 3 4
Allreduce 916128 916300 -2 1 2 3 4
Allgatherv 916347 916352 -2 1 2 3 4
Allreduce 916371 916378 -2 1 2 3 4
Allgatherv 916413 916422 -2 1 2 3 4
Allreduce 916439 916444 -2 1 2 3 4
Allgatherv 916483 916489 -2 1 2 3 4
Allreduce 916510 916594 -2 1 2 3 4
Allgatherv 916639 916646 -2 1 2 3 4
Allreduce 916665 916669 -2 1 2 3 4
Allgatherv 916705 916714 -2 1 2 3 4
Allreduce 916735 916832 -2 1 2 3 4
Allgatherv 916877 916882 -2 1 2 3 4
Allreduce 916901 916906 -2 1 2 3 4
Allgatherv 916943 917024 -2 1 2 3 4
Allreduce 917051 917055 -2 1 2 3 4
Allgatherv 917100 917124 -2 1 2 3 4
Allreduce 917142 917148 -2 1 2 3 4
Allgatherv 917189 917193 -2 1 2 3 4
Allreduce 917215 917221 -2 1 2 3 4
Allgatherv 917266 917277 -2 1 2 3 4
Allreduce 917302 917309 -2 1 2 3 4
Allgatherv 917358 917364 -2 1 2 3 4
Allreduce 917388 917396 -2 1 2 3 4
Allgatherv 917445 917454 -2 1 2 3 4
Allreduce 917478 917714 -2 1 2 3 4
Allgatherv 917778 917910 -2 1 2 3 4
Allreduce 917927 917986 -2 1 2 3 4
Allgatherv 918027 918034 -2 1 2 3 4
Allreduce 918052 918055 -2 1 2 3 4
Allgatherv 918096 918100 -2 1 2 3 4
Allreduce 918119 918122 -2 1 2 3 4
Allgatherv 918163 918267 -2 1 2 3 4
Allreduce 918285 918293 -2 1 2 3 4
Allgatherv 918334 918341 -2 1 2 3 4
Allreduce 918358 918388 -2 1 2 3 4
Allgatherv 918466 918474 -2 1 2 3 4
Allreduce 918505 918508 -2 1 2 3 4
Allgatherv 918561 918567 -2 1 2 3 4
Allreduce 918594 918597 -2 1 2 3 4
Allgatherv 918647 918658 -2 1 2 3 4
Allreduce 918705 918715 -2 1 2 3 4
Allgatherv 918814 918820 -2 1 2 3 4
Allreduce 918837 918840 -2 1 2 3 4
Allgatherv 918882 918886 -2 1 2 3 4
Allreduce 918911 918914 -2 1 2 3 4
Allgatherv 918956 918960 -2 1 2 3 4
Allreduce 918986 918990 -2 1 2 3 4
Allgatherv 921222 922460 -2 1 2 3 4
Allreduce 922483 922506 -2 1 2 3 4
Allgatherv 922532 922564 -2 1 2 3 4
Allreduce 922574 922595 -2 1 2 3 4
Allgatherv 922617 922647 -2 1 2 3 4
Allreduce 922657 922675 -2 1 2 3 4
Allgatherv 922698 922724 -2 1 2 3 4
Allreduce 922734 922752 -2 1 2 3 4
Allgatherv 922775 922803 -2 1 2 3 4
Allreduce 922814 922824 -2 1 2 3 4
Allgatherv 922847 922868 -2 1 2 3 4
Allreduce 922878 922888 -2 1 2 3 4
Allgatherv 922911 922932 -2 1 2 3 4
Allreduce 922942 922953 -2 1 2 3 4
Allgatherv 922975 922997 -2 1 2 3 4
Allreduce 923007 923017 -2 1 2 3 4
Allgatherv 923040 923061 -2 1 2 3 4
Allreduce 923071 923083 -2 1 2 3 4
Allgatherv 923106 923127 -2 1 2 3 4
Allreduce 923137 923149 -2 1 2 3 4
Allgatherv 923173 923193 -2 1 2 3 4
Allreduce 923203 923213 -2 1 2 3 4
Allgatherv 923236 923257 -2 1 2 3 4
Allreduce 923266 923277 -2 1 2 3 4
Allgatherv 923300 923321 -2 1 2 3 4
Allreduce 923331 923342 -2 1 2 3 4
Allgatherv 923364 923385 -2 1 2 3 4
Allreduce 923395 923406 -2 1 2 3 4
Allgatherv 923428 923449 -2 1 2 3 4
Allreduce 923465 923470 -2 1 2 3 4
Allgatherv 923503 923517 -2 1 2 3 4
Allreduce 923538 923548 -2 1 2 3 4
Allgatherv 923574 923601 -2 1 2 3 4
Allreduce 923611 923645 -2 1 2 3 4
Allgatherv 923694 923703 -2 1 2 3 4
Allreduce 923716 923737 -2 1 2 3 4
Allgatherv 923761 923791 -2 1 2 3 4
Allreduce 923802 923821 -2 1 2 3 4
Allgatherv 923844 923874 -2 1 2 3 4
Allreduce 923884 923900 -2 1 2 3 4
Allgatherv 923923 923950 -2 1 2 3 4
Allreduce 923960 923979 -2 1 2 3 4
Allgatherv 924002 924031 -2 1 2 3 4
Allreduce 924040 924061 -2 1 2 3 4
Allgatherv 924084 924118 -2 1 2 3 4
Allreduce 924128 924148 -2 1 2 3 4
Allgatherv 924171 924202 -2 1 2 3 4
Allreduce 924212 924234 -2 1 2 3 4
Allgatherv 924256 924287 -2 1 2 3 4
Allreduce 924296 924317 -2 1 2 3 4
Allgatherv 924340 924368 -2 1 2 3 4
Allreduce 924378 924399 -2 1 2 3 4
Allgatherv 924422 924452 -2 1 2 3 4
Allreduce 924462 924481 -2 1 2 3 4
Allgatherv 924505 924543 -2 1 2 3 4
Allreduce 924569 924586 -2 1 2 3 4
Allgatherv 924609 924631 -2 1 2 3 4
Allreduce 924642 924652 -2 1 2 3 4
Allgatherv 924675 924697 -2 1 2 3 4
Allreduce 924707 924718 -2 1 2 3 4
Allgatherv 924742 924763 -2 1 2 3 4
Allreduce 924773 924784 -2 1 2 3 4
Allgatherv 924807 924829 -2 1 2 3 4
Allreduce 924839 924849 -2 1 2 3 4
Allgatherv 924873 924894 -2 1 2 3 4
Allreduce 924904 924915 -2 1 2 3 4
Allgatherv 924939 924961 -2 1 2 3 4
Allreduce 924971 924981 -2 1 2 3 4
Allgatherv 925005 925028 -2 1 2 3 4
Allreduce 925038 925049 -2 1 2 3 4
Allgatherv 925072 925094 -2 1 2 3 4
Allreduce 925104 925116 -2 1 2 3 4
Allgatherv 925139 925161 -2 1 2 3 4
Allreduce 925172 925182 -2 1 2 3 4
Allgatherv 925205 925227 -2 1 2 3 4
Allreduce 925237 925248 -2 1 2 3 4
Allgatherv 925271 925293 -2 1 2 3 4
Allreduce 925303 925314 -2 1 2 3 4
Allgatherv 925337 925358 -2 1 2 3 4
Allreduce 925368 925379 -2 1 2 3 4
Allgatherv 925403 925424 -2 1 2 3 4
Allreduce 925435 925445 -2 1 2 3 4
Allgatherv 925476 925493 -2 1 2 3 4
Allreduce 925521 925524 -2 1 2 3 4
Allgatherv 925557 925582 -2 1 2 3 4
Allreduce 925625 925629 -2 1 2 3 4
Allgatherv 925679 925688 -2 1 2 3 4
Allreduce 925709 925725 -2 1 2 3 4
Allgatherv 925749 925779 -2 1 2 3 4
Allreduce 925790 925809 -2 1 2 3 4
Allgatherv 925834 925864 -2 1 2 3 4
Allreduce 925874 925895 -2 1 2 3 4
Allgatherv 925917 925941 -2 1 2 3 4
Allreduce 925951 925969 -2 1 2 3 4
Allgatherv 925992 926021 -2 1 2 3 4
Allreduce 926031 926048 -2 1 2 3 4
Allgatherv 926071 926099 -2 1 2 3 4
Allreduce 926109 926129 -2 1 2 3 4
Allgatherv 926152 926180 -2 1 2 3 4
Allreduce 926191 926212 -2 1 2 3 4
Allgatherv 926235 926267 -2 1 2 3 4
Allreduce 926277 926298 -2 1 2 3 4
Allgatherv 926321 926351 -2 1 2 3 4
Allreduce 926361 926384 -2 1 2 3 4
Allgatherv 926407 926435 -2 1 2 3 4
Allreduce 926445 926464 -2 1 2 3 4
Allgatherv 926500 926525 -2 1 2 3 4
Allreduce 926550 926554 -2 1 2 3 4
Allgatherv 926594 926600 -2 1 2 3 4
Allreduce 926613 926621 -2 1 2 3 4
Allgatherv 926644 926664 -2 1 2 3 4
Allreduce 926674 926684 -2 1 2 3 4
Allgatherv 926707 926728 -2 1 2 3 4
Allreduce 926738 926749 -2 1 2 3 4
Allgatherv 926771 926792 -2 1 2 3 4
Allreduce 926802 926812 -2 1 2 3 4
Allgatherv 926836 926856 -2 1 2 3 4
Allreduce 926866 926876 -2 1 2 3 4
Allgatherv 926899 926920 -2 1 2 3 4
Allreduce 926930 926942 -2 1 2 3 4
Allgatherv 926965 926986 -2 1 2 3 4
Allreduce 926996 927006 -2 1 2 3 4
Allgatherv 927029 927050 -2 1 2 3 4
Allreduce 927060 927072 -2 1 2 3 4
Allgatherv 927095 927116 -2 1 2 3 4
Allreduce 927126 927136 -2 1 2 3 4
Allgatherv 927161 927180 -2 1 2 3 4
Allreduce 927190 927200 -2 1 2 3 4
Allgatherv 927223 927244 -2 1 2 3 4
Allreduce 927254 927264 -2 1 2 3 4
Allgatherv 927287 927308 -2 1 2 3 4
Allreduce 927318 927328 -2 1 2 3 4
Allgatherv 927351 927372 -2 1 2 3 4
Allreduce 927382 927392 -2 1 2 3 4
Allgatherv 927415 927436 -2 1 2 3 4
Allreduce 927446 927458 -2 1 2 3 4
Allgatherv 927489 927505 -2 1 2 3 4
Allreduce 927526 927536 -2 1 2 3 4
Allgatherv 927576 927610 -2 1 2 3 4
Allreduce 927717 927723 -2 1 2 3 4
Allgatherv 927772 927800 -2 1 2 3 4
Allreduce 927820 927823 -2 1 2 3 4
Allgatherv 927863 927870 -2 1 2 3 4
Allreduce 927889 927902 -2 1 2 3 4
Allgatherv 927943 927948 -2 1 2 3 4
Allreduce 927966 927968 -2 1 2 3 4
Allgatherv 928009 928013 -2 1 2 3 4
Allreduce 928031 928034 -2 1 2 3 4
Allgatherv 928073 928078 -2 1 2 3 4
Allreduce 928096 928098 -2 1 2 3 4
Allgatherv 928138 928143 -2 1 2 3 4
Allreduce 928160 928164 -2 1 2 3 4
Allgatherv 928204 928209 -2 1 2 3 4
Allreduce 928227 928229 -2 1 2 3 4
Allgatherv 928269 928274 -2 1 2 3 4
Allreduce 928292 928294 -2 1 2 3 4
Allgatherv 928334 928340 -2 1 2 3 4
Allreduce 928358 928361 -2 1 2 3 4
Allgatherv 928402 928406 -2 1 2 3 4
Allreduce 928424 928426 -2 1 2 3 4
Allgatherv 928466 928470 -2 1 2 3 4
Allreduce 928489 928492 -2 1 2 3 4
Allgatherv 928532 928536 -2 1 2 3 4
Allreduce 928553 928556 -2 1 2 3 4
Allgatherv 928598 928603 -2 1 2 3 4
Allreduce 928621 928624 -2 1 2 3 4
Allgatherv 928664 928668 -2 1 2 3 4
Allreduce 928685 928688 -2 1 2 3 4
Allgatherv 928728 928732 -2 1 2 3 4
Allreduce 928750 928754 -2 1 2 3 4
Allgatherv 928794 928798 -2 1 2 3 4
Allreduce 928816 928818 -2 1 2 3 4
Allgatherv 928858 928863 -2 1 2 3 4
Allreduce 928880 928883 -2 1 2 3 4
Allgatherv 928923 928929 -2 1 2 3 4
Allreduce 928948 928950 -2 1 2 3 4
Allgatherv 928990 928994 -2 1 2 3 4
Allreduce 929012 929014 -2 1 2 3 4
Allgatherv 929054 929058 -2 1 2 3 4
Allreduce 929078 929080 -2 1 2 3 4
Allgatherv 929120 929125 -2 1 2 3 4
Allreduce 929142 929145 -2 1 2 3 4
Allgatherv 929185 929189 -2 1 2 3 4
Allreduce 929207 929209 -2 1 2 3 4
Allgatherv 929249 929254 -2 1 2 3 4
Allreduce 929271 929274 -2 1 2 3 4
Allgatherv 929314 929319 -2 1 2 3 4
Allreduce 929337 929341 -2 1 2 3 4
Allgatherv 929381 929385 -2 1 2 3 4
Allreduce 929402 929405 -2 1 2 3 4
Allgatherv 929445 929449 -2 1 2 3 4
Allreduce 929467 929471 -2 1 2 3 4
Allgatherv 929512 929516 -2 1 2 3 4
Allreduce 929533 929536 -2 1 2 3 4
Allgatherv 929576 929582 -2 1 2 3 4
Allreduce 929614 929616 -2 1 2 3 4
Allgatherv 929655 929658 -2 1 2 3 4
Allreduce 929674 929676 -2 1 2 3 4
Allgatherv 929713 929717 -2 1 2 3 4
Allreduce 929733 929736 -2 1 2 3 4
Allgatherv 929772 929777 -2 1 2 3 4
Allreduce 929793 929795 -2 1 2 3 4
Allgatherv 929832 929836 -2 1 2 3 4
Allreduce 929852 929855 -2 1 2 3 4
Allgatherv 929891 929897 -2 1 2 3 4
Allreduce 929913 929916 -2 1 2 3 4
Allgatherv 929953 929957 -2 1 2 3 4
Allreduce 929973 929975 -2 1 2 3 4
Allgatherv 930012 930016 -2 1 2 3 4
Allreduce 930032 930036 -2 1 2 3 4
Allgatherv 930074 930077 -2 1 2 3 4
Allreduce 930093 930096 -2 1 2 3 4
Allgatherv 930133 930137 -2 1 2 3 4
Allreduce 930153 930156 -2 1 2 3 4
Allgatherv 930194 930197 -2 1 2 3 4
Allreduce 930213 930215 -2 1 2 3 4
Allgatherv 930252 930256 -2 1 2 3 4
Allreduce 930272 930274 -2 1 2 3 4
Allgatherv 930311 930315 -2 1 2 3 4
Allreduce 930331 930334 -2 1 2 3 4
Allgatherv 930370 930374 -2 1 2 3 4
Allreduce 930390 930393 -2 1 2 3 4
Allgatherv 930430 930435 -2 1 2 3 4
Allreduce 930452 930454 -2 1 2 3 4
Allgatherv 930491 930495 -2 1 2 3 4
Allreduce 930511 930513 -2 1 2 3 4
Allgatherv 930550 930554 -2 1 2 3 4
Allreduce 930571 930575 -2 1 2 3 4
Allgatherv 930629 930632 -2 1 2 3 4
Allreduce 930648 930650 -2 1 2 3 4
Allgatherv 930686 930690 -2 1 2 3 4
Allreduce 930706 930708 -2 1 2 3 4
Allgatherv 930745 930748 -2 1 2 3 4
Allreduce 930764 930766 -2 1 2 3 4
Allgatherv 930802 930806 -2 1 2 3 4
Allreduce 930822 930824 -2 1 2 3 4
Allgatherv 930860 930864 -2 1 2 3 4
Allreduce 930880 930882 -2 1 2 3 4
Allgatherv 930918 930922 -2 1 2 3 4
Allreduce 930938 930941 -2 1 2 3 4
Allgatherv 930977 930981 -2 1 2 3 4
Allreduce 930996 930999 -2 1 2 3 4
Allgatherv 931035 931039 -2 1 2 3 4
Allreduce 931054 931057 -2 1 2 3 4
Allgatherv 931093 931098 -2 1 2 3 4
Allreduce 931115 931117 -2 1 2 3 4
Allgatherv 931154 931157 -2 1 2 3 4
Allreduce 931173 931175 -2 1 2 3 4
Allgatherv 931211 931215 -2 1 2 3 4
Allreduce 931232 931234 -2 1 2 3 4
Allgatherv 931271 931274 -2 1 2 3 4
Allreduce 931290 931292 -2 1 2 3 4
Allgatherv 931329 931332 -2 1 2 3 4
Allreduce 931347 931350 -2 1 2 3 4
Allgatherv 931386 931390 -2 1 2 3 4
Allreduce 931406 931408 -2 1 2 3 4
Allgatherv 931444 931448 -2 1 2 3 4
Allreduce 931464 931468 -2 1 2 3 4
Allgatherv 931503 931507 -2 1 2 3 4
Allreduce 931523 931526 -2 1 2 3 4
Allgatherv 931562 931566 -2 1 2 3 4
Allreduce 931584 931587 -2 1 2 3 4
Allgatherv 931623 931628 -2 1 2 3 4
Allreduce 931645 931648 -2 1 2 3 4
Allgatherv 931684 931688 -2 1 2 3 4
Allreduce 931703 931706 -2 1 2 3 4
Allgatherv 931742 931746 -2 1 2 3 4
Allreduce 931763 931765 -2 1 2 3 4
Allgatherv 931801 931805 -2 1 2 3 4
Allreduce 931821 931823 -2 1 2 3 4
Allgatherv 931859 931862 -2 1 2 3 4
Allreduce 931878 931880 -2 1 2 3 4
Allgatherv 931916 931920 -2 1 2 3 4
Allreduce 931936 931938 -2 1 2 3 4
Allgatherv 931974 931979 -2 1 2 3 4
Allreduce 931996 931998 -2 1 2 3 4
Allgatherv 932034 932038 -2 1 2 3 4
Allreduce 932054 932056 -2 1 2 3 4
Allgatherv 932092 932096 -2 1 2 3 4
Allreduce 932112 932115 -2 1 2 3 4
Allgatherv 932153 932156 -2 1 2 3 4
Allreduce 932171 932174 -2 1 2 3 4
Allgatherv 932210 932213 -2 1 2 3 4
Allreduce 932229 932231 -2 1 2 3 4
Allgatherv 932268 932271 -2 1 2 3 4
Allreduce 932288 932290 -2 1 2 3 4
Allgatherv 932327 932330 -2 1 2 3 4
Allreduce 932346 932348 -2 1 2 3 4
Allgatherv 932384 932388 -2 1 2 3 4
Allreduce 932404 932406 -2 1 2 3 4
Allgatherv 932442 932446 -2 1 2 3 4
Allreduce 932461 932464 -2 1 2 3 4
Allgatherv 932500 932505 -2 1 2 3 4
Allreduce 932521 932523 -2 1 2 3 4
Allgatherv 932559 932563 -2 1 2 3 4
Allreduce 932581 932584 -2 1 2 3 4
Allgatherv 932620 932624 -2 1 2 3 4
Allreduce 932640 932643 -2 1 2 3 4
Allgatherv 932680 932683 -2 1 2 3 4
Allreduce 932699 932701 -2 1 2 3 4
Allgatherv 932737 932741 -2 1 2 3 4
Allreduce 932756 932759 -2 1 2 3 4
Allgatherv 932796 932801 -2 1 2 3 4
Allreduce 932816 932822 -2 1 2 3 4
Allgatherv 932857 932974 -2 1 2 3 4
Allreduce 932995 933001 -2 1 2 3 4
Allgatherv 933038 933041 -2 1 2 3 4
Allreduce 933059 933062 -2 1 2 3 4
Allgatherv 933098 933102 -2 1 2 3 4
Allreduce 933118 933123 -2 1 2 3 4
Allgatherv 933159 933162 -2 1 2 3 4
Allreduce 933178 933180 -2 1 2 3 4
Allgatherv 933216 933266 -2 1 2 3 4
Allreduce 933281 933291 -2 1 2 3 4
Allgatherv 933327 933331 -2 1 2 3 4
Allreduce 933348 933354 -2 1 2 3 4
Allgatherv 933390 933450 -2 1 2 3 4
Allreduce 933466 933470 -2 1 2 3 4
Allgatherv 933507 933510 -2 1 2 3 4
Allreduce 933526 933529 -2 1 2 3 4
Allgatherv 933580 933606 -2 1 2 3 4
Allreduce 933624 933627 -2 1 2 3 4
Allgatherv 933664 933667 -2 1 2 3 4
Allreduce 933683 933685 -2 1 2 3 4
Allgatherv 933721 933724 -2 1 2 3 4
Allreduce 933740 933742 -2 1 2 3 4
Allgatherv 933779 933786 -2 1 2 3 4
Allreduce 933811 933814 -2 1 2 3 4
Allgatherv 933855 933864 -2 1 2 3 4
Allreduce 933884 933891 -2 1 2 3 4
Allgatherv 933933 933941 -2 1 2 3 4
Allreduce 933962 933966 -2 1 2 3 4
Allgatherv 934006 934019 -2 1 2 3 4
Allreduce 934041 934049 -2 1 2 3 4
Allgatherv 934089 934097 -2 1 2 3 4
Allreduce 934122 934126 -2 1 2 3 4
Allgatherv 934168 934176 -2 1 2 3 4
Allreduce 934196 934204 -2 1 2 3 4
Allgatherv 934243 934251 -2 1 2 3 4
Allreduce 934273 934277 -2 1 2 3 4
Allgatherv 934318 934326 -2 1 2 3 4
Allreduce 934350 934354 -2 1 2 3 4
Allgatherv 934398 934412 -2 1 2 3 4
Allreduce 934433 934435 -2 1 2 3 4
Allgatherv 934471 934476 -2 1 2 3 4
Allreduce 934492 934494 -2 1 2 3 4
Allgatherv 934530 934534 -2 1 2 3 4
Allreduce 934549 934552 -2 1 2 3 4
Allgatherv 934592 934597 -2 1 2 3 4
Allreduce 934612 934615 -2 1 2 3 4
Allgatherv 934653 934658 -2 1 2 3 4
Allreduce 934675 934759 -2 1 2 3 4
Allgatherv 934796 934800 -2 1 2 3 4
Allreduce 934815 934820 -2 1 2 3 4
Allgatherv 934855 934859 -2 1 2 3 4
Allreduce 934876 934878 -2 1 2 3 4
Allgatherv 934914 934917 -2 1 2 3 4
Allreduce 934933 934936 -2 1 2 3 4
Allgatherv 934972 934975 -2 1 2 3 4
Allreduce 934991 934994 -2 1 2 3 4
Allgatherv 935030 935033 -2 1 2 3 4
Allreduce 935049 935051 -2 1 2 3 4
Allgatherv 935087 935090 -2 1 2 3 4
Allreduce 935107 935110 -2 1 2 3 4
Allgatherv 935146 935149 -2 1 2 3 4
Allreduce 935165 935167 -2 1 2 3 4
Allgatherv 935203 935206 -2 1 2 3 4
Allreduce 935222 935226 -2 1 2 3 4
Allgatherv 935262 935267 -2 1 2 3 4
Allreduce 935282 935285 -2 1 2 3 4
Allgatherv 935321 935324 -2 1 2 3 4
Allreduce 935340 935342 -2 1 2 3 4
Allgatherv 935378 935382 -2 1 2 3 4
Allreduce 935399 935401 -2 1 2 3 4
Allgatherv 935437 935440 -2 1 2 3 4
Allreduce 935456 935518 -2 1 2 3 4
Allgatherv 935556 935563 -2 1 2 3 4
Allreduce 935599 935666 -2 1 2 3 4
Allgatherv 935705 935709 -2 1 2 3 4
Allreduce 935725 935734 -2 1 2 3 4
Allgatherv 935772 935783 -2 1 2 3 4
Allreduce 935799 935809 -2 1 2 3 4
Allgatherv 935846 935870 -2 1 2 3 4
Allreduce 935886 935903 -2 1 2 3 4
Allgatherv 935939 935953 -2 1 2 3 4
Allreduce 935968 935982 -2 1 2 3 4
Allgatherv 936018 936032 -2 1 2 3 4
Allreduce 936047 936059 -2 1 2 3 4
Allgatherv 936095 936101 -2 1 2 3 4
Allreduce 936116 936129 -2 1 2 3 4
Allgatherv 936166 936169 -2 1 2 3 4
Allreduce 936186 936195 -2 1 2 3 4
Allgatherv 936231 936240 -2 1 2 3 4
Allreduce 936254 936268 -2 1 2 3 4
Allgatherv 936304 936308 -2 1 2 3 4
Allreduce 936324 936338 -2 1 2 3 4
Allgatherv 936374 936387 -2 1 2 3 4
Allreduce 936402 936416 -2 1 2 3 4
Allgatherv 936454 936463 -2 1 2 3 4
Allreduce 936477 936491 -2 1 2 3 4
Allgatherv 936527 936538 -2 1 2 3 4
Allreduce 936553 936570 -2 1 2 3 4
Allgatherv 936609 936623 -2 1 2 3 4
Allreduce 936638 936651 -2 1 2 3 4
Allgatherv 936689 936697 -2 1 2 3 4
Allreduce 936712 936721 -2 1 2 3 4
Allgatherv 936757 936765 -2 1 2 3 4
Allreduce 936780 936793 -2 1 2 3 4
Allgatherv 936830 936833 -2 1 2 3 4
Allreduce 936849 936851 -2 1 2 3 4
Allgatherv 936887 936891 -2 1 2 3 4
Allreduce 936906 936908 -2 1 2 3 4
Allgatherv 936944 936948 -2 1 2 3 4
Allreduce 936963 936966 -2 1 2 3 4
Allgatherv 937001 937005 -2 1 2 3 4
Allreduce 937021 937023 -2 1 2 3 4
Allgatherv 937059 937063 -2 1 2 3 4
Allreduce 937078 937080 -2 1 2 3 4
Allgatherv 937116 937120 -2 1 2 3 4
Allreduce 937135 937137 -2 1 2 3 4
Allgatherv 937173 937176 -2 1 2 3 4
Allreduce 937192 937194 -2 1 2 3 4
Allgatherv 937230 937233 -2 1 2 3 4
Allreduce 937249 937251 -2 1 2 3 4
Allgatherv 937287 937290 -2 1 2 3 4
Allreduce 937305 937307 -2 1 2 3 4
Allgatherv 937345 937348 -2 1 2 3 4
Allreduce 937363 937365 -2 1 2 3 4
Allgatherv 937401 937404 -2 1 2 3 4
Allreduce 937419 937422 -2 1 2 3 4
Allgatherv 937458 937461 -2 1 2 3 4
Allreduce 937477 937503 -2 1 2 3 4
Allgatherv 937539 937565 -2 1 2 3 4
Allreduce 937582 937598 -2 1 2 3 4
Allgatherv 937649 937679 -2 1 2 3 4
Allreduce 937695 937711 -2 1 2 3 4
Allgatherv 937749 937769 -2 1 2 3 4
Allreduce 937786 937798 -2 1 2 3 4
Allgatherv 937836 937850 -2 1 2 3 4
Allreduce 937866 937877 -2 1 2 3 4
Allgatherv 937915 937921 -2 1 2 3 4
Allreduce 937938 937945 -2 1 2 3 4
Allgatherv 937983 937996 -2 1 2 3 4
Allreduce 938014 938024 -2 1 2 3 4
Allgatherv 938062 938071 -2 1 2 3 4
Allreduce 938088 938099 -2 1 2 3 4
Allgatherv 938137 938150 -2 1 2 3 4
Allreduce 938167 938178 -2 1 2 3 4
Allgatherv 938216 938231 -2 1 2 3 4
Allreduce 938248 938260 -2 1 2 3 4
Allgatherv 938299 938309 -2 1 2 3 4
Allreduce 938325 938338 -2 1 2 3 4
Allgatherv 938375 938387 -2 1 2 3 4
Allreduce 938403 938411 -2 1 2 3 4
Allgatherv 938449 938460 -2 1 2 3 4
Allreduce 938478 938491 -2 1 2 3 4
Allgatherv 938528 938540 -2 1 2 3 4
Allreduce 938557 938560 -2 1 2 3 4
Allgatherv 938598 938601 -2 1 2 3 4
Allreduce 938617 938620 -2 1 2 3 4
Allgatherv 938659 938663 -2 1 2 3 4
Allreduce 938681 938684 -2 1 2 3 4
Allgatherv 938721 938725 -2 1 2 3 4
Allreduce 938741 938744 -2 1 2 3 4
Allgatherv 938782 938785 -2 1 2 3 4
Allreduce 938801 938804 -2 1 2 3 4
Allgatherv 938841 938845 -2 1 2 3 4
Allreduce 938861 938865 -2 1 2 3 4
Allgatherv 938903 938906 -2 1 2 3 4
Allreduce 938922 938925 -2 1 2 3 4
Allgatherv 938963 938966 -2 1 2 3 4
Allreduce 938982 938985 -2 1 2 3 4
Allgatherv 939022 939026 -2 1 2 3 4
Allreduce 939043 939045 -2 1 2 3 4
Allgatherv 939083 939086 -2 1 2 3 4
Allreduce 939102 939105 -2 1 2 3 4
Allgatherv 939142 939146 -2 1 2 3 4
Allreduce 939162 939164 -2 1 2 3 4
Allgatherv 939202 939206 -2 1 2 3 4
Allreduce 939223 939226 -2 1 2 3 4
Allgatherv 939263 939267 -2 1 2 3 4
Allreduce 939283 939285 -2 1 2 3 4
Allgatherv 939323 939326 -2 1 2 3 4
Allreduce 939342 939345 -2 1 2 3 4
Allgatherv 939383 939386 -2 1 2 3 4
Allreduce 939404 939406 -2 1 2 3 4
Allgatherv 939444 939448 -2 1 2 3 4
Allreduce 939464 939483 -2 1 2 3 4
Allgatherv 939521 939534 -2 1 2 3 4
Allreduce 939551 939565 -2 1 2 3 4
Allgatherv 939603 939624 -2 1 2 3 4
Allreduce 939641 939664 -2 1 2 3 4
Allgatherv 939703 939723 -2 1 2 3 4
Allreduce 939740 939753 -2 1 2 3 4
Allgatherv 939791 939807 -2 1 2 3 4
Allreduce 939823 939834 -2 1 2 3 4
Allgatherv 939872 939880 -2 1 2 3 4
Allreduce 939899 939907 -2 1 2 3 4
Allgatherv 939945 939957 -2 1 2 3 4
Allreduce 939974 939983 -2 1 2 3 4
Allgatherv 940020 940033 -2 1 2 3 4
Allreduce 940050 940061 -2 1 2 3 4
Allgatherv 940099 940111 -2 1 2 3 4
Allreduce 940130 940140 -2 1 2 3 4
Allgatherv 940178 940190 -2 1 2 3 4
Allreduce 940207 940219 -2 1 2 3 4
Allgatherv 940257 940272 -2 1 2 3 4
Allreduce 940289 940303 -2 1 2 3 4
Allgatherv 940341 940351 -2 1 2 3 4
Allreduce 940368 940378 -2 1 2 3 4
Allgatherv 940416 940428 -2 1 2 3 4
Allreduce 940445 940455 -2 1 2 3 4
Allgatherv 940493 940497 -2 1 2 3 4
Allreduce 940514 940516 -2 1 2 3 4
Allgatherv 940555 940559 -2 1 2 3 4
Allreduce 940575 940577 -2 1 2 3 4
Allgatherv 940629 940633 -2 1 2 3 4
Allreduce 940650 940654 -2 1 2 3 4
Allgatherv 940694 940697 -2 1 2 3 4
Allreduce 940714 940716 -2 1 2 3 4
Allgatherv 940757 940760 -2 1 2 3 4
Allreduce 940777 940779 -2 1 2 3 4
Allgatherv 940818 940822 -2 1 2 3 4
Allreduce 940838 940841 -2 1 2 3 4
Allgatherv 940880 940883 -2 1 2 3 4
Allreduce 940901 940903 -2 1 2 3 4
Allgatherv 940942 940945 -2 1 2 3 4
Allreduce 940962 940965 -2 1 2 3 4
Allgatherv 941003 941006 -2 1 2 3 4
Allreduce 941023 941026 -2 1 2 3 4
Allgatherv 941065 941068 -2 1 2 3 4
Allreduce 941085 941087 -2 1 2 3 4
Allgatherv 941128 941131 -2 1 2 3 4
Allreduce 941148 941150 -2 1 2 3 4
Allgatherv 941189 941192 -2 1 2 3 4
Allreduce 941209 941211 -2 1 2 3 4
Allgatherv 941250 941253 -2 1 2 3 4
Allreduce 941271 941274 -2 1 2 3 4
Allgatherv 941313 941316 -2 1 2 3 4
Allreduce 941333 941335 -2 1 2 3 4
Allgatherv 941374 941378 -2 1 2 3 4
Allreduce 941395 941397 -2 1 2 3 4
Allgatherv 941436 941439 -2 1 2 3 4
Allreduce 941456 941469 -2 1 2 3 4
Allgatherv 941509 941513 -2 1 2 3 4
Allreduce 941530 941535 -2 1 2 3 4
Allgatherv 941574 941580 -2 1 2 3 4
Allreduce 941596 941620 -2 1 2 3 4
Allgatherv 941662 941676 -2 1 2 3 4
Allreduce 941694 941698 -2 1 2 3 4
Allgatherv 941737 941741 -2 1 2 3 4
Allreduce 941758 941761 -2 1 2 3 4
Allgatherv 941800 941803 -2 1 2 3 4
Allreduce 941820 941823 -2 1 2 3 4
Allgatherv 941862 941865 -2 1 2 3 4
Allreduce 941884 941886 -2 1 2 3 4
Allgatherv 941925 941929 -2 1 2 3 4
Allreduce 941946 941949 -2 1 2 3 4
Allgatherv 941987 941991 -2 1 2 3 4
Allreduce 942008 942010 -2 1 2 3 4
Allgatherv 942050 942055 -2 1 2 3 4
Allreduce 942072 942075 -2 1 2 3 4
Allgatherv 942114 942117 -2 1 2 3 4
Allreduce 942134 942137 -2 1 2 3 4
Allgatherv 942175 942179 -2 1 2 3 4
Allreduce 942196 942199 -2 1 2 3 4
Allgatherv 942238 942241 -2 1 2 3 4
Allreduce 942260 942262 -2 1 2 3 4
Allgatherv 942301 942304 -2 1 2 3 4
Allreduce 942321 942324 -2 1 2 3 4
Allgatherv 942362 942366 -2 1 2 3 4
Allreduce 942383 942385 -2 1 2 3 4
Allgatherv 942424 942427 -2 1 2 3 4
Allreduce 942446 942448 -2 1 2 3 4
Allgatherv 942487 942490 -2 1 2 3 4
Allreduce 942507 942509 -2 1 2 3 4
Allgatherv 942548 942552 -2 1 2 3 4
Allreduce 942569 942571 -2 1 2 3 4
Allgatherv 942610 942616 -2 1 2 3 4
Allreduce 942633 942636 -2 1 2 3 4
Allgatherv 942677 942680 -2 1 2 3 4
Allreduce 942697 942700 -2 1 2 3 4
Allgatherv 942739 942742 -2 1 2 3 4
Allreduce 942759 942762 -2 1 2 3 4
Allgatherv 942801 942804 -2 1 2 3 4
Allreduce 942822 942825 -2 1 2 3 4
Allgatherv 942864 942867 -2 1 2 3 4
Allreduce 942884 942886 -2 1 2 3 4
Allgatherv 942925 942929 -2 1 2 3 4
Allreduce 942946 942948 -2 1 2 3 4
Allgatherv 942987 942990 -2 1 2 3 4
Allreduce 943008 943011 -2 1 2 3 4
Allgatherv 943049 943053 -2 1 2 3 4
Allreduce 943069 943072 -2 1 2 3 4
Allgatherv 943111 943114 -2 1 2 3 4
Allreduce 943131 943136 -2 1 2 3 4
Allgatherv 943175 943178 -2 1 2 3 4
Allreduce 943195 943198 -2 1 2 3 4
Allgatherv 943236 943240 -2 1 2 3 4
Allreduce 943256 943259 -2 1 2 3 4
Allgatherv 943298 943301 -2 1 2 3 4
Allreduce 943318 943320 -2 1 2 3 4
Allgatherv 943361 943364 -2 1 2 3 4
Allreduce 943381 943383 -2 1 2 3 4
Allgatherv 943422 943425 -2 1 2 3 4
Allreduce 943442 943445 -2 1 2 3 4
Allgatherv 943483 943487 -2 1 2 3 4
Allreduce 943503 943506 -2 1 2 3 4
Allgatherv 943546 943550 -2 1 2 3 4
Allreduce 943566 943569 -2 1 2 3 4
Allgatherv 943622 943625 -2 1 2 3 4
Allreduce 943643 943648 -2 1 2 3 4
Allgatherv 943709 943789 -2 1 2 3 4
Allreduce 943811 943824 -2 1 2 3 4
Allgatherv 943867 943885 -2 1 2 3 4
Allreduce 943905 943917 -2 1 2 3 4
Allgatherv 943960 943973 -2 1 2 3 4
Allreduce 943990 944007 -2 1 2 3 4
Allgatherv 944051 944068 -2 1 2 3 4
Allreduce 944086 944104 -2 1 2 3 4
Allgatherv 944150 944168 -2 1 2 3 4
Allreduce 944187 944205 -2 1 2 3 4
Allgatherv 944249 944263 -2 1 2 3 4
Allreduce 944281 944294 -2 1 2 3 4
Allgatherv 944335 944348 -2 1 2 3 4
Allreduce 944364 944379 -2 1 2 3 4
Allgatherv 944422 944433 -2 1 2 3 4
Allreduce 944449 944491 -2 1 2 3 4
Allgatherv 944575 944583 -2 1 2 3 4
Allreduce 944611 944615 -2 1 2 3 4
Allgatherv 944673 944679 -2 1 2 3 4
Allreduce 944707 944711 -2 1 2 3 4
Allgatherv 944759 944765 -2 1 2 3 4
Allreduce 944794 944798 -2 1 2 3 4
Allgatherv 944844 944850 -2 1 2 3 4
Allreduce 944877 944881 -2 1 2 3 4
Allgatherv 944926 944931 -2 1 2 3 4
Allreduce 944957 944961 -2 1 2 3 4
Allgatherv 945014 945019 -2 1 2 3 4
Allreduce 945043 945048 -2 1 2 3 4
Allgatherv 945073 945092 -2 1 2 3 4
Allreduce 945103 945112 -2 1 2 3 4
Allgatherv 945135 945156 -2 1 2 3 4
Allreduce 945167 945177 -2 1 2 3 4
Allgatherv 945200 945221 -2 1 2 3 4
Allreduce 945231 945241 -2 1 2 3 4
Allgatherv 945264 945285 -2 1 2 3 4
Allreduce 945295 945307 -2 1 2 3 4
Allgatherv 945330 945351 -2 1 2 3 4
Allreduce 945361 945371 -2 1 2 3 4
Allgatherv 945394 945415 -2 1 2 3 4
Allreduce 945425 945437 -2 1 2 3 4
Allgatherv 945460 945481 -2 1 2 3 4
Allreduce 945491 945502 -2 1 2 3 4
Allgatherv 945525 945546 -2 1 2 3 4
Allreduce 945557 945566 -2 1 2 3 4
Allgatherv 945589 945610 -2 1 2 3 4
Allreduce 945620 945630 -2 1 2 3 4
Allgatherv 945674 945680 -2 1 2 3 4
Allreduce 945700 945703 -2 1 2 3 4
Allgatherv 945747 945751 -2 1 2 3 4
Allreduce 945769 945772 -2 1 2 3 4
Allgatherv 945813 945816 -2 1 2 3 4
Allreduce 945834 945837 -2 1 2 3 4
Allgatherv 945878 945882 -2 1 2 3 4
Allreduce 945899 945904 -2 1 2 3 4
Allgatherv 945946 945950 -2 1 2 3 4
Allreduce 945967 945970 -2 1 2 3 4
Allgatherv 946011 946015 -2 1 2 3 4
Allreduce 946032 946035 -2 1 2 3 4
Allgatherv 946076 946080 -2 1 2 3 4
Allreduce 946097 946101 -2 1 2 3 4
Allgatherv 946141 946144 -2 1 2 3 4
Allreduce 946163 946165 -2 1 2 3 4
Allgatherv 946206 946209 -2 1 2 3 4
Allreduce 946227 946229 -2 1 2 3 4
Allgatherv 946270 946273 -2 1 2 3 4
Allreduce 946290 946293 -2 1 2 3 4
Allgatherv 946333 946337 -2 1 2 3 4
Allreduce 946354 946357 -2 1 2 3 4
Allgatherv 946397 946401 -2 1 2 3 4
Allreduce 946418 946421 -2 1 2 3 4
Allgatherv 946462 946467 -2 1 2 3 4
Allreduce 946484 946487 -2 1 2 3 4
Allgatherv 946529 946533 -2 1 2 3 4
Allreduce 946550 946555 -2 1 2 3 4
Allgatherv 946595 946599 -2 1 2 3 4
Allreduce 946630 946633 -2 1 2 3 4
Allgatherv 946675 946678 -2 1 2 3 4
Allreduce 946696 946699 -2 1 2 3 4
Allgatherv 946743 946746 -2 1 2 3 4
Allreduce 946766 946769 -2 1 2 3 4
Allgatherv 946810 946814 -2 1 2 3 4
Allreduce 946831 946835 -2 1 2 3 4
Allgatherv 946876 946880 -2 1 2 3 4
Allreduce 946897 946901 -2 1 2 3 4
Allgatherv 946942 946946 -2 1 2 3 4
Allreduce 946964 946967 -2 1 2 3 4
Allgatherv 947009 947013 -2 1 2 3 4
Allreduce 947031 947036 -2 1 2 3 4
Allgatherv 947077 947080 -2 1 2 3 4
Allreduce 947100 947102 -2 1 2 3 4
Allgatherv 947144 947150 -2 1 2 3 4
Allreduce 947167 947170 -2 1 2 3 4
Allgatherv 947212 947215 -2 1 2 3 4
Allreduce 947233 947236 -2 1 2 3 4
Allgatherv 947277 947281 -2 1 2 3 4
Allreduce 947298 947301 -2 1 2 3 4
Allgatherv 947344 947348 -2 1 2 3 4
Allreduce 947366 947369 -2 1 2 3 4
Allgatherv 947410 947413 -2 1 2 3 4
Allreduce 947431 947435 -2 1 2 3 4
Allgatherv 947476 947508 -2 1 2 3 4
Allreduce 947526 947533 -2 1 2 3 4
Allgatherv 947574 947577 -2 1 2 3 4
Allreduce 947595 947612 -2 1 2 3 4
Allgatherv 947655 947658 -2 1 2 3 4
Allreduce 947677 947682 -2 1 2 3 4
Allgatherv 947727 947731 -2 1 2 3 4
Allreduce 947751 947755 -2 1 2 3 4
Allgatherv 947797 947801 -2 1 2 3 4
Allreduce 947819 947822 -2 1 2 3 4
Allgatherv 947865 947869 -2 1 2 3 4
Allreduce 947886 947890 -2 1 2 3 4
Allgatherv 947933 947936 -2 1 2 3 4
Allreduce 947955 947958 -2 1 2 3 4
Allgatherv 948002 948006 -2 1 2 3 4
Allreduce 948024 948028 -2 1 2 3 4
Allgatherv 948070 948074 -2 1 2 3 4
Allreduce 948092 948096 -2 1 2 3 4
Allgatherv 948138 948142 -2 1 2 3 4
Allreduce 948160 948164 -2 1 2 3 4
Allgatherv 948206 948210 -2 1 2 3 4
Allreduce 948228 948232 -2 1 2 3 4
Allgatherv 948274 948280 -2 1 2 3 4
Allreduce 948298 948301 -2 1 2 3 4
Allgatherv 948344 948350 -2 1 2 3 4
Allreduce 948370 948373 -2 1 2 3 4
Allgatherv 948415 948419 -2 1 2 3 4
Allreduce 948437 948440 -2 1 2 3 4
Allgatherv 948483 948487 -2 1 2 3 4
Allreduce 948506 948508 -2 1 2 3 4
Allgatherv 948551 948555 -2 1 2 3 4
Allreduce 948573 948576 -2 1 2 3 4
Allgatherv 948633 948637 -2 1 2 3 4
Allreduce 948655 948658 -2 1 2 3 4
Allgatherv 948700 948704 -2 1 2 3 4
Allreduce 948723 948727 -2 1 2 3 4
Allgatherv 948768 948772 -2 1 2 3 4
Allreduce 948790 948793 -2 1 2 3 4
Allgatherv 948835 948838 -2 1 2 3 4
Allreduce 948857 948861 -2 1 2 3 4
Allgatherv 948903 948906 -2 1 2 3 4
Allreduce 948925 948929 -2 1 2 3 4
Allgatherv 948972 948976 -2 1 2 3 4
Allreduce 948994 948997 -2 1 2 3 4
Allgatherv 949039 949042 -2 1 2 3 4
Allreduce 949060 949063 -2 1 2 3 4
Allgatherv 949104 949107 -2 1 2 3 4
Allreduce 949125 949128 -2 1 2 3 4
Allgatherv 949170 949173 -2 1 2 3 4
Allreduce 949192 949195 -2 1 2 3 4
Allgatherv 949237 949240 -2 1 2 3 4
Allreduce 949258 949261 -2 1 2 3 4
Allgatherv 949303 949307 -2 1 2 3 4
Allreduce 949325 949328 -2 1 2 3 4
Allgatherv 949369 949372 -2 1 2 3 4
Allreduce 949391 949394 -2 1 2 3 4
Allgatherv 949435 949638 -2 1 2 3 4
Allreduce 949669 949674 -2 1 2 3 4
Allgatherv 949723 949729 -2 1 2 3 4
Allreduce 949749 949752 -2 1 2 3 4
Allgatherv 949795 949799 -2 1 2 3 4
Allreduce 949818 949833 -2 1 2 3 4
Allgatherv 949876 949880 -2 1 2 3 4
Allreduce 949899 949953 -2 1 2 3 4
Allgatherv 949996 950000 -2 1 2 3 4
Allreduce 950018 950022 -2 1 2 3 4
Allgatherv 950132 950139 -2 1 2 3 4
Allreduce 950163 950174 -2 1 2 3 4
Allgatherv 950217 950223 -2 1 2 3 4
Allreduce 950242 950249 -2 1 2 3 4
Allgatherv 950326 950350 -2 1 2 3 4
Allreduce 950371 950381 -2 1 2 3 4
Allgatherv 950424 950427 -2 1 2 3 4
Allreduce 950448 950451 -2 1 2 3 4
Allgatherv 950494 950502 -2 1 2 3 4
Allreduce 950526 950533 -2 1 2 3 4
Allgatherv 950579 950587 -2 1 2 3 4
Allreduce 950611 950627 -2 1 2 3 4
Allgatherv 950672 950686 -2 1 2 3 4
Allreduce 950726 950731 -2 1 2 3 4
Allgatherv 950781 950792 -2 1 2 3 4
Allreduce 950816 950827 -2 1 2 3 4
Allgatherv 950875 950883 -2 1 2 3 4
Allreduce 950906 950912 -2 1 2 3 4
Allgatherv 950958 950965 -2 1 2 3 4
Allreduce 950993 950997 -2 1 2 3 4
Allgatherv 951043 951053 -2 1 2 3 4
Allreduce 956758 956935 -2 1 2 3 4
Allgatherv 956986 956995 -2 1 2 3 4
Allreduce 957015 957020 -2 1 2 3 4
Allgatherv 957063 957067 -2 1 2 3 4
Allreduce 957086 957090 -2 1 2 3 4
Allgatherv 957132 957136 -2 1 2 3 4
Allreduce 957155 957158 -2 1 2 3 4
Allgatherv 957201 957206 -2 1 2 3 4
Allreduce 957225 957228 -2 1 2 3 4
Allgatherv 957272 957278 -2 1 2 3 4
Allreduce 957296 957299 -2 1 2 3 4
Allgatherv 957342 957346 -2 1 2 3 4
Allreduce 957366 957369 -2 1 2 3 4
Allgatherv 957412 957416 -2 1 2 3 4
Allreduce 957435 957438 -2 1 2 3 4
Allgatherv 957481 957485 -2 1 2 3 4
Allreduce 957503 957507 -2 1 2 3 4
Allgatherv 957549 957553 -2 1 2 3 4
Allreduce 957571 957575 -2 1 2 3 4
Allgatherv 957618 957622 -2 1 2 3 4
Allreduce 957642 957645 -2 1 2 3 4
Allgatherv 957687 957691 -2 1 2 3 4
Allreduce 957709 957712 -2 1 2 3 4
Allgatherv 957755 957758 -2 1 2 3 4
Allreduce 957777 957780 -2 1 2 3 4
Allgatherv 957825 957829 -2 1 2 3 4
Allreduce 957847 957852 -2 1 2 3 4
Allgatherv 957895 957901 -2 1 2 3 4
Allreduce 957919 957922 -2 1 2 3 4
Allgatherv 957964 957968 -2 1 2 3 4
Allreduce 957988 957991 -2 1 2 3 4
Allgatherv 958033 958037 -2 1 2 3 4
Allreduce 958056 958059 -2 1 2 3 4
Allgatherv 958102 958105 -2 1 2 3 4
Allreduce 958123 958127 -2 1 2 3 4
Allgatherv 958169 958173 -2 1 2 3 4
Allreduce 958191 958194 -2 1 2 3 4
Barrier 961690 961967
Barrier 961982 961990
Barrier 1142938 1142969
Barrier 1142979 1143013
Finalize 1151787 1152656
