SYSTEM_START_US: 1775660118894274
Bcast 747796 747801 -1 0
Bcast 747821 747822 -1 0
Bcast 747837 747838 -1 0
Barrier 811683 845259
Barrier 845401 845442
Bcast 861370 861378 -1 0
Scatterv 861404 867223 -1 0
Barrier 867803 868874
Sendrecv 868892 868970 -2 3
Sendrecv 868992 869003 -2 3
Barrier 869279 869410
Barrier 869419 869861
Sendrecv 869874 870096 -2 1
Sendrecv 870151 870160 -2 1
Barrier 870442 870507
Barrier 870513 871006
Barrier 871009 871413
Sendrecv 871427 871429 -2 3
Sendrecv 871443 871452 -2 3
Barrier 871761 871795
Barrier 871843 872262
Sendrecv 872275 872280 -2 1
Sendrecv 872292 872303 -2 1
Barrier 872653 872655
Barrier 872659 873063
Barrier 873068 873371
Sendrecv 873380 873381 -2 3
Sendrecv 873396 873405 -2 3
Barrier 873723 873725
Barrier 873785 874165
Sendrecv 874174 874175 -2 1
Sendrecv 874186 874193 -2 1
Barrier 874517 874521
Barrier 874526 874950
Barrier 874961 875364
Sendrecv 875376 875377 -2 3
Sendrecv 875388 875401 -2 3
Barrier 875593 875733
Barrier 875736 876097
Sendrecv 876101 876107 -2 1
Sendrecv 876113 876125 -2 1
Barrier 876318 876457
Barrier 876459 876826
Barrier 876866 877251
Sendrecv 877255 877261 -2 3
Sendrecv 877267 877279 -2 3
Barrier 877470 877605
Barrier 877607 877954
Sendrecv 877959 877964 -2 1
Sendrecv 877970 877982 -2 1
Barrier 878169 878304
Barrier 878306 878654
Barrier 878656 879104
Sendrecv 879110 879113 -2 3
Sendrecv 879120 879132 -2 3
Barrier 879324 879460
Barrier 879462 879820
Sendrecv 879824 879830 -2 1
Sendrecv 879836 879848 -2 1
Barrier 880041 880185
Barrier 880187 880582
Gather 880606 880873 0
Gatherv 880889 880926 0
Barrier 891650 892619
Barrier 892755 892764
Finalize 893310 898171
