SYSTEM_START_US: 1775660118805964
Bcast 821233 821235 1 2 3 4 5
Bcast 821253 821253 1 2 3 4 5
Bcast 821262 821262 1 2 3 4 5
Barrier 873459 933487
Barrier 933739 933750
Bcast 946526 946530 1 2 3 4 5
Scatterv 946555 955926 1 2 3 4 5
Sendrecv 956803 956838 -2 1
Sendrecv 956851 956858 -2 1
Barrier 957144 957157
Barrier 957184 957716
Barrier 957721 958170
Barrier 958181 958811
Barrier 958816 959318
Sendrecv 959351 959353 -2 1
Sendrecv 959365 959373 -2 1
Barrier 959720 959722
Barrier 959727 960107
Barrier 960116 960573
Barrier 960581 960966
Barrier 961000 961373
Sendrecv 961381 961382 -2 1
Sendrecv 961392 961400 -2 1
Barrier 961655 961681
Barrier 961684 962035
Barrier 962037 962475
Barrier 962478 962831
Barrier 962840 963260
Sendrecv 963271 963273 -2 1
Sendrecv 963346 963354 -2 1
Barrier 963669 963674
Barrier 963679 964043
Barrier 964048 964407
Barrier 964411 964767
Barrier 964772 965137
Sendrecv 965145 965224 -2 1
Sendrecv 965237 965244 -2 1
Barrier 965559 965561
Barrier 965566 965915
Barrier 965919 966265
Barrier 966269 966614
Barrier 966619 966965
Sendrecv 966973 966974 -2 1
Sendrecv 967081 967089 -2 1
Barrier 967412 967414
Barrier 967419 967770
Barrier 967775 968131
Barrier 968135 968495
Barrier 968500 968892
Gather 968933 969237 -1 1 2 3 4 5
Gatherv 969260 969406 -1 1 2 3 4 5
Barrier 980348 980929
Barrier 980943 981074
Finalize 984799 986447
