SYSTEM_START_US: 1775660118826482
Bcast 818933 818935 -1 0
Bcast 818955 818956 -1 0
Bcast 818971 818972 -1 0
Barrier 888897 912906
Barrier 913192 913236
Bcast 932479 934956 -1 0
Scatterv 934983 935406 -1 0
Barrier 936271 936637
Barrier 936648 937199
Sendrecv 937215 937293 -2 4
Sendrecv 937328 937365 -2 4
Barrier 937597 937656
Barrier 937659 938292
Barrier 938301 938797
Barrier 938828 939204
Barrier 939215 939587
Sendrecv 939613 939617 -2 4
Sendrecv 939630 939642 -2 4
Barrier 940050 940054
Barrier 940058 940446
Barrier 940494 940854
Barrier 940858 941163
Barrier 941167 941516
Sendrecv 941526 941528 -2 4
Sendrecv 941541 941550 -2 4
Barrier 941901 941956
Barrier 941961 942312
Barrier 942320 942741
Barrier 942750 943155
Barrier 943193 943524
Sendrecv 943531 943536 -2 4
Sendrecv 943545 943556 -2 4
Barrier 943791 943888
Barrier 943891 944248
Barrier 944251 944618
Barrier 944620 945042
Barrier 945045 945396
Sendrecv 945400 945408 -2 4
Sendrecv 945415 945426 -2 4
Barrier 945647 945746
Barrier 945748 946095
Barrier 946098 946445
Barrier 946448 946895
Barrier 946939 947251
Sendrecv 947256 947261 -2 4
Sendrecv 947268 947280 -2 4
Barrier 947509 947612
Barrier 947614 947976
Barrier 947978 948373
Gather 948397 948695 0
Gatherv 948711 948762 0
Barrier 956198 960420
Barrier 960434 960555
Finalize 961122 965935
