SYSTEM_START_US: 1775660118807047
Bcast 883440 883442 -1 0
Bcast 883457 883457 -1 0
Bcast 883466 883467 -1 0
Barrier 931826 932361
Barrier 932625 932670
Bcast 954376 954384 -1 0
Scatterv 954411 954433 -1 0
Sendrecv 955007 955723 -2 0
Sendrecv 955743 955774 -2 0
Barrier 956060 956072
Barrier 956087 956667
Barrier 956677 957093
Sendrecv 957106 957345 -2 2
Sendrecv 957360 957386 -2 2
Barrier 957722 957727
Barrier 957731 958233
Sendrecv 958241 958269 -2 0
Sendrecv 958281 958288 -2 0
Barrier 958635 958638
Barrier 958643 959023
Barrier 959069 959489
Sendrecv 959505 959507 -2 2
Sendrecv 959520 959530 -2 2
Barrier 959825 959882
Barrier 959888 960289
Sendrecv 960295 960298 -2 0
Sendrecv 960307 960316 -2 0
Barrier 960594 960598
Barrier 960602 960951
Barrier 960982 961391
Sendrecv 961397 961401 -2 2
Sendrecv 961409 961420 -2 2
Barrier 961612 961748
Barrier 961759 962176
Sendrecv 962187 962189 -2 0
Sendrecv 962201 962270 -2 0
Barrier 962588 962590
Barrier 962595 962959
Barrier 962964 963323
Sendrecv 963332 963333 -2 2
Sendrecv 963345 963351 -2 2
Barrier 963681 963684
Barrier 963688 964053
Sendrecv 964139 964140 -2 0
Sendrecv 964153 964160 -2 0
Barrier 964466 964478
Barrier 964482 964831
Barrier 964835 965181
Sendrecv 965189 965190 -2 2
Sendrecv 965201 965208 -2 2
Barrier 965528 965531
Barrier 965534 965881
Sendrecv 965889 965890 -2 0
Sendrecv 965901 966005 -2 0
Barrier 966322 966330
Barrier 966335 966686
Barrier 966691 967047
Sendrecv 967055 967056 -2 2
Sendrecv 967068 967075 -2 2
Barrier 967409 967411
Barrier 967415 967808
Gather 967832 968097 0
Gatherv 968111 968134 0
Barrier 975489 979855
Barrier 979988 979990
Finalize 980789 985367
