SYSTEM_START_US: 1775658606963749
Bcast 638574 638576 1 2 3
Bcast 639021 639023 1 2 3
Bcast 639039 639040 1 2 3
Bcast 1297528 1297541 1 2 3
Scatter 1301655 1302089 1 2 3
Scatter 1302114 1302635 1 2 3
Sendrecv_replace 1302649 1302857 -2 0
Sendrecv_replace 1302875 1302916 -2 0
Sendrecv_replace 1328157 1328861 -2 1
Sendrecv_replace 1328877 1338372 -2 2
Gather 1360036 1362096 -1 1 2 3
Bcast 1363136 1363346 1 2 3
Barrier 1371093 1371254
Barrier 1371268 1371276
Barrier 2455159 2461413
Barrier 2461432 2461450
Finalize 2474316 2474911
