SYSTEM_START_US: 1775658606963751
Bcast 638673 638674 -1 0
Bcast 639019 639021 -1 0
Bcast 639036 639038 -1 0
Bcast 1283179 1297584 -1 0
Scatter 1299324 1301904 -1 0
Scatter 1301982 1302275 -1 0
Sendrecv_replace 1302300 1302525 -2 1
Sendrecv_replace 1302550 1303258 -2 3
Sendrecv_replace 1328768 1328857 -2 0
Sendrecv_replace 1328873 1338383 -2 3
Gather 1360296 1360358 0
Bcast 1360656 1363347 -1 0
Barrier 1369827 1371102
Barrier 1371128 1371275
Barrier 2461347 2461358
Barrier 2461374 2461433
Finalize 2473588 2474870
