SYSTEM_START_US: 1775658606963745
Bcast 638829 638831 -1 0
Bcast 639061 639065 -1 0
Bcast 639075 639076 -1 0
Bcast 1276472 1297559 -1 0
Scatter 1299412 1302339 -1 0
Scatter 1302367 1302709 -1 0
Sendrecv_replace 1302724 1303041 -2 3
Sendrecv_replace 1303065 1303129 -2 2
Sendrecv_replace 1338115 1338203 -2 3
Sendrecv_replace 1338222 1338371 -2 0
Gather 1361221 1362099 0
Bcast 1362444 1363518 -1 0
Barrier 1369741 1371258
Barrier 1371278 1371279
Barrier 2423607 2461402
Barrier 2461430 2461450
Finalize 2473664 2474874
