SYSTEM_START_US: 1775658606963751
Bcast 638967 638968 -1 0
Bcast 639016 639066 -1 0
Bcast 639083 639084 -1 0
Bcast 1267812 1297603 -1 0
Scatter 1299278 1302295 -1 0
Scatter 1302325 1302704 -1 0
Sendrecv_replace 1302721 1303036 -2 2
Sendrecv_replace 1303060 1303296 -2 1
Sendrecv_replace 1337998 1338199 -2 2
Sendrecv_replace 1338220 1338378 -2 1
Gather 1361779 1361883 0
Bcast 1362239 1363516 -1 0
Barrier 1370789 1371100
Barrier 1371128 1371275
Barrier 2452291 2461379
Barrier 2461416 2461434
Finalize 2473731 2474871
