SYSTEM_START_US: 1775662103909186
Bcast 819893 819896 -1 0
Bcast 819921 819922 -1 0
Bcast 819937 819938 -1 0
Bcast 875811 875814 -1 0
Bcast 875827 875828 -1 0
Scatterv 875851 875984 -1 0
Scatterv 876004 876039 -1 0
Allgatherv 876087 876670 -2 0 1 2 4
Allgatherv 876707 876839 -2 0 1 2 4
Allreduce 876863 876983 -2 0 1 2 4
Allgatherv 877048 877070 -2 0 1 2 4
Allreduce 877083 877117 -2 0 1 2 4
Allgatherv 877162 877176 -2 0 1 2 4
Allreduce 877199 877203 -2 0 1 2 4
Allgatherv 877290 877294 -2 0 1 2 4
Allreduce 877314 877317 -2 0 1 2 4
Allgatherv 877360 877369 -2 0 1 2 4
Allreduce 877392 877400 -2 0 1 2 4
Allgatherv 877442 877447 -2 0 1 2 4
Allreduce 877467 877470 -2 0 1 2 4
Allgatherv 877554 877558 -2 0 1 2 4
Allreduce 877578 877585 -2 0 1 2 4
Allgatherv 877627 877632 -2 0 1 2 4
Allreduce 877652 877660 -2 0 1 2 4
Allgatherv 877705 877716 -2 0 1 2 4
Allreduce 877734 877738 -2 0 1 2 4
Allgatherv 877780 877787 -2 0 1 2 4
Allreduce 877807 877814 -2 0 1 2 4
Allgatherv 877855 877861 -2 0 1 2 4
Allreduce 877939 877942 -2 0 1 2 4
Allgatherv 877984 877999 -2 0 1 2 4
Allreduce 878016 878027 -2 0 1 2 4
Allgatherv 878068 878079 -2 0 1 2 4
Allreduce 878100 878102 -2 0 1 2 4
Allgatherv 878144 878149 -2 0 1 2 4
Allreduce 878167 878170 -2 0 1 2 4
Allgatherv 878224 878232 -2 0 1 2 4
Allreduce 878250 878254 -2 0 1 2 4
Allgatherv 878293 878299 -2 0 1 2 4
Allreduce 878315 878318 -2 0 1 2 4
Allgatherv 878357 878362 -2 0 1 2 4
Allreduce 878379 878382 -2 0 1 2 4
Allgatherv 878421 878432 -2 0 1 2 4
Allreduce 878531 878536 -2 0 1 2 4
Allgatherv 878576 878587 -2 0 1 2 4
Allreduce 878604 878608 -2 0 1 2 4
Allgatherv 878647 878653 -2 0 1 2 4
Allreduce 878671 878678 -2 0 1 2 4
Allgatherv 878735 878757 -2 0 1 2 4
Allreduce 878777 878787 -2 0 1 2 4
Allgatherv 878827 878836 -2 0 1 2 4
Allreduce 878853 878864 -2 0 1 2 4
Allgatherv 878902 878909 -2 0 1 2 4
Allreduce 878926 878930 -2 0 1 2 4
Allgatherv 878969 878975 -2 0 1 2 4
Allreduce 878992 878995 -2 0 1 2 4
Allgatherv 879038 879414 -2 0 1 2 4
Allreduce 879450 879463 -2 0 1 2 4
Allgatherv 879509 879517 -2 0 1 2 4
Allreduce 879541 879745 -2 0 1 2 4
Allgatherv 879911 879965 -2 0 1 2 4
Allreduce 879985 880020 -2 0 1 2 4
Allgatherv 880060 880079 -2 0 1 2 4
Allreduce 880095 880102 -2 0 1 2 4
Allgatherv 880321 880449 -2 0 1 2 4
Allreduce 880475 880481 -2 0 1 2 4
Allgatherv 880530 880572 -2 0 1 2 4
Allreduce 880601 880618 -2 0 1 2 4
Allgatherv 880667 880721 -2 0 1 2 4
Allreduce 880742 880847 -2 0 1 2 4
Allgatherv 880888 880903 -2 0 1 2 4
Allreduce 880920 880933 -2 0 1 2 4
Allgatherv 880973 880979 -2 0 1 2 4
Allreduce 880997 881002 -2 0 1 2 4
Allgatherv 881042 881049 -2 0 1 2 4
Allreduce 881066 881077 -2 0 1 2 4
Allgatherv 881117 881199 -2 0 1 2 4
Allreduce 881231 881252 -2 0 1 2 4
Allgatherv 881293 881319 -2 0 1 2 4
Allreduce 881339 881422 -2 0 1 2 4
Allgatherv 881471 881568 -2 0 1 2 4
Allreduce 881589 881607 -2 0 1 2 4
Allgatherv 881649 881668 -2 0 1 2 4
Allreduce 881689 881705 -2 0 1 2 4
Allgatherv 881749 881752 -2 0 1 2 4
Allreduce 881772 881782 -2 0 1 2 4
Allgatherv 881823 881832 -2 0 1 2 4
Allreduce 881850 881923 -2 0 1 2 4
Allgatherv 881967 881991 -2 0 1 2 4
Allreduce 882012 882021 -2 0 1 2 4
Allgatherv 882060 882086 -2 0 1 2 4
Allreduce 882104 882123 -2 0 1 2 4
Allgatherv 882160 882176 -2 0 1 2 4
Allreduce 882195 882205 -2 0 1 2 4
Allgatherv 882244 882251 -2 0 1 2 4
Allreduce 882482 882487 -2 0 1 2 4
Allgatherv 882530 882550 -2 0 1 2 4
Allreduce 882568 882571 -2 0 1 2 4
Allgatherv 882612 882616 -2 0 1 2 4
Allreduce 882633 882636 -2 0 1 2 4
Allgatherv 882678 882688 -2 0 1 2 4
Allreduce 882708 882715 -2 0 1 2 4
Allgatherv 882761 882775 -2 0 1 2 4
Allreduce 882801 882826 -2 0 1 2 4
Allgatherv 882878 882882 -2 0 1 2 4
Allreduce 882899 882902 -2 0 1 2 4
Allgatherv 882945 882949 -2 0 1 2 4
Allreduce 882967 882976 -2 0 1 2 4
Allgatherv 883018 883030 -2 0 1 2 4
Allreduce 883048 883050 -2 0 1 2 4
Allgatherv 883092 883098 -2 0 1 2 4
Allreduce 883120 883127 -2 0 1 2 4
Allgatherv 883168 883173 -2 0 1 2 4
Allreduce 883192 883195 -2 0 1 2 4
Allgatherv 883238 883271 -2 0 1 2 4
Allreduce 883295 883307 -2 0 1 2 4
Allgatherv 883349 883355 -2 0 1 2 4
Allreduce 883377 883381 -2 0 1 2 4
Allgatherv 883420 883426 -2 0 1 2 4
Allreduce 883444 883448 -2 0 1 2 4
Allgatherv 883489 883494 -2 0 1 2 4
Allreduce 883525 883529 -2 0 1 2 4
Allgatherv 883581 883585 -2 0 1 2 4
Allreduce 883603 883606 -2 0 1 2 4
Allgatherv 883633 883653 -2 0 1 2 4
Allreduce 883663 883677 -2 0 1 2 4
Allgatherv 883704 883740 -2 0 1 2 4
Allreduce 883749 883761 -2 0 1 2 4
Allgatherv 883783 883816 -2 0 1 2 4
Allreduce 883825 883890 -2 0 1 2 4
Allgatherv 883926 883973 -2 0 1 2 4
Allreduce 883985 884009 -2 0 1 2 4
Allgatherv 884032 884066 -2 0 1 2 4
Allreduce 884076 884101 -2 0 1 2 4
Allgatherv 884124 884149 -2 0 1 2 4
Allreduce 884158 884192 -2 0 1 2 4
Allgatherv 884214 884244 -2 0 1 2 4
Allreduce 884252 884273 -2 0 1 2 4
Allgatherv 884295 884322 -2 0 1 2 4
Allreduce 884331 884346 -2 0 1 2 4
Allgatherv 884368 884391 -2 0 1 2 4
Allreduce 884401 884420 -2 0 1 2 4
Allgatherv 884587 884744 -2 0 1 2 4
Allreduce 884754 884772 -2 0 1 2 4
Allgatherv 884794 884817 -2 0 1 2 4
Allreduce 884826 884836 -2 0 1 2 4
Allgatherv 884858 884879 -2 0 1 2 4
Allreduce 884887 884898 -2 0 1 2 4
Allgatherv 884920 884940 -2 0 1 2 4
Allreduce 884949 884959 -2 0 1 2 4
Allgatherv 884981 885001 -2 0 1 2 4
Allreduce 885010 885024 -2 0 1 2 4
Allgatherv 885046 885069 -2 0 1 2 4
Allreduce 885078 885133 -2 0 1 2 4
Allgatherv 885170 885191 -2 0 1 2 4
Allreduce 885213 885239 -2 0 1 2 4
Allgatherv 885280 885284 -2 0 1 2 4
Allreduce 885304 885314 -2 0 1 2 4
Allgatherv 885357 885377 -2 0 1 2 4
Allreduce 885396 885422 -2 0 1 2 4
Allgatherv 885463 885477 -2 0 1 2 4
Allreduce 885496 885511 -2 0 1 2 4
Allgatherv 885552 885561 -2 0 1 2 4
Allreduce 885579 885593 -2 0 1 2 4
Allgatherv 885633 885643 -2 0 1 2 4
Allreduce 885662 885679 -2 0 1 2 4
Allgatherv 885720 885731 -2 0 1 2 4
Allreduce 885749 885760 -2 0 1 2 4
Allgatherv 885800 885808 -2 0 1 2 4
Allreduce 885826 885841 -2 0 1 2 4
Allgatherv 885882 885893 -2 0 1 2 4
Allreduce 885911 885926 -2 0 1 2 4
Allgatherv 885966 885986 -2 0 1 2 4
Allreduce 886003 886015 -2 0 1 2 4
Allgatherv 886056 886065 -2 0 1 2 4
Allreduce 886085 886104 -2 0 1 2 4
Allgatherv 886145 886160 -2 0 1 2 4
Allreduce 886178 886181 -2 0 1 2 4
Allgatherv 886222 886239 -2 0 1 2 4
Allreduce 886257 886265 -2 0 1 2 4
Allgatherv 886307 886312 -2 0 1 2 4
Allreduce 886329 886331 -2 0 1 2 4
Allgatherv 886373 886376 -2 0 1 2 4
Allreduce 886394 886396 -2 0 1 2 4
Allgatherv 886438 886450 -2 0 1 2 4
Allreduce 886467 886473 -2 0 1 2 4
Allgatherv 886514 886518 -2 0 1 2 4
Allreduce 886536 886538 -2 0 1 2 4
Allgatherv 886580 886583 -2 0 1 2 4
Allreduce 886601 886603 -2 0 1 2 4
Allgatherv 886645 886654 -2 0 1 2 4
Allreduce 886674 886678 -2 0 1 2 4
Allgatherv 886720 886729 -2 0 1 2 4
Allreduce 886750 886753 -2 0 1 2 4
Allgatherv 886794 886797 -2 0 1 2 4
Allreduce 886815 886818 -2 0 1 2 4
Allgatherv 886859 886868 -2 0 1 2 4
Allreduce 886888 886890 -2 0 1 2 4
Allgatherv 886932 886935 -2 0 1 2 4
Allreduce 886953 886955 -2 0 1 2 4
Allgatherv 886997 887000 -2 0 1 2 4
Allreduce 887018 887020 -2 0 1 2 4
Allgatherv 887062 887066 -2 0 1 2 4
Allreduce 887084 887108 -2 0 1 2 4
Allgatherv 887150 887156 -2 0 1 2 4
Allreduce 887175 887191 -2 0 1 2 4
Allgatherv 887233 887243 -2 0 1 2 4
Allreduce 887261 887287 -2 0 1 2 4
Allgatherv 887329 887343 -2 0 1 2 4
Allreduce 887361 887378 -2 0 1 2 4
Allgatherv 887421 887442 -2 0 1 2 4
Allreduce 887463 887480 -2 0 1 2 4
Allgatherv 888070 888167 -2 0 1 2 4
Allreduce 888201 888213 -2 0 1 2 4
Allgatherv 888257 888261 -2 0 1 2 4
Allreduce 888280 888283 -2 0 1 2 4
Allgatherv 888328 888331 -2 0 1 2 4
Allreduce 888352 888354 -2 0 1 2 4
Allgatherv 888397 888400 -2 0 1 2 4
Allreduce 888419 888421 -2 0 1 2 4
Allgatherv 888464 888467 -2 0 1 2 4
Allreduce 888486 888489 -2 0 1 2 4
Allgatherv 888532 888543 -2 0 1 2 4
Allreduce 888561 888564 -2 0 1 2 4
Allgatherv 888607 888616 -2 0 1 2 4
Allreduce 888634 888637 -2 0 1 2 4
Allgatherv 888681 888685 -2 0 1 2 4
Allreduce 888704 888706 -2 0 1 2 4
Allgatherv 888749 888758 -2 0 1 2 4
Allreduce 888778 888780 -2 0 1 2 4
Allgatherv 888823 888827 -2 0 1 2 4
Allreduce 888845 888847 -2 0 1 2 4
Allgatherv 888890 888894 -2 0 1 2 4
Allreduce 888912 888916 -2 0 1 2 4
Allgatherv 888960 888964 -2 0 1 2 4
Allreduce 888984 888986 -2 0 1 2 4
Allgatherv 889029 889033 -2 0 1 2 4
Allreduce 889051 889054 -2 0 1 2 4
Allgatherv 889096 889127 -2 0 1 2 4
Allreduce 889146 889156 -2 0 1 2 4
Allgatherv 889199 889203 -2 0 1 2 4
Allreduce 889221 889238 -2 0 1 2 4
Allgatherv 889296 889318 -2 0 1 2 4
Allreduce 889338 889351 -2 0 1 2 4
Allgatherv 889395 889416 -2 0 1 2 4
Allreduce 889436 889455 -2 0 1 2 4
Allgatherv 889500 889513 -2 0 1 2 4
Allreduce 889532 889548 -2 0 1 2 4
Allgatherv 889592 889599 -2 0 1 2 4
Allreduce 889618 889629 -2 0 1 2 4
Allgatherv 889675 889686 -2 0 1 2 4
Allreduce 889707 889724 -2 0 1 2 4
Allgatherv 889768 889778 -2 0 1 2 4
Allreduce 889799 889814 -2 0 1 2 4
Allgatherv 889858 889870 -2 0 1 2 4
Allreduce 889890 889907 -2 0 1 2 4
Allgatherv 889951 889964 -2 0 1 2 4
Allreduce 889983 889998 -2 0 1 2 4
Allgatherv 890042 890052 -2 0 1 2 4
Allreduce 890072 890093 -2 0 1 2 4
Allgatherv 890136 890153 -2 0 1 2 4
Allreduce 890173 890184 -2 0 1 2 4
Allgatherv 890228 890232 -2 0 1 2 4
Allreduce 890250 890266 -2 0 1 2 4
Allgatherv 890309 890312 -2 0 1 2 4
Allreduce 890331 890333 -2 0 1 2 4
Allgatherv 890375 890379 -2 0 1 2 4
Allreduce 890397 890401 -2 0 1 2 4
Allgatherv 890444 890448 -2 0 1 2 4
Allreduce 890467 890470 -2 0 1 2 4
Allgatherv 890514 890518 -2 0 1 2 4
Allreduce 890536 890538 -2 0 1 2 4
Allgatherv 890581 890585 -2 0 1 2 4
Allreduce 890603 890605 -2 0 1 2 4
Allgatherv 890648 890653 -2 0 1 2 4
Allreduce 890674 890676 -2 0 1 2 4
Allgatherv 890719 890723 -2 0 1 2 4
Allreduce 890741 890743 -2 0 1 2 4
Allgatherv 890786 890789 -2 0 1 2 4
Allreduce 890808 890810 -2 0 1 2 4
Allgatherv 890852 890856 -2 0 1 2 4
Allreduce 890874 890877 -2 0 1 2 4
Allgatherv 890919 890923 -2 0 1 2 4
Allreduce 890941 890943 -2 0 1 2 4
Allgatherv 890986 890989 -2 0 1 2 4
Allreduce 891008 891011 -2 0 1 2 4
Allgatherv 891054 891058 -2 0 1 2 4
Allreduce 891077 891080 -2 0 1 2 4
Allgatherv 891124 891145 -2 0 1 2 4
Allreduce 891164 891183 -2 0 1 2 4
Allgatherv 891226 891240 -2 0 1 2 4
Allreduce 891259 891284 -2 0 1 2 4
Allgatherv 891327 891342 -2 0 1 2 4
Allreduce 891362 891378 -2 0 1 2 4
Allgatherv 891422 891434 -2 0 1 2 4
Allreduce 891453 891469 -2 0 1 2 4
Allgatherv 891512 891525 -2 0 1 2 4
Allreduce 891544 891555 -2 0 1 2 4
Allgatherv 891598 891604 -2 0 1 2 4
Allreduce 891622 891638 -2 0 1 2 4
Allgatherv 891683 891695 -2 0 1 2 4
Allreduce 891714 891730 -2 0 1 2 4
Allgatherv 891773 891786 -2 0 1 2 4
Allreduce 891805 891822 -2 0 1 2 4
Allgatherv 891867 891879 -2 0 1 2 4
Allreduce 891898 891912 -2 0 1 2 4
Allgatherv 891955 891969 -2 0 1 2 4
Allreduce 891988 892002 -2 0 1 2 4
Allgatherv 892044 892054 -2 0 1 2 4
Allreduce 892073 892090 -2 0 1 2 4
Allgatherv 892133 892137 -2 0 1 2 4
Allreduce 892155 892158 -2 0 1 2 4
Allgatherv 892200 892204 -2 0 1 2 4
Allreduce 892222 892225 -2 0 1 2 4
Allgatherv 892267 892271 -2 0 1 2 4
Allreduce 892289 892292 -2 0 1 2 4
Allgatherv 892334 892338 -2 0 1 2 4
Allreduce 892993 893014 -2 0 1 2 4
Allgatherv 893057 893063 -2 0 1 2 4
Allreduce 893082 893104 -2 0 1 2 4
Allgatherv 893147 893152 -2 0 1 2 4
Allreduce 893171 893196 -2 0 1 2 4
Allgatherv 893239 893248 -2 0 1 2 4
Allreduce 893266 893288 -2 0 1 2 4
Allgatherv 893330 893334 -2 0 1 2 4
Allreduce 893352 893355 -2 0 1 2 4
Allgatherv 893398 893401 -2 0 1 2 4
Allreduce 893419 893422 -2 0 1 2 4
Allgatherv 893464 893468 -2 0 1 2 4
Allreduce 893487 893490 -2 0 1 2 4
Allgatherv 893533 893537 -2 0 1 2 4
Allreduce 893556 893559 -2 0 1 2 4
Allgatherv 893601 893605 -2 0 1 2 4
Allreduce 893625 893627 -2 0 1 2 4
Allgatherv 893672 893676 -2 0 1 2 4
Allreduce 893694 893697 -2 0 1 2 4
Allgatherv 893739 893745 -2 0 1 2 4
Allreduce 893763 893765 -2 0 1 2 4
Allgatherv 893808 893811 -2 0 1 2 4
Allreduce 893830 893832 -2 0 1 2 4
Allgatherv 893874 893878 -2 0 1 2 4
Allreduce 893896 893898 -2 0 1 2 4
Allgatherv 893941 893945 -2 0 1 2 4
Allreduce 893963 893965 -2 0 1 2 4
Allgatherv 894008 894011 -2 0 1 2 4
Allreduce 894030 894032 -2 0 1 2 4
Allgatherv 894075 894080 -2 0 1 2 4
Allreduce 894098 894101 -2 0 1 2 4
Allgatherv 894143 894147 -2 0 1 2 4
Allreduce 894167 894169 -2 0 1 2 4
Allgatherv 894213 894217 -2 0 1 2 4
Allreduce 894249 894251 -2 0 1 2 4
Allgatherv 894295 894299 -2 0 1 2 4
Allreduce 894318 894320 -2 0 1 2 4
Allgatherv 894364 894369 -2 0 1 2 4
Allreduce 894388 894390 -2 0 1 2 4
Allgatherv 894434 894438 -2 0 1 2 4
Allreduce 894457 894459 -2 0 1 2 4
Allgatherv 894503 894507 -2 0 1 2 4
Allreduce 894526 894528 -2 0 1 2 4
Allgatherv 894572 894576 -2 0 1 2 4
Allreduce 894594 894597 -2 0 1 2 4
Allgatherv 894641 894644 -2 0 1 2 4
Allreduce 894666 894744 -2 0 1 2 4
Allgatherv 894789 894815 -2 0 1 2 4
Allreduce 894834 894843 -2 0 1 2 4
Allgatherv 894888 894895 -2 0 1 2 4
Allreduce 894916 894918 -2 0 1 2 4
Allgatherv 894964 894997 -2 0 1 2 4
Allreduce 895016 895023 -2 0 1 2 4
Allgatherv 895067 895072 -2 0 1 2 4
Allreduce 895091 895096 -2 0 1 2 4
Allgatherv 895140 895173 -2 0 1 2 4
Allreduce 895192 895226 -2 0 1 2 4
Allgatherv 895270 895300 -2 0 1 2 4
Allreduce 895328 895348 -2 0 1 2 4
Allgatherv 895404 895414 -2 0 1 2 4
Allreduce 895437 895449 -2 0 1 2 4
Allgatherv 895495 895527 -2 0 1 2 4
Allreduce 895547 895559 -2 0 1 2 4
Allgatherv 895603 895612 -2 0 1 2 4
Allreduce 895632 895638 -2 0 1 2 4
Allgatherv 895687 895711 -2 0 1 2 4
Allreduce 895731 895745 -2 0 1 2 4
Allgatherv 895796 895959 -2 0 1 2 4
Allreduce 895985 895994 -2 0 1 2 4
Allgatherv 896040 896438 -2 0 1 2 4
Allreduce 896470 896480 -2 0 1 2 4
Allgatherv 896521 896548 -2 0 1 2 4
Allreduce 896567 896583 -2 0 1 2 4
Allgatherv 896623 896757 -2 0 1 2 4
Allreduce 896780 896798 -2 0 1 2 4
Allgatherv 896838 896856 -2 0 1 2 4
Allreduce 896878 896891 -2 0 1 2 4
Allgatherv 896940 896967 -2 0 1 2 4
Allreduce 896996 897009 -2 0 1 2 4
Allgatherv 897060 897071 -2 0 1 2 4
Allreduce 897100 897370 -2 0 1 2 4
Allgatherv 897444 897548 -2 0 1 2 4
Allreduce 897636 897641 -2 0 1 2 4
Allgatherv 897785 897892 -2 0 1 2 4
Allreduce 897922 897943 -2 0 1 2 4
Allgatherv 897988 898026 -2 0 1 2 4
Allreduce 898047 898060 -2 0 1 2 4
Allgatherv 898104 898120 -2 0 1 2 4
Allreduce 898138 898148 -2 0 1 2 4
Allgatherv 898191 898204 -2 0 1 2 4
Allreduce 898222 898233 -2 0 1 2 4
Allgatherv 898289 898293 -2 0 1 2 4
Allreduce 898311 898318 -2 0 1 2 4
Allgatherv 898358 898370 -2 0 1 2 4
Allreduce 898387 898398 -2 0 1 2 4
Allgatherv 898438 898448 -2 0 1 2 4
Allreduce 898465 898476 -2 0 1 2 4
Allgatherv 898517 898580 -2 0 1 2 4
Allreduce 898599 898609 -2 0 1 2 4
Allgatherv 898649 898666 -2 0 1 2 4
Allreduce 898683 898686 -2 0 1 2 4
Allgatherv 898727 898730 -2 0 1 2 4
Allreduce 898749 898752 -2 0 1 2 4
Allgatherv 898796 898800 -2 0 1 2 4
Allreduce 898820 898822 -2 0 1 2 4
Allgatherv 898862 898866 -2 0 1 2 4
Allreduce 898884 898887 -2 0 1 2 4
Allgatherv 898928 898986 -2 0 1 2 4
Allreduce 899004 899017 -2 0 1 2 4
Allgatherv 899058 899063 -2 0 1 2 4
Allreduce 899080 899083 -2 0 1 2 4
Allgatherv 899123 899128 -2 0 1 2 4
Allreduce 899151 899240 -2 0 1 2 4
Allgatherv 899284 899293 -2 0 1 2 4
Allreduce 899312 899329 -2 0 1 2 4
Allgatherv 899371 899393 -2 0 1 2 4
Allreduce 899428 899442 -2 0 1 2 4
Allgatherv 899493 899550 -2 0 1 2 4
Allreduce 899569 899582 -2 0 1 2 4
Allgatherv 899625 899637 -2 0 1 2 4
Allreduce 899655 899664 -2 0 1 2 4
Allgatherv 899704 899714 -2 0 1 2 4
Allreduce 899731 899748 -2 0 1 2 4
Allgatherv 899792 899806 -2 0 1 2 4
Allreduce 899824 899834 -2 0 1 2 4
Allgatherv 899874 899884 -2 0 1 2 4
Allreduce 899914 899931 -2 0 1 2 4
Allgatherv 899978 900001 -2 0 1 2 4
Allreduce 900028 900039 -2 0 1 2 4
Allgatherv 900080 900091 -2 0 1 2 4
Allreduce 900108 900121 -2 0 1 2 4
Allgatherv 900161 900178 -2 0 1 2 4
Allreduce 900195 900221 -2 0 1 2 4
Allgatherv 900262 900268 -2 0 1 2 4
Allreduce 900288 900295 -2 0 1 2 4
Allgatherv 900336 900344 -2 0 1 2 4
Allreduce 900360 900372 -2 0 1 2 4
Allgatherv 900415 900419 -2 0 1 2 4
Allreduce 900437 900439 -2 0 1 2 4
Allgatherv 900479 900483 -2 0 1 2 4
Allreduce 900500 900503 -2 0 1 2 4
Allgatherv 900543 900547 -2 0 1 2 4
Allreduce 900565 900567 -2 0 1 2 4
Allgatherv 900607 900611 -2 0 1 2 4
Allreduce 900629 900631 -2 0 1 2 4
Allgatherv 900671 900675 -2 0 1 2 4
Allreduce 900692 900694 -2 0 1 2 4
Allgatherv 900734 900738 -2 0 1 2 4
Allreduce 900755 900757 -2 0 1 2 4
Allgatherv 900803 900807 -2 0 1 2 4
Allreduce 900825 900827 -2 0 1 2 4
Allgatherv 900867 900871 -2 0 1 2 4
Allreduce 900890 900892 -2 0 1 2 4
Allgatherv 900932 900950 -2 0 1 2 4
Allreduce 900969 900972 -2 0 1 2 4
Allgatherv 901012 901015 -2 0 1 2 4
Allreduce 901033 901035 -2 0 1 2 4
Allgatherv 901075 901079 -2 0 1 2 4
Allreduce 902311 902318 -2 0 1 2 4
Allgatherv 902367 902373 -2 0 1 2 4
Allreduce 902401 902405 -2 0 1 2 4
Allgatherv 902444 902452 -2 0 1 2 4
Allreduce 902465 902475 -2 0 1 2 4
Allgatherv 902499 902521 -2 0 1 2 4
Allreduce 902531 902543 -2 0 1 2 4
Allgatherv 902566 902588 -2 0 1 2 4
Allreduce 902598 902609 -2 0 1 2 4
Allgatherv 902633 902654 -2 0 1 2 4
Allreduce 902664 902675 -2 0 1 2 4
Allgatherv 902698 902720 -2 0 1 2 4
Allreduce 902730 902741 -2 0 1 2 4
Allgatherv 902768 902791 -2 0 1 2 4
Allreduce 902801 902813 -2 0 1 2 4
Allgatherv 902836 902858 -2 0 1 2 4
Allreduce 902869 902880 -2 0 1 2 4
Allgatherv 902904 902925 -2 0 1 2 4
Allreduce 902935 902947 -2 0 1 2 4
Allgatherv 902972 902991 -2 0 1 2 4
Allreduce 903001 903013 -2 0 1 2 4
Allgatherv 903036 903057 -2 0 1 2 4
Allreduce 903067 903108 -2 0 1 2 4
Allgatherv 903153 903158 -2 0 1 2 4
Allreduce 903175 903180 -2 0 1 2 4
Allgatherv 903207 903241 -2 0 1 2 4
Allreduce 903271 903275 -2 0 1 2 4
Allgatherv 903338 903345 -2 0 1 2 4
Allreduce 903384 903389 -2 0 1 2 4
Allgatherv 903438 903444 -2 0 1 2 4
Allreduce 903472 903476 -2 0 1 2 4
Allgatherv 903526 903532 -2 0 1 2 4
Allreduce 903560 903564 -2 0 1 2 4
Allgatherv 903609 903614 -2 0 1 2 4
Allreduce 903639 903644 -2 0 1 2 4
Allgatherv 903692 903697 -2 0 1 2 4
Allreduce 903722 903726 -2 0 1 2 4
Allgatherv 903780 903786 -2 0 1 2 4
Allreduce 903814 903818 -2 0 1 2 4
Allgatherv 903868 903874 -2 0 1 2 4
Allreduce 903902 903910 -2 0 1 2 4
Allgatherv 903961 903967 -2 0 1 2 4
Allreduce 903993 903996 -2 0 1 2 4
Allgatherv 904043 904049 -2 0 1 2 4
Allreduce 904078 904082 -2 0 1 2 4
Allgatherv 904136 904140 -2 0 1 2 4
Allreduce 904153 904162 -2 0 1 2 4
Allgatherv 904187 904208 -2 0 1 2 4
Allreduce 904219 904232 -2 0 1 2 4
Allgatherv 904256 904279 -2 0 1 2 4
Allreduce 904289 904300 -2 0 1 2 4
Allgatherv 904325 904347 -2 0 1 2 4
Allreduce 904357 904368 -2 0 1 2 4
Allgatherv 904392 904415 -2 0 1 2 4
Allreduce 904427 904437 -2 0 1 2 4
Allgatherv 904461 904483 -2 0 1 2 4
Allreduce 904494 904505 -2 0 1 2 4
Allgatherv 904529 904553 -2 0 1 2 4
Allreduce 904564 904575 -2 0 1 2 4
Allgatherv 904599 904622 -2 0 1 2 4
Allreduce 904632 904643 -2 0 1 2 4
Allgatherv 904668 904690 -2 0 1 2 4
Allreduce 904701 904712 -2 0 1 2 4
Allgatherv 904736 904762 -2 0 1 2 4
Allreduce 904773 904785 -2 0 1 2 4
Allgatherv 904809 904832 -2 0 1 2 4
Allreduce 904842 904854 -2 0 1 2 4
Allgatherv 904878 904900 -2 0 1 2 4
Allreduce 904911 904922 -2 0 1 2 4
Allgatherv 904946 904969 -2 0 1 2 4
Allreduce 904980 904991 -2 0 1 2 4
Allgatherv 905016 905037 -2 0 1 2 4
Allreduce 905048 905059 -2 0 1 2 4
Allgatherv 905084 905123 -2 0 1 2 4
Allreduce 905150 905153 -2 0 1 2 4
Allgatherv 905187 905209 -2 0 1 2 4
Allreduce 905241 905246 -2 0 1 2 4
Allgatherv 905306 905312 -2 0 1 2 4
Allreduce 905329 905350 -2 0 1 2 4
Allgatherv 905375 905408 -2 0 1 2 4
Allreduce 905417 905439 -2 0 1 2 4
Allgatherv 905463 905499 -2 0 1 2 4
Allreduce 905509 905529 -2 0 1 2 4
Allgatherv 905553 905581 -2 0 1 2 4
Allreduce 905590 905609 -2 0 1 2 4
Allgatherv 905633 905665 -2 0 1 2 4
Allreduce 905675 905693 -2 0 1 2 4
Allgatherv 905716 905759 -2 0 1 2 4
Allreduce 905793 905805 -2 0 1 2 4
Allgatherv 905848 905867 -2 0 1 2 4
Allreduce 905886 905898 -2 0 1 2 4
Allgatherv 905941 905957 -2 0 1 2 4
Allreduce 905977 905987 -2 0 1 2 4
Allgatherv 906030 906043 -2 0 1 2 4
Allreduce 906061 906073 -2 0 1 2 4
Allgatherv 906116 906132 -2 0 1 2 4
Allreduce 906150 906153 -2 0 1 2 4
Allgatherv 906210 906214 -2 0 1 2 4
Allreduce 906233 906237 -2 0 1 2 4
Allgatherv 906281 906285 -2 0 1 2 4
Allreduce 906304 906307 -2 0 1 2 4
Allgatherv 906351 906355 -2 0 1 2 4
Allreduce 906374 906376 -2 0 1 2 4
Allgatherv 906422 906426 -2 0 1 2 4
Allreduce 906444 906448 -2 0 1 2 4
Allgatherv 906492 906496 -2 0 1 2 4
Allreduce 906516 906519 -2 0 1 2 4
Allgatherv 906563 906566 -2 0 1 2 4
Allreduce 906585 906588 -2 0 1 2 4
Allgatherv 906632 906636 -2 0 1 2 4
Allreduce 906655 906660 -2 0 1 2 4
Allgatherv 906704 906707 -2 0 1 2 4
Allreduce 906726 906729 -2 0 1 2 4
Allgatherv 906773 906778 -2 0 1 2 4
Allreduce 906796 906800 -2 0 1 2 4
Allgatherv 906843 906847 -2 0 1 2 4
Allreduce 906869 906874 -2 0 1 2 4
Allgatherv 906918 906922 -2 0 1 2 4
Allreduce 906941 906943 -2 0 1 2 4
Allgatherv 906987 906991 -2 0 1 2 4
Allreduce 907012 907014 -2 0 1 2 4
Allgatherv 907058 907062 -2 0 1 2 4
Allreduce 907081 907104 -2 0 1 2 4
Allgatherv 907148 907164 -2 0 1 2 4
Allreduce 907185 907187 -2 0 1 2 4
Allgatherv 907231 907236 -2 0 1 2 4
Allreduce 907255 907258 -2 0 1 2 4
Allgatherv 907302 907306 -2 0 1 2 4
Allreduce 907325 907330 -2 0 1 2 4
Allgatherv 907374 907378 -2 0 1 2 4
Allreduce 907397 907400 -2 0 1 2 4
Allgatherv 907443 907448 -2 0 1 2 4
Allreduce 907467 907472 -2 0 1 2 4
Allgatherv 907516 907520 -2 0 1 2 4
Allreduce 907539 907541 -2 0 1 2 4
Allgatherv 907585 907589 -2 0 1 2 4
Allreduce 907608 907611 -2 0 1 2 4
Allgatherv 907655 907659 -2 0 1 2 4
Allreduce 907680 907682 -2 0 1 2 4
Allgatherv 907726 907731 -2 0 1 2 4
Allreduce 907750 907753 -2 0 1 2 4
Allgatherv 907798 907802 -2 0 1 2 4
Allreduce 907821 907825 -2 0 1 2 4
Allgatherv 907871 907875 -2 0 1 2 4
Allreduce 907895 907897 -2 0 1 2 4
Allgatherv 907941 907948 -2 0 1 2 4
Allreduce 907967 907970 -2 0 1 2 4
Allgatherv 908014 908019 -2 0 1 2 4
Allreduce 908037 908041 -2 0 1 2 4
Allgatherv 908085 908088 -2 0 1 2 4
Allreduce 908108 908112 -2 0 1 2 4
Allgatherv 908156 908160 -2 0 1 2 4
Allreduce 908179 908182 -2 0 1 2 4
Allgatherv 908226 908229 -2 0 1 2 4
Allreduce 908248 908251 -2 0 1 2 4
Allgatherv 908297 908301 -2 0 1 2 4
Allreduce 908319 908323 -2 0 1 2 4
Allgatherv 908367 908371 -2 0 1 2 4
Allreduce 908390 908393 -2 0 1 2 4
Allgatherv 908438 908442 -2 0 1 2 4
Allreduce 908461 908465 -2 0 1 2 4
Allgatherv 908509 908513 -2 0 1 2 4
Allreduce 908531 908534 -2 0 1 2 4
Allgatherv 908578 908584 -2 0 1 2 4
Allreduce 908603 908606 -2 0 1 2 4
Allgatherv 908650 908655 -2 0 1 2 4
Allreduce 908674 908676 -2 0 1 2 4
Allgatherv 908720 908727 -2 0 1 2 4
Allreduce 908745 908755 -2 0 1 2 4
Allgatherv 908799 908803 -2 0 1 2 4
Allreduce 908823 908827 -2 0 1 2 4
Allgatherv 908873 908883 -2 0 1 2 4
Allreduce 908904 908907 -2 0 1 2 4
Allgatherv 908951 908955 -2 0 1 2 4
Allreduce 908974 908976 -2 0 1 2 4
Allgatherv 909020 909024 -2 0 1 2 4
Allreduce 909043 909047 -2 0 1 2 4
Allgatherv 909091 909095 -2 0 1 2 4
Allreduce 909114 909116 -2 0 1 2 4
Allgatherv 909160 909170 -2 0 1 2 4
Allreduce 909189 909212 -2 0 1 2 4
Allgatherv 909257 909281 -2 0 1 2 4
Allreduce 909299 909323 -2 0 1 2 4
Allgatherv 909366 909389 -2 0 1 2 4
Allreduce 909409 909423 -2 0 1 2 4
Allgatherv 909467 909484 -2 0 1 2 4
Allreduce 909503 909515 -2 0 1 2 4
Allgatherv 909559 909569 -2 0 1 2 4
Allreduce 909588 909595 -2 0 1 2 4
Allgatherv 909639 909654 -2 0 1 2 4
Allreduce 909675 909687 -2 0 1 2 4
Allgatherv 909731 909742 -2 0 1 2 4
Allreduce 909761 909773 -2 0 1 2 4
Allgatherv 909817 909833 -2 0 1 2 4
Allreduce 909856 909938 -2 0 1 2 4
Allgatherv 909977 910056 -2 0 1 2 4
Allreduce 910083 910098 -2 0 1 2 4
Allgatherv 910145 910158 -2 0 1 2 4
Allreduce 910181 910184 -2 0 1 2 4
Allgatherv 910242 910246 -2 0 1 2 4
Allreduce 910265 910267 -2 0 1 2 4
Allgatherv 910311 910315 -2 0 1 2 4
Allreduce 910334 910337 -2 0 1 2 4
Allgatherv 910380 910384 -2 0 1 2 4
Allreduce 910403 910405 -2 0 1 2 4
Allgatherv 910449 910453 -2 0 1 2 4
Allreduce 910471 910474 -2 0 1 2 4
Allgatherv 910517 910521 -2 0 1 2 4
Allreduce 910540 910543 -2 0 1 2 4
Allgatherv 910586 910590 -2 0 1 2 4
Allreduce 910608 910611 -2 0 1 2 4
Allgatherv 910656 910660 -2 0 1 2 4
Allreduce 910679 910681 -2 0 1 2 4
Allgatherv 910725 910729 -2 0 1 2 4
Allreduce 910747 910750 -2 0 1 2 4
Allgatherv 910793 910797 -2 0 1 2 4
Allreduce 910818 910820 -2 0 1 2 4
Allgatherv 910867 910871 -2 0 1 2 4
Allreduce 910889 910894 -2 0 1 2 4
Allgatherv 910938 910942 -2 0 1 2 4
Allreduce 910960 910966 -2 0 1 2 4
Allgatherv 911009 911014 -2 0 1 2 4
Allreduce 911032 911034 -2 0 1 2 4
Allgatherv 911077 911082 -2 0 1 2 4
Allreduce 911100 911102 -2 0 1 2 4
Allgatherv 911146 911156 -2 0 1 2 4
Allreduce 911175 911196 -2 0 1 2 4
Allgatherv 911240 911265 -2 0 1 2 4
Allreduce 911285 911309 -2 0 1 2 4
Allgatherv 911352 911365 -2 0 1 2 4
Allreduce 911383 911398 -2 0 1 2 4
Allgatherv 911441 911453 -2 0 1 2 4
Allreduce 911471 911483 -2 0 1 2 4
Allgatherv 911527 911537 -2 0 1 2 4
Allreduce 911555 911566 -2 0 1 2 4
Allgatherv 911608 911616 -2 0 1 2 4
Allreduce 911634 911644 -2 0 1 2 4
Allgatherv 913332 914404 -2 0 1 2 4
Allreduce 914445 914450 -2 0 1 2 4
Allgatherv 914492 914509 -2 0 1 2 4
Allreduce 914529 914544 -2 0 1 2 4
Allgatherv 914582 914706 -2 0 1 2 4
Allreduce 914730 914739 -2 0 1 2 4
Allgatherv 914781 914835 -2 0 1 2 4
Allreduce 914855 914863 -2 0 1 2 4
Allgatherv 914902 914916 -2 0 1 2 4
Allreduce 914935 914946 -2 0 1 2 4
Allgatherv 914985 915004 -2 0 1 2 4
Allreduce 915025 915033 -2 0 1 2 4
Allgatherv 915072 915085 -2 0 1 2 4
Allreduce 915104 915163 -2 0 1 2 4
Allgatherv 915215 915265 -2 0 1 2 4
Allreduce 915286 915301 -2 0 1 2 4
Allgatherv 915344 915392 -2 0 1 2 4
Allreduce 915413 915436 -2 0 1 2 4
Allgatherv 915496 915502 -2 0 1 2 4
Allreduce 915523 915526 -2 0 1 2 4
Allgatherv 915570 915574 -2 0 1 2 4
Allreduce 915593 915617 -2 0 1 2 4
Allgatherv 915661 915720 -2 0 1 2 4
Allreduce 915737 915750 -2 0 1 2 4
Allgatherv 915793 915800 -2 0 1 2 4
Allreduce 915818 915822 -2 0 1 2 4
Allgatherv 915872 915884 -2 0 1 2 4
Allreduce 915902 915921 -2 0 1 2 4
Allgatherv 915965 915982 -2 0 1 2 4
Allreduce 916002 916005 -2 0 1 2 4
Allgatherv 916048 916053 -2 0 1 2 4
Allreduce 916073 916076 -2 0 1 2 4
Allgatherv 916118 916124 -2 0 1 2 4
Allreduce 916142 916146 -2 0 1 2 4
Allgatherv 916190 916195 -2 0 1 2 4
Allreduce 916213 916216 -2 0 1 2 4
Allgatherv 916273 916279 -2 0 1 2 4
Allreduce 916297 916300 -2 0 1 2 4
Allgatherv 916341 916347 -2 0 1 2 4
Allreduce 916365 916370 -2 0 1 2 4
Allgatherv 916411 916417 -2 0 1 2 4
Allreduce 916435 916440 -2 0 1 2 4
Allgatherv 916484 916494 -2 0 1 2 4
Allreduce 916520 916528 -2 0 1 2 4
Allgatherv 916577 916590 -2 0 1 2 4
Allreduce 916614 916627 -2 0 1 2 4
Allgatherv 916673 916682 -2 0 1 2 4
Allreduce 916700 916703 -2 0 1 2 4
Allgatherv 916746 916751 -2 0 1 2 4
Allreduce 916769 916771 -2 0 1 2 4
Allgatherv 916813 916818 -2 0 1 2 4
Allreduce 916836 916839 -2 0 1 2 4
Allgatherv 916883 916887 -2 0 1 2 4
Allreduce 916905 916908 -2 0 1 2 4
Allgatherv 916954 916960 -2 0 1 2 4
Allreduce 916978 916981 -2 0 1 2 4
Allgatherv 917023 917030 -2 0 1 2 4
Allreduce 917049 917053 -2 0 1 2 4
Allgatherv 917095 917103 -2 0 1 2 4
Allreduce 917120 917140 -2 0 1 2 4
Allgatherv 917182 917188 -2 0 1 2 4
Allreduce 917207 917210 -2 0 1 2 4
Allgatherv 917253 917258 -2 0 1 2 4
Allreduce 917276 917295 -2 0 1 2 4
Allgatherv 917334 917339 -2 0 1 2 4
Allreduce 917357 917359 -2 0 1 2 4
Allgatherv 917397 917402 -2 0 1 2 4
Allreduce 917419 917421 -2 0 1 2 4
Allgatherv 917459 917464 -2 0 1 2 4
Allreduce 917481 917483 -2 0 1 2 4
Allgatherv 917521 917527 -2 0 1 2 4
Allreduce 917543 917546 -2 0 1 2 4
Allgatherv 917584 917589 -2 0 1 2 4
Allreduce 917605 917608 -2 0 1 2 4
Allgatherv 917646 917652 -2 0 1 2 4
Allreduce 917669 917673 -2 0 1 2 4
Allgatherv 917711 917716 -2 0 1 2 4
Allreduce 917732 917734 -2 0 1 2 4
Allgatherv 917772 917777 -2 0 1 2 4
Allreduce 917794 917796 -2 0 1 2 4
Allgatherv 917834 917840 -2 0 1 2 4
Allreduce 917856 917859 -2 0 1 2 4
Allgatherv 917897 917901 -2 0 1 2 4
Allreduce 917919 917922 -2 0 1 2 4
Allgatherv 917962 917967 -2 0 1 2 4
Allreduce 917984 917987 -2 0 1 2 4
Allgatherv 918025 918030 -2 0 1 2 4
Allreduce 918048 918050 -2 0 1 2 4
Allgatherv 918088 918093 -2 0 1 2 4
Allreduce 918109 918111 -2 0 1 2 4
Allgatherv 918149 918154 -2 0 1 2 4
Allreduce 918170 918173 -2 0 1 2 4
Allgatherv 918211 918218 -2 0 1 2 4
Allreduce 918235 918239 -2 0 1 2 4
Allgatherv 918277 918282 -2 0 1 2 4
Allreduce 918298 918301 -2 0 1 2 4
Allgatherv 918338 918343 -2 0 1 2 4
Allreduce 918360 918362 -2 0 1 2 4
Allgatherv 918400 918406 -2 0 1 2 4
Allreduce 918422 918424 -2 0 1 2 4
Allgatherv 918464 918468 -2 0 1 2 4
Allreduce 918484 918487 -2 0 1 2 4
Allgatherv 918525 918529 -2 0 1 2 4
Allreduce 918546 918548 -2 0 1 2 4
Allgatherv 918586 918591 -2 0 1 2 4
Allreduce 918609 918611 -2 0 1 2 4
Allgatherv 918649 918654 -2 0 1 2 4
Allreduce 918670 918672 -2 0 1 2 4
Allgatherv 918710 918715 -2 0 1 2 4
Allreduce 918732 918736 -2 0 1 2 4
Allgatherv 918774 918780 -2 0 1 2 4
Allreduce 918797 918799 -2 0 1 2 4
Allgatherv 918837 918843 -2 0 1 2 4
Allreduce 918859 918861 -2 0 1 2 4
Allgatherv 918899 918904 -2 0 1 2 4
Allreduce 918920 918923 -2 0 1 2 4
Allgatherv 918963 918968 -2 0 1 2 4
Allreduce 918986 918988 -2 0 1 2 4
Allgatherv 919026 919031 -2 0 1 2 4
Allreduce 919047 919050 -2 0 1 2 4
Allgatherv 919088 919093 -2 0 1 2 4
Allreduce 919109 919112 -2 0 1 2 4
Allgatherv 919151 919156 -2 0 1 2 4
Allreduce 919172 919213 -2 0 1 2 4
Allgatherv 919251 919257 -2 0 1 2 4
Allreduce 919273 919282 -2 0 1 2 4
Allgatherv 919320 919326 -2 0 1 2 4
Allreduce 919342 919350 -2 0 1 2 4
Allgatherv 919388 919399 -2 0 1 2 4
Allreduce 919416 919428 -2 0 1 2 4
Allgatherv 919466 919471 -2 0 1 2 4
Allreduce 919489 919491 -2 0 1 2 4
Allgatherv 919529 919534 -2 0 1 2 4
Allreduce 919550 919553 -2 0 1 2 4
Allgatherv 919591 919596 -2 0 1 2 4
Allreduce 919613 919615 -2 0 1 2 4
Allgatherv 919653 919659 -2 0 1 2 4
Allreduce 919675 919677 -2 0 1 2 4
Allgatherv 919715 919720 -2 0 1 2 4
Allreduce 919737 919739 -2 0 1 2 4
Allgatherv 919778 919782 -2 0 1 2 4
Allreduce 919799 919801 -2 0 1 2 4
Allgatherv 919839 919844 -2 0 1 2 4
Allreduce 919860 919863 -2 0 1 2 4
Allgatherv 919901 919906 -2 0 1 2 4
Allreduce 919923 919928 -2 0 1 2 4
Allgatherv 919968 919974 -2 0 1 2 4
Allreduce 919990 919994 -2 0 1 2 4
Allgatherv 920032 920037 -2 0 1 2 4
Allreduce 920053 920056 -2 0 1 2 4
Allgatherv 920093 920099 -2 0 1 2 4
Allreduce 920115 920117 -2 0 1 2 4
Allgatherv 920157 920161 -2 0 1 2 4
Allreduce 920177 920179 -2 0 1 2 4
Allgatherv 920217 920223 -2 0 1 2 4
Allreduce 920239 920242 -2 0 1 2 4
Allgatherv 920280 920285 -2 0 1 2 4
Allreduce 920301 920304 -2 0 1 2 4
Allgatherv 920344 920348 -2 0 1 2 4
Allreduce 920364 920366 -2 0 1 2 4
Allgatherv 920404 920409 -2 0 1 2 4
Allreduce 920426 920428 -2 0 1 2 4
Allgatherv 920466 920473 -2 0 1 2 4
Allreduce 920489 920493 -2 0 1 2 4
Allgatherv 920531 920536 -2 0 1 2 4
Allreduce 920553 920555 -2 0 1 2 4
Allgatherv 920593 920598 -2 0 1 2 4
Allreduce 920615 920617 -2 0 1 2 4
Allgatherv 920655 920660 -2 0 1 2 4
Allreduce 920676 920679 -2 0 1 2 4
Allgatherv 920718 920722 -2 0 1 2 4
Allreduce 920739 920741 -2 0 1 2 4
Allgatherv 920779 920784 -2 0 1 2 4
Allreduce 920800 920803 -2 0 1 2 4
Allgatherv 920841 920846 -2 0 1 2 4
Allreduce 920864 920866 -2 0 1 2 4
Allgatherv 920904 920909 -2 0 1 2 4
Allreduce 920925 920928 -2 0 1 2 4
Allgatherv 920968 920973 -2 0 1 2 4
Allreduce 920989 920992 -2 0 1 2 4
Allgatherv 921030 921037 -2 0 1 2 4
Allreduce 921054 921056 -2 0 1 2 4
Allgatherv 921094 921099 -2 0 1 2 4
Allreduce 921116 921118 -2 0 1 2 4
Allgatherv 921156 921166 -2 0 1 2 4
Allreduce 921181 921188 -2 0 1 2 4
Allgatherv 921226 921231 -2 0 1 2 4
Allreduce 921249 921258 -2 0 1 2 4
Allgatherv 921297 921302 -2 0 1 2 4
Allreduce 921319 921333 -2 0 1 2 4
Allgatherv 921371 921376 -2 0 1 2 4
Allreduce 921392 921395 -2 0 1 2 4
Allgatherv 921434 921439 -2 0 1 2 4
Allreduce 921457 921459 -2 0 1 2 4
Allgatherv 921497 921501 -2 0 1 2 4
Allreduce 921518 921520 -2 0 1 2 4
Allgatherv 921558 921563 -2 0 1 2 4
Allreduce 921580 921584 -2 0 1 2 4
Allgatherv 921622 921629 -2 0 1 2 4
Allreduce 921645 921648 -2 0 1 2 4
Allgatherv 921686 921691 -2 0 1 2 4
Allreduce 921707 921710 -2 0 1 2 4
Allgatherv 921748 921753 -2 0 1 2 4
Allreduce 921770 921772 -2 0 1 2 4
Allgatherv 921810 921815 -2 0 1 2 4
Allreduce 921833 921836 -2 0 1 2 4
Allgatherv 921874 921878 -2 0 1 2 4
Allreduce 921895 921897 -2 0 1 2 4
Allgatherv 921937 921942 -2 0 1 2 4
Allreduce 921959 921962 -2 0 1 2 4
Allgatherv 922000 922005 -2 0 1 2 4
Allreduce 922023 922025 -2 0 1 2 4
Allgatherv 922063 922068 -2 0 1 2 4
Allreduce 922084 922086 -2 0 1 2 4
Allgatherv 922124 922130 -2 0 1 2 4
Allreduce 922146 922151 -2 0 1 2 4
Allgatherv 922189 922195 -2 0 1 2 4
Allreduce 922211 922213 -2 0 1 2 4
Allgatherv 922263 922268 -2 0 1 2 4
Allreduce 922284 922286 -2 0 1 2 4
Allgatherv 922322 922327 -2 0 1 2 4
Allreduce 922342 922345 -2 0 1 2 4
Allgatherv 922382 922386 -2 0 1 2 4
Allreduce 922402 922404 -2 0 1 2 4
Allgatherv 922440 922445 -2 0 1 2 4
Allreduce 922460 922462 -2 0 1 2 4
Allgatherv 922498 922503 -2 0 1 2 4
Allreduce 922519 922521 -2 0 1 2 4
Allgatherv 922558 922562 -2 0 1 2 4
Allreduce 922578 922580 -2 0 1 2 4
Allgatherv 922616 922621 -2 0 1 2 4
Allreduce 922636 922639 -2 0 1 2 4
Allgatherv 922675 922681 -2 0 1 2 4
Allreduce 922697 922700 -2 0 1 2 4
Allgatherv 922736 922741 -2 0 1 2 4
Allreduce 922757 922759 -2 0 1 2 4
Allgatherv 922795 922800 -2 0 1 2 4
Allreduce 922816 922818 -2 0 1 2 4
Allgatherv 922854 922858 -2 0 1 2 4
Allreduce 922874 922877 -2 0 1 2 4
Allgatherv 922913 922918 -2 0 1 2 4
Allreduce 922935 922938 -2 0 1 2 4
Allgatherv 922974 922979 -2 0 1 2 4
Allreduce 922995 922997 -2 0 1 2 4
Allgatherv 923033 923038 -2 0 1 2 4
Allreduce 923053 923056 -2 0 1 2 4
Allgatherv 923093 923097 -2 0 1 2 4
Allreduce 923113 923115 -2 0 1 2 4
Allgatherv 923151 923156 -2 0 1 2 4
Allreduce 923172 923180 -2 0 1 2 4
Allgatherv 923216 923221 -2 0 1 2 4
Allreduce 923237 923241 -2 0 1 2 4
Allgatherv 923277 923282 -2 0 1 2 4
Allreduce 923297 923300 -2 0 1 2 4
Allgatherv 923336 923340 -2 0 1 2 4
Allreduce 923356 923358 -2 0 1 2 4
Allgatherv 923395 923400 -2 0 1 2 4
Allreduce 923416 923418 -2 0 1 2 4
Allgatherv 923454 923459 -2 0 1 2 4
Allreduce 923475 923477 -2 0 1 2 4
Allgatherv 923513 923518 -2 0 1 2 4
Allreduce 923533 923535 -2 0 1 2 4
Allgatherv 923571 923576 -2 0 1 2 4
Allreduce 923592 923594 -2 0 1 2 4
Allgatherv 923631 923635 -2 0 1 2 4
Allreduce 923651 923653 -2 0 1 2 4
Allgatherv 923688 923694 -2 0 1 2 4
Allreduce 923709 923713 -2 0 1 2 4
Allgatherv 923749 923755 -2 0 1 2 4
Allreduce 923771 923773 -2 0 1 2 4
Allgatherv 923809 923814 -2 0 1 2 4
Allreduce 923830 923832 -2 0 1 2 4
Allgatherv 923868 923873 -2 0 1 2 4
Allreduce 923888 923891 -2 0 1 2 4
Allgatherv 923929 923933 -2 0 1 2 4
Allreduce 923951 923953 -2 0 1 2 4
Allgatherv 923989 923994 -2 0 1 2 4
Allreduce 924010 924012 -2 0 1 2 4
Allgatherv 924048 924053 -2 0 1 2 4
Allreduce 924069 924071 -2 0 1 2 4
Allgatherv 924107 924112 -2 0 1 2 4
Allreduce 924128 924130 -2 0 1 2 4
Allgatherv 924167 924171 -2 0 1 2 4
Allreduce 924187 924189 -2 0 1 2 4
Allgatherv 924225 924230 -2 0 1 2 4
Allreduce 924246 924249 -2 0 1 2 4
Allgatherv 924286 924292 -2 0 1 2 4
Allreduce 924307 924310 -2 0 1 2 4
Allgatherv 924346 924351 -2 0 1 2 4
Allreduce 924366 924369 -2 0 1 2 4
Allgatherv 924404 924409 -2 0 1 2 4
Allreduce 924425 924427 -2 0 1 2 4
Allgatherv 924464 924468 -2 0 1 2 4
Allreduce 924483 924486 -2 0 1 2 4
Allgatherv 924522 924527 -2 0 1 2 4
Allreduce 924542 924545 -2 0 1 2 4
Allgatherv 924581 924586 -2 0 1 2 4
Allreduce 924602 924604 -2 0 1 2 4
Allgatherv 924640 924645 -2 0 1 2 4
Allreduce 924662 924664 -2 0 1 2 4
Allgatherv 924700 924705 -2 0 1 2 4
Allreduce 924721 924723 -2 0 1 2 4
Allgatherv 924759 924765 -2 0 1 2 4
Allreduce 924780 924783 -2 0 1 2 4
Allgatherv 924819 924825 -2 0 1 2 4
Allreduce 924841 924843 -2 0 1 2 4
Allgatherv 924879 924883 -2 0 1 2 4
Allreduce 924899 924901 -2 0 1 2 4
Allgatherv 924939 924944 -2 0 1 2 4
Allreduce 924961 924963 -2 0 1 2 4
Allgatherv 924999 925003 -2 0 1 2 4
Allreduce 925019 925021 -2 0 1 2 4
Allgatherv 925057 925062 -2 0 1 2 4
Allreduce 925077 925079 -2 0 1 2 4
Allgatherv 925115 925121 -2 0 1 2 4
Allreduce 925136 925151 -2 0 1 2 4
Allgatherv 925187 925202 -2 0 1 2 4
Allreduce 925219 925225 -2 0 1 2 4
Allgatherv 925262 925267 -2 0 1 2 4
Allreduce 925283 925290 -2 0 1 2 4
Allgatherv 925326 925331 -2 0 1 2 4
Allreduce 925347 925350 -2 0 1 2 4
Allgatherv 925386 925391 -2 0 1 2 4
Allreduce 925407 925409 -2 0 1 2 4
Allgatherv 925445 925450 -2 0 1 2 4
Allreduce 925465 925468 -2 0 1 2 4
Allgatherv 925504 925509 -2 0 1 2 4
Allreduce 925526 925528 -2 0 1 2 4
Allgatherv 925564 925569 -2 0 1 2 4
Allreduce 925584 925587 -2 0 1 2 4
Allgatherv 925623 925627 -2 0 1 2 4
Allreduce 925643 925645 -2 0 1 2 4
Allgatherv 925681 925686 -2 0 1 2 4
Allreduce 925702 925704 -2 0 1 2 4
Allgatherv 925741 925745 -2 0 1 2 4
Allreduce 925761 925763 -2 0 1 2 4
Allgatherv 925798 925803 -2 0 1 2 4
Allreduce 925819 925823 -2 0 1 2 4
Allgatherv 925859 925864 -2 0 1 2 4
Allreduce 925880 925883 -2 0 1 2 4
Allgatherv 925927 925983 -2 0 1 2 4
Allreduce 926000 926034 -2 0 1 2 4
Allgatherv 926070 926088 -2 0 1 2 4
Allreduce 926104 926110 -2 0 1 2 4
Allgatherv 926148 926160 -2 0 1 2 4
Allreduce 926175 926180 -2 0 1 2 4
Allgatherv 926216 926221 -2 0 1 2 4
Allreduce 926236 926239 -2 0 1 2 4
Allgatherv 926275 926279 -2 0 1 2 4
Allreduce 926295 926298 -2 0 1 2 4
Allgatherv 926334 926339 -2 0 1 2 4
Allreduce 926355 926357 -2 0 1 2 4
Allgatherv 926394 926398 -2 0 1 2 4
Allreduce 926413 926416 -2 0 1 2 4
Allgatherv 926452 926458 -2 0 1 2 4
Allreduce 928476 928490 -2 0 1 2 4
Allgatherv 928530 928536 -2 0 1 2 4
Allreduce 928552 928555 -2 0 1 2 4
Allgatherv 928591 928596 -2 0 1 2 4
Allreduce 928612 928614 -2 0 1 2 4
Allgatherv 928650 928655 -2 0 1 2 4
Allreduce 928671 928673 -2 0 1 2 4
Allgatherv 928709 928714 -2 0 1 2 4
Allreduce 928729 928733 -2 0 1 2 4
Allgatherv 928769 928774 -2 0 1 2 4
Allreduce 928789 928793 -2 0 1 2 4
Allgatherv 928829 928834 -2 0 1 2 4
Allreduce 928849 928852 -2 0 1 2 4
Allgatherv 928888 928895 -2 0 1 2 4
Allreduce 928910 928913 -2 0 1 2 4
Allgatherv 928949 928954 -2 0 1 2 4
Allreduce 928969 928972 -2 0 1 2 4
Allgatherv 929008 929013 -2 0 1 2 4
Allreduce 929030 929032 -2 0 1 2 4
Allgatherv 929068 929073 -2 0 1 2 4
Allreduce 929095 929099 -2 0 1 2 4
Allgatherv 929135 929216 -2 0 1 2 4
Allreduce 929244 929271 -2 0 1 2 4
Allgatherv 929311 929351 -2 0 1 2 4
Allreduce 929367 929371 -2 0 1 2 4
Allgatherv 929408 929413 -2 0 1 2 4
Allreduce 929438 929440 -2 0 1 2 4
Allgatherv 929477 929589 -2 0 1 2 4
Allreduce 929605 929684 -2 0 1 2 4
Allgatherv 929722 929734 -2 0 1 2 4
Allreduce 929750 929754 -2 0 1 2 4
Allgatherv 929794 929871 -2 0 1 2 4
Allreduce 929901 929904 -2 0 1 2 4
Allgatherv 929942 930108 -2 0 1 2 4
Allreduce 930129 930142 -2 0 1 2 4
Allgatherv 930180 930189 -2 0 1 2 4
Allreduce 930212 930225 -2 0 1 2 4
Allgatherv 930269 930286 -2 0 1 2 4
Allreduce 930308 930323 -2 0 1 2 4
Allgatherv 930368 930386 -2 0 1 2 4
Allreduce 930409 930425 -2 0 1 2 4
Allgatherv 930471 930486 -2 0 1 2 4
Allreduce 930510 930527 -2 0 1 2 4
Allgatherv 930574 930588 -2 0 1 2 4
Allreduce 930615 930631 -2 0 1 2 4
Allgatherv 930679 930693 -2 0 1 2 4
Allreduce 930717 930723 -2 0 1 2 4
Allgatherv 930768 930781 -2 0 1 2 4
Allreduce 930803 930820 -2 0 1 2 4
Allgatherv 930869 930886 -2 0 1 2 4
Allreduce 930906 930912 -2 0 1 2 4
Allgatherv 930949 930954 -2 0 1 2 4
Allreduce 930970 930979 -2 0 1 2 4
Allgatherv 931017 931021 -2 0 1 2 4
Allreduce 931037 931039 -2 0 1 2 4
Allgatherv 931080 931084 -2 0 1 2 4
Allreduce 931100 931102 -2 0 1 2 4
Allgatherv 931140 931144 -2 0 1 2 4
Allreduce 931159 931161 -2 0 1 2 4
Allgatherv 931198 931202 -2 0 1 2 4
Allreduce 931218 931220 -2 0 1 2 4
Allgatherv 931268 931272 -2 0 1 2 4
Allreduce 931288 931373 -2 0 1 2 4
Allgatherv 931411 931429 -2 0 1 2 4
Allreduce 931445 931460 -2 0 1 2 4
Allgatherv 931497 931511 -2 0 1 2 4
Allreduce 931535 931572 -2 0 1 2 4
Allgatherv 931621 931657 -2 0 1 2 4
Allreduce 931688 931711 -2 0 1 2 4
Allgatherv 931748 931756 -2 0 1 2 4
Allreduce 931772 931785 -2 0 1 2 4
Allgatherv 931822 931833 -2 0 1 2 4
Allreduce 931850 931861 -2 0 1 2 4
Allgatherv 931898 931905 -2 0 1 2 4
Allreduce 931922 931931 -2 0 1 2 4
Allgatherv 931968 931972 -2 0 1 2 4
Allreduce 931988 931997 -2 0 1 2 4
Allgatherv 932034 932041 -2 0 1 2 4
Allreduce 932057 932078 -2 0 1 2 4
Allgatherv 932117 932120 -2 0 1 2 4
Allreduce 932137 932149 -2 0 1 2 4
Allgatherv 932186 932197 -2 0 1 2 4
Allreduce 932213 932223 -2 0 1 2 4
Allgatherv 932260 932268 -2 0 1 2 4
Allreduce 932285 932342 -2 0 1 2 4
Allgatherv 932380 932390 -2 0 1 2 4
Allreduce 932407 932415 -2 0 1 2 4
Allgatherv 932451 932459 -2 0 1 2 4
Allreduce 932475 932487 -2 0 1 2 4
Allgatherv 932524 932535 -2 0 1 2 4
Allreduce 932550 932554 -2 0 1 2 4
Allgatherv 932591 932594 -2 0 1 2 4
Allreduce 932609 932611 -2 0 1 2 4
Allgatherv 932648 932650 -2 0 1 2 4
Allreduce 932666 932668 -2 0 1 2 4
Allgatherv 932704 932707 -2 0 1 2 4
Allreduce 932723 932725 -2 0 1 2 4
Allgatherv 932762 932765 -2 0 1 2 4
Allreduce 932781 932783 -2 0 1 2 4
Allgatherv 932819 932822 -2 0 1 2 4
Allreduce 932837 932839 -2 0 1 2 4
Allgatherv 932875 932878 -2 0 1 2 4
Allreduce 932895 932898 -2 0 1 2 4
Allgatherv 932935 932938 -2 0 1 2 4
Allreduce 932954 932956 -2 0 1 2 4
Allgatherv 932992 932995 -2 0 1 2 4
Allreduce 933011 933013 -2 0 1 2 4
Allgatherv 933049 933052 -2 0 1 2 4
Allreduce 933067 933072 -2 0 1 2 4
Allgatherv 933108 933145 -2 0 1 2 4
Allreduce 933161 933185 -2 0 1 2 4
Allgatherv 933221 933228 -2 0 1 2 4
Allreduce 933244 933253 -2 0 1 2 4
Allgatherv 933290 933305 -2 0 1 2 4
Allreduce 933322 933341 -2 0 1 2 4
Allgatherv 933378 933398 -2 0 1 2 4
Allreduce 933414 933426 -2 0 1 2 4
Allgatherv 933462 933473 -2 0 1 2 4
Allreduce 933489 933499 -2 0 1 2 4
Allgatherv 933535 933547 -2 0 1 2 4
Allreduce 933565 933574 -2 0 1 2 4
Allgatherv 933610 933615 -2 0 1 2 4
Allreduce 933630 933640 -2 0 1 2 4
Allgatherv 933677 933689 -2 0 1 2 4
Allreduce 933705 933714 -2 0 1 2 4
Allgatherv 933750 933760 -2 0 1 2 4
Allreduce 933777 933787 -2 0 1 2 4
Allgatherv 933823 933836 -2 0 1 2 4
Allreduce 933852 933863 -2 0 1 2 4
Allgatherv 933899 933911 -2 0 1 2 4
Allreduce 933926 933937 -2 0 1 2 4
Allgatherv 933973 933988 -2 0 1 2 4
Allreduce 934005 934014 -2 0 1 2 4
Allgatherv 934050 934059 -2 0 1 2 4
Allreduce 934077 934089 -2 0 1 2 4
Allgatherv 934125 934128 -2 0 1 2 4
Allreduce 934144 934146 -2 0 1 2 4
Allgatherv 934183 934186 -2 0 1 2 4
Allreduce 934203 934205 -2 0 1 2 4
Allgatherv 934241 934244 -2 0 1 2 4
Allreduce 934259 934261 -2 0 1 2 4
Allgatherv 934297 934300 -2 0 1 2 4
Allreduce 934316 934318 -2 0 1 2 4
Allgatherv 934354 934357 -2 0 1 2 4
Allreduce 934373 934375 -2 0 1 2 4
Allgatherv 934411 934414 -2 0 1 2 4
Allreduce 934430 934432 -2 0 1 2 4
Allgatherv 934468 934471 -2 0 1 2 4
Allreduce 934486 934488 -2 0 1 2 4
Allgatherv 934524 934527 -2 0 1 2 4
Allreduce 934544 934546 -2 0 1 2 4
Allgatherv 934583 934586 -2 0 1 2 4
Allreduce 934601 934603 -2 0 1 2 4
Allgatherv 934639 934642 -2 0 1 2 4
Allreduce 934658 934660 -2 0 1 2 4
Allgatherv 934696 934699 -2 0 1 2 4
Allreduce 934716 934718 -2 0 1 2 4
Allgatherv 934754 934757 -2 0 1 2 4
Allreduce 934772 934774 -2 0 1 2 4
Allgatherv 934810 934813 -2 0 1 2 4
Allreduce 934829 934831 -2 0 1 2 4
Allgatherv 934867 934870 -2 0 1 2 4
Allreduce 934885 934887 -2 0 1 2 4
Allgatherv 934923 934926 -2 0 1 2 4
Allreduce 934942 934944 -2 0 1 2 4
Allgatherv 934980 934983 -2 0 1 2 4
Allreduce 934999 935001 -2 0 1 2 4
Allgatherv 935038 935042 -2 0 1 2 4
Allreduce 935057 935059 -2 0 1 2 4
Allgatherv 935111 935114 -2 0 1 2 4
Allreduce 935130 935137 -2 0 1 2 4
Allgatherv 935173 935187 -2 0 1 2 4
Allreduce 935203 935218 -2 0 1 2 4
Allgatherv 935256 935269 -2 0 1 2 4
Allreduce 935285 935304 -2 0 1 2 4
Allgatherv 935340 935360 -2 0 1 2 4
Allreduce 935376 935388 -2 0 1 2 4
Allgatherv 935425 935437 -2 0 1 2 4
Allreduce 935453 935462 -2 0 1 2 4
Allgatherv 935498 935505 -2 0 1 2 4
Allreduce 935521 935530 -2 0 1 2 4
Allgatherv 935566 935578 -2 0 1 2 4
Allreduce 935594 935602 -2 0 1 2 4
Allgatherv 935638 935650 -2 0 1 2 4
Allreduce 935666 935676 -2 0 1 2 4
Allgatherv 935714 935725 -2 0 1 2 4
Allreduce 935740 935751 -2 0 1 2 4
Allgatherv 935788 935802 -2 0 1 2 4
Allreduce 935818 935829 -2 0 1 2 4
Allgatherv 935865 935875 -2 0 1 2 4
Allreduce 935891 935902 -2 0 1 2 4
Allgatherv 935940 935949 -2 0 1 2 4
Allreduce 935965 935967 -2 0 1 2 4
Allgatherv 936003 936006 -2 0 1 2 4
Allreduce 936022 936024 -2 0 1 2 4
Allgatherv 936062 936065 -2 0 1 2 4
Allreduce 936081 936093 -2 0 1 2 4
Allgatherv 936130 936134 -2 0 1 2 4
Allreduce 936149 936158 -2 0 1 2 4
Allgatherv 936196 936199 -2 0 1 2 4
Allreduce 936215 936217 -2 0 1 2 4
Allgatherv 936253 936256 -2 0 1 2 4
Allreduce 936272 936275 -2 0 1 2 4
Allgatherv 936312 936315 -2 0 1 2 4
Allreduce 936330 936332 -2 0 1 2 4
Allgatherv 936368 936371 -2 0 1 2 4
Allreduce 936387 936389 -2 0 1 2 4
Allgatherv 936425 936428 -2 0 1 2 4
Allreduce 936445 936447 -2 0 1 2 4
Allgatherv 936483 936486 -2 0 1 2 4
Allreduce 936502 936504 -2 0 1 2 4
Allgatherv 936541 936544 -2 0 1 2 4
Allreduce 936559 936561 -2 0 1 2 4
Allgatherv 936597 936600 -2 0 1 2 4
Allreduce 936616 936618 -2 0 1 2 4
Allgatherv 936654 936658 -2 0 1 2 4
Allreduce 936673 936675 -2 0 1 2 4
Allgatherv 936711 936715 -2 0 1 2 4
Allreduce 936730 936732 -2 0 1 2 4
Allgatherv 936768 936771 -2 0 1 2 4
Allreduce 936789 936791 -2 0 1 2 4
Allgatherv 936827 936830 -2 0 1 2 4
Allreduce 936846 936848 -2 0 1 2 4
Allgatherv 936884 936887 -2 0 1 2 4
Allreduce 936902 936904 -2 0 1 2 4
Allgatherv 936940 936943 -2 0 1 2 4
Allreduce 936960 936962 -2 0 1 2 4
Allgatherv 936998 937001 -2 0 1 2 4
Allreduce 937017 937019 -2 0 1 2 4
Allgatherv 937055 937058 -2 0 1 2 4
Allreduce 937073 937075 -2 0 1 2 4
Allgatherv 937112 937115 -2 0 1 2 4
Allreduce 937130 937141 -2 0 1 2 4
Allgatherv 937179 937197 -2 0 1 2 4
Allreduce 937213 937230 -2 0 1 2 4
Allgatherv 937266 937286 -2 0 1 2 4
Allreduce 937302 937321 -2 0 1 2 4
Allgatherv 937357 937371 -2 0 1 2 4
Allreduce 937388 937397 -2 0 1 2 4
Allgatherv 937433 937446 -2 0 1 2 4
Allreduce 937462 937472 -2 0 1 2 4
Allgatherv 937509 937515 -2 0 1 2 4
Allreduce 937531 937539 -2 0 1 2 4
Allgatherv 937576 937586 -2 0 1 2 4
Allreduce 937603 937613 -2 0 1 2 4
Allgatherv 937649 937665 -2 0 1 2 4
Allreduce 937681 937692 -2 0 1 2 4
Allgatherv 937728 937744 -2 0 1 2 4
Allreduce 937760 937770 -2 0 1 2 4
Allgatherv 937806 937818 -2 0 1 2 4
Allreduce 937834 937842 -2 0 1 2 4
Allgatherv 937879 937892 -2 0 1 2 4
Allreduce 937908 937917 -2 0 1 2 4
Allgatherv 937954 937957 -2 0 1 2 4
Allreduce 937972 937974 -2 0 1 2 4
Allgatherv 938011 938014 -2 0 1 2 4
Allreduce 938031 938033 -2 0 1 2 4
Allgatherv 938069 938072 -2 0 1 2 4
Allreduce 938087 938089 -2 0 1 2 4
Allgatherv 938125 938128 -2 0 1 2 4
Allreduce 938144 938146 -2 0 1 2 4
Allgatherv 938184 938187 -2 0 1 2 4
Allreduce 938218 938220 -2 0 1 2 4
Allgatherv 938257 938261 -2 0 1 2 4
Allreduce 938276 938278 -2 0 1 2 4
Allgatherv 938316 938319 -2 0 1 2 4
Allreduce 938335 938337 -2 0 1 2 4
Allgatherv 938374 938378 -2 0 1 2 4
Allreduce 938394 938396 -2 0 1 2 4
Allgatherv 938433 938436 -2 0 1 2 4
Allreduce 938452 938454 -2 0 1 2 4
Allgatherv 938491 938494 -2 0 1 2 4
Allreduce 938510 938512 -2 0 1 2 4
Allgatherv 938550 938554 -2 0 1 2 4
Allreduce 938569 938571 -2 0 1 2 4
Allgatherv 938609 938612 -2 0 1 2 4
Allreduce 938628 938630 -2 0 1 2 4
Allgatherv 938667 938670 -2 0 1 2 4
Allreduce 938687 938689 -2 0 1 2 4
Allgatherv 938727 938730 -2 0 1 2 4
Allreduce 938747 938749 -2 0 1 2 4
Allgatherv 938786 938789 -2 0 1 2 4
Allreduce 938805 938807 -2 0 1 2 4
Allgatherv 938844 938847 -2 0 1 2 4
Allreduce 938863 938865 -2 0 1 2 4
Allgatherv 938902 938905 -2 0 1 2 4
Allreduce 938922 938924 -2 0 1 2 4
Allgatherv 938960 938963 -2 0 1 2 4
Allreduce 938979 938981 -2 0 1 2 4
Allgatherv 939018 939022 -2 0 1 2 4
Allreduce 939038 939040 -2 0 1 2 4
Allgatherv 939078 939081 -2 0 1 2 4
Allreduce 939097 939099 -2 0 1 2 4
Allgatherv 939136 939149 -2 0 1 2 4
Allreduce 939168 939183 -2 0 1 2 4
Allgatherv 939234 939252 -2 0 1 2 4
Allreduce 939269 939295 -2 0 1 2 4
Allgatherv 939334 939349 -2 0 1 2 4
Allreduce 939366 939379 -2 0 1 2 4
Allgatherv 939418 939435 -2 0 1 2 4
Allreduce 939452 939462 -2 0 1 2 4
Allgatherv 939501 939509 -2 0 1 2 4
Allreduce 939525 939531 -2 0 1 2 4
Allgatherv 939569 939581 -2 0 1 2 4
Allreduce 939597 939609 -2 0 1 2 4
Allgatherv 939647 939657 -2 0 1 2 4
Allreduce 939674 939686 -2 0 1 2 4
Allgatherv 939724 939738 -2 0 1 2 4
Allreduce 939756 939766 -2 0 1 2 4
Allgatherv 939804 939816 -2 0 1 2 4
Allreduce 939832 939843 -2 0 1 2 4
Allgatherv 939882 939893 -2 0 1 2 4
Allreduce 939910 939920 -2 0 1 2 4
Allgatherv 939958 939973 -2 0 1 2 4
Allreduce 939992 939996 -2 0 1 2 4
Allgatherv 940035 940038 -2 0 1 2 4
Allreduce 940055 940057 -2 0 1 2 4
Allgatherv 940095 940098 -2 0 1 2 4
Allreduce 940114 940116 -2 0 1 2 4
Allgatherv 940156 940159 -2 0 1 2 4
Allreduce 940176 940178 -2 0 1 2 4
Allgatherv 940216 940220 -2 0 1 2 4
Allreduce 940236 940238 -2 0 1 2 4
Allgatherv 940276 940279 -2 0 1 2 4
Allreduce 940295 940298 -2 0 1 2 4
Allgatherv 940335 940339 -2 0 1 2 4
Allreduce 940356 940358 -2 0 1 2 4
Allgatherv 940397 940400 -2 0 1 2 4
Allreduce 940416 940418 -2 0 1 2 4
Allgatherv 940456 940459 -2 0 1 2 4
Allreduce 940475 940477 -2 0 1 2 4
Allgatherv 940515 940518 -2 0 1 2 4
Allreduce 940536 940538 -2 0 1 2 4
Allgatherv 940577 940580 -2 0 1 2 4
Allreduce 940596 940598 -2 0 1 2 4
Allgatherv 940636 940639 -2 0 1 2 4
Allreduce 940655 940657 -2 0 1 2 4
Allgatherv 940696 940699 -2 0 1 2 4
Allreduce 940715 940717 -2 0 1 2 4
Allgatherv 940755 940758 -2 0 1 2 4
Allreduce 940774 940776 -2 0 1 2 4
Allgatherv 940815 940818 -2 0 1 2 4
Allreduce 940834 940836 -2 0 1 2 4
Allgatherv 940874 940877 -2 0 1 2 4
Allreduce 940895 940897 -2 0 1 2 4
Allgatherv 940935 940938 -2 0 1 2 4
Allreduce 940955 940957 -2 0 1 2 4
Allgatherv 940995 940998 -2 0 1 2 4
Allreduce 941015 941017 -2 0 1 2 4
Allgatherv 941055 941058 -2 0 1 2 4
Allreduce 941076 941078 -2 0 1 2 4
Allgatherv 941116 941119 -2 0 1 2 4
Allreduce 941136 941174 -2 0 1 2 4
Allgatherv 941217 941353 -2 0 1 2 4
Allreduce 941414 941417 -2 0 1 2 4
Allgatherv 941458 941463 -2 0 1 2 4
Allreduce 941481 941483 -2 0 1 2 4
Allgatherv 941522 941527 -2 0 1 2 4
Allreduce 941543 941545 -2 0 1 2 4
Allgatherv 941584 941589 -2 0 1 2 4
Allreduce 941605 941621 -2 0 1 2 4
Allgatherv 941662 941669 -2 0 1 2 4
Allreduce 941686 941691 -2 0 1 2 4
Allgatherv 941731 941735 -2 0 1 2 4
Allreduce 941751 941754 -2 0 1 2 4
Allgatherv 941793 941798 -2 0 1 2 4
Allreduce 941815 941818 -2 0 1 2 4
Allgatherv 941857 941861 -2 0 1 2 4
Allreduce 941878 941883 -2 0 1 2 4
Allgatherv 941922 941927 -2 0 1 2 4
Allreduce 941942 941944 -2 0 1 2 4
Allgatherv 941983 941987 -2 0 1 2 4
Allreduce 942004 942006 -2 0 1 2 4
Allgatherv 942045 942049 -2 0 1 2 4
Allreduce 942065 942067 -2 0 1 2 4
Allgatherv 942106 942110 -2 0 1 2 4
Allreduce 942126 942128 -2 0 1 2 4
Allgatherv 942170 942174 -2 0 1 2 4
Allreduce 942190 942192 -2 0 1 2 4
Allgatherv 942233 942237 -2 0 1 2 4
Allreduce 942253 942255 -2 0 1 2 4
Allgatherv 942294 942298 -2 0 1 2 4
Allreduce 942314 942316 -2 0 1 2 4
Allgatherv 942355 942359 -2 0 1 2 4
Allreduce 942376 942379 -2 0 1 2 4
Allgatherv 942418 942424 -2 0 1 2 4
Allreduce 942440 942443 -2 0 1 2 4
Allgatherv 942482 942486 -2 0 1 2 4
Allreduce 942502 942504 -2 0 1 2 4
Allgatherv 942543 942547 -2 0 1 2 4
Allreduce 942563 942565 -2 0 1 2 4
Allgatherv 942604 942608 -2 0 1 2 4
Allreduce 942623 942625 -2 0 1 2 4
Allgatherv 942664 942668 -2 0 1 2 4
Allreduce 942684 942686 -2 0 1 2 4
Allgatherv 942725 942729 -2 0 1 2 4
Allreduce 942746 942749 -2 0 1 2 4
Allgatherv 942788 942792 -2 0 1 2 4
Allreduce 942808 942810 -2 0 1 2 4
Allgatherv 942849 942853 -2 0 1 2 4
Allreduce 942868 942871 -2 0 1 2 4
Allgatherv 942911 942915 -2 0 1 2 4
Allreduce 942931 942933 -2 0 1 2 4
Allgatherv 942973 942979 -2 0 1 2 4
Allreduce 942995 942997 -2 0 1 2 4
Allgatherv 943036 943040 -2 0 1 2 4
Allreduce 943056 943058 -2 0 1 2 4
Allgatherv 943097 943101 -2 0 1 2 4
Allreduce 943117 943119 -2 0 1 2 4
Allgatherv 943160 943164 -2 0 1 2 4
Allreduce 943181 943183 -2 0 1 2 4
Allgatherv 943222 943226 -2 0 1 2 4
Allreduce 943242 943244 -2 0 1 2 4
Allgatherv 943283 943286 -2 0 1 2 4
Allreduce 943304 943306 -2 0 1 2 4
Allgatherv 943345 943349 -2 0 1 2 4
Allreduce 943364 943366 -2 0 1 2 4
Allgatherv 943405 943409 -2 0 1 2 4
Allreduce 943425 943427 -2 0 1 2 4
Allgatherv 943467 943471 -2 0 1 2 4
Allreduce 943487 943492 -2 0 1 2 4
Allgatherv 943531 943534 -2 0 1 2 4
Allreduce 943551 943553 -2 0 1 2 4
Allgatherv 943592 943596 -2 0 1 2 4
Allreduce 943612 943614 -2 0 1 2 4
Allgatherv 943653 943657 -2 0 1 2 4
Allreduce 943673 943675 -2 0 1 2 4
Allgatherv 943714 943718 -2 0 1 2 4
Allreduce 943734 943736 -2 0 1 2 4
Allgatherv 943775 943779 -2 0 1 2 4
Allreduce 943795 943797 -2 0 1 2 4
Allgatherv 943835 943839 -2 0 1 2 4
Allreduce 943857 943859 -2 0 1 2 4
Allgatherv 943898 943902 -2 0 1 2 4
Allreduce 943918 943920 -2 0 1 2 4
Allgatherv 943959 943963 -2 0 1 2 4
Allreduce 943980 943982 -2 0 1 2 4
Allgatherv 944021 944025 -2 0 1 2 4
Allreduce 944042 944047 -2 0 1 2 4
Allgatherv 944086 944090 -2 0 1 2 4
Allreduce 944106 944108 -2 0 1 2 4
Allgatherv 944149 944153 -2 0 1 2 4
Allreduce 944169 944171 -2 0 1 2 4
Allgatherv 944210 944214 -2 0 1 2 4
Allreduce 944230 944232 -2 0 1 2 4
Allgatherv 944287 944291 -2 0 1 2 4
Allreduce 944308 944310 -2 0 1 2 4
Allgatherv 944351 944355 -2 0 1 2 4
Allreduce 944372 944374 -2 0 1 2 4
Allgatherv 944417 944421 -2 0 1 2 4
Allreduce 944438 944440 -2 0 1 2 4
Allgatherv 944481 944485 -2 0 1 2 4
Allreduce 944502 944505 -2 0 1 2 4
Allgatherv 944545 944550 -2 0 1 2 4
Allreduce 944568 944570 -2 0 1 2 4
Allgatherv 944611 944616 -2 0 1 2 4
Allreduce 944634 944638 -2 0 1 2 4
Allgatherv 944679 944683 -2 0 1 2 4
Allreduce 944701 944703 -2 0 1 2 4
Allgatherv 944744 944748 -2 0 1 2 4
Allreduce 944765 944767 -2 0 1 2 4
Allgatherv 944808 944812 -2 0 1 2 4
Allreduce 944829 944831 -2 0 1 2 4
Allgatherv 944872 944877 -2 0 1 2 4
Allreduce 944893 944896 -2 0 1 2 4
Allgatherv 944937 944941 -2 0 1 2 4
Allreduce 944958 944960 -2 0 1 2 4
Allgatherv 945003 945007 -2 0 1 2 4
Allreduce 945024 945026 -2 0 1 2 4
Allgatherv 945067 945071 -2 0 1 2 4
Allreduce 945088 945090 -2 0 1 2 4
Allgatherv 945136 945151 -2 0 1 2 4
Allreduce 945176 945179 -2 0 1 2 4
Allgatherv 945223 945229 -2 0 1 2 4
Allreduce 945260 945265 -2 0 1 2 4
Allgatherv 945318 945322 -2 0 1 2 4
Allreduce 945352 945357 -2 0 1 2 4
Allgatherv 945403 945408 -2 0 1 2 4
Allreduce 945434 945438 -2 0 1 2 4
Allgatherv 945487 945491 -2 0 1 2 4
Allreduce 945517 945521 -2 0 1 2 4
Allgatherv 945563 945568 -2 0 1 2 4
Allreduce 945592 945596 -2 0 1 2 4
Allgatherv 945642 945647 -2 0 1 2 4
Allreduce 945671 945675 -2 0 1 2 4
Allgatherv 945724 945729 -2 0 1 2 4
Allreduce 945754 945927 -2 0 1 2 4
Allgatherv 945973 945981 -2 0 1 2 4
Allreduce 946000 946005 -2 0 1 2 4
Allgatherv 946047 946051 -2 0 1 2 4
Allreduce 946069 946072 -2 0 1 2 4
Allgatherv 946114 946118 -2 0 1 2 4
Allreduce 946204 946209 -2 0 1 2 4
Allgatherv 946269 946274 -2 0 1 2 4
Allreduce 946293 946297 -2 0 1 2 4
Allgatherv 946339 946343 -2 0 1 2 4
Allreduce 946360 946430 -2 0 1 2 4
Allgatherv 946481 946511 -2 0 1 2 4
Allreduce 946530 946533 -2 0 1 2 4
Allgatherv 946604 946619 -2 0 1 2 4
Allreduce 946640 946683 -2 0 1 2 4
Allgatherv 946745 946752 -2 0 1 2 4
Allreduce 946769 946776 -2 0 1 2 4
Allgatherv 946817 946821 -2 0 1 2 4
Allreduce 946842 946849 -2 0 1 2 4
Allgatherv 946894 946905 -2 0 1 2 4
Allreduce 946933 946937 -2 0 1 2 4
Allgatherv 946984 946993 -2 0 1 2 4
Allreduce 947018 947023 -2 0 1 2 4
Allgatherv 947071 947083 -2 0 1 2 4
Allreduce 947107 947343 -2 0 1 2 4
Allgatherv 947486 947544 -2 0 1 2 4
Allreduce 947609 947613 -2 0 1 2 4
Allgatherv 947657 947662 -2 0 1 2 4
Allreduce 947681 947683 -2 0 1 2 4
Allgatherv 947724 947729 -2 0 1 2 4
Allreduce 947747 947750 -2 0 1 2 4
Allgatherv 947889 947894 -2 0 1 2 4
Allreduce 947913 947921 -2 0 1 2 4
Allgatherv 947964 947968 -2 0 1 2 4
Allreduce 948008 948013 -2 0 1 2 4
Allgatherv 948057 948102 -2 0 1 2 4
Allreduce 948121 948136 -2 0 1 2 4
Allgatherv 948178 948195 -2 0 1 2 4
Allreduce 948212 948225 -2 0 1 2 4
Allgatherv 948269 948286 -2 0 1 2 4
Allreduce 948317 948342 -2 0 1 2 4
Allgatherv 948392 948448 -2 0 1 2 4
Allreduce 948465 948468 -2 0 1 2 4
Allgatherv 948508 948514 -2 0 1 2 4
Allreduce 948531 948542 -2 0 1 2 4
Allgatherv 948582 948589 -2 0 1 2 4
Allreduce 948606 948617 -2 0 1 2 4
Allgatherv 951822 952084 -2 0 1 2 4
Allreduce 952108 952132 -2 0 1 2 4
Allgatherv 952157 952192 -2 0 1 2 4
Allreduce 952202 952222 -2 0 1 2 4
Allgatherv 952245 952276 -2 0 1 2 4
Allreduce 952286 952302 -2 0 1 2 4
Allgatherv 952325 952352 -2 0 1 2 4
Allreduce 952362 952380 -2 0 1 2 4
Allgatherv 952403 952432 -2 0 1 2 4
Allreduce 952442 952452 -2 0 1 2 4
Allgatherv 952475 952496 -2 0 1 2 4
Allreduce 952506 952516 -2 0 1 2 4
Allgatherv 952541 952560 -2 0 1 2 4
Allreduce 952570 952581 -2 0 1 2 4
Allgatherv 952604 952625 -2 0 1 2 4
Allreduce 952634 952645 -2 0 1 2 4
Allgatherv 952668 952689 -2 0 1 2 4
Allreduce 952699 952711 -2 0 1 2 4
Allgatherv 952734 952755 -2 0 1 2 4
Allreduce 952765 952777 -2 0 1 2 4
Allgatherv 952800 952821 -2 0 1 2 4
Allreduce 952831 952841 -2 0 1 2 4
Allgatherv 952864 952885 -2 0 1 2 4
Allreduce 952895 952905 -2 0 1 2 4
Allgatherv 952928 952949 -2 0 1 2 4
Allreduce 952959 952970 -2 0 1 2 4
Allgatherv 952992 953013 -2 0 1 2 4
Allreduce 953023 953034 -2 0 1 2 4
Allgatherv 953056 953077 -2 0 1 2 4
Allreduce 953089 953098 -2 0 1 2 4
Allgatherv 953131 953145 -2 0 1 2 4
Allreduce 953172 953175 -2 0 1 2 4
Allgatherv 953216 953231 -2 0 1 2 4
Allreduce 953259 953271 -2 0 1 2 4
Allgatherv 953319 953331 -2 0 1 2 4
Allreduce 953344 953364 -2 0 1 2 4
Allgatherv 953388 953419 -2 0 1 2 4
Allreduce 953428 953449 -2 0 1 2 4
Allgatherv 953471 953502 -2 0 1 2 4
Allreduce 953511 953528 -2 0 1 2 4
Allgatherv 953550 953578 -2 0 1 2 4
Allreduce 953587 953606 -2 0 1 2 4
Allgatherv 953628 953659 -2 0 1 2 4
Allreduce 953668 953689 -2 0 1 2 4
Allgatherv 953711 953747 -2 0 1 2 4
Allreduce 953755 953776 -2 0 1 2 4
Allgatherv 953798 953830 -2 0 1 2 4
Allreduce 953841 953861 -2 0 1 2 4
Allgatherv 953883 953915 -2 0 1 2 4
Allreduce 953924 953945 -2 0 1 2 4
Allgatherv 953967 953997 -2 0 1 2 4
Allreduce 954006 954027 -2 0 1 2 4
Allgatherv 954049 954081 -2 0 1 2 4
Allreduce 954090 954108 -2 0 1 2 4
Allgatherv 954134 954171 -2 0 1 2 4
Allreduce 954195 954212 -2 0 1 2 4
Allgatherv 954235 954259 -2 0 1 2 4
Allreduce 954268 954280 -2 0 1 2 4
Allgatherv 954303 954325 -2 0 1 2 4
Allreduce 954334 954346 -2 0 1 2 4
Allgatherv 954369 954391 -2 0 1 2 4
Allreduce 954400 954412 -2 0 1 2 4
Allgatherv 954435 954457 -2 0 1 2 4
Allreduce 954466 954477 -2 0 1 2 4
Allgatherv 954502 954522 -2 0 1 2 4
Allreduce 954532 954543 -2 0 1 2 4
Allgatherv 954566 954588 -2 0 1 2 4
Allreduce 954598 954609 -2 0 1 2 4
Allgatherv 954633 954656 -2 0 1 2 4
Allreduce 954665 954677 -2 0 1 2 4
Allgatherv 954700 954722 -2 0 1 2 4
Allreduce 954731 954744 -2 0 1 2 4
Allgatherv 954767 954789 -2 0 1 2 4
Allreduce 954798 954810 -2 0 1 2 4
Allgatherv 954833 954855 -2 0 1 2 4
Allreduce 954864 954876 -2 0 1 2 4
Allgatherv 954899 954921 -2 0 1 2 4
Allreduce 954930 954942 -2 0 1 2 4
Allgatherv 954964 954986 -2 0 1 2 4
Allreduce 954995 955007 -2 0 1 2 4
Allgatherv 955030 955052 -2 0 1 2 4
Allreduce 955063 955073 -2 0 1 2 4
Allgatherv 955096 955121 -2 0 1 2 4
Allreduce 955148 955152 -2 0 1 2 4
Allgatherv 955196 955209 -2 0 1 2 4
Allreduce 955222 955257 -2 0 1 2 4
Allgatherv 955301 955315 -2 0 1 2 4
Allreduce 955334 955352 -2 0 1 2 4
Allgatherv 955376 955407 -2 0 1 2 4
Allreduce 955417 955437 -2 0 1 2 4
Allgatherv 955459 955492 -2 0 1 2 4
Allreduce 955501 955522 -2 0 1 2 4
Allgatherv 955544 955570 -2 0 1 2 4
Allreduce 955579 955596 -2 0 1 2 4
Allgatherv 955618 955650 -2 0 1 2 4
Allreduce 955659 955676 -2 0 1 2 4
Allgatherv 955698 955728 -2 0 1 2 4
Allreduce 955737 955756 -2 0 1 2 4
Allgatherv 955778 955809 -2 0 1 2 4
Allreduce 955820 955840 -2 0 1 2 4
Allgatherv 955862 955895 -2 0 1 2 4
Allreduce 955904 955926 -2 0 1 2 4
Allgatherv 955948 955980 -2 0 1 2 4
Allreduce 955989 956011 -2 0 1 2 4
Allgatherv 956033 956063 -2 0 1 2 4
Allreduce 956073 956091 -2 0 1 2 4
Allgatherv 956118 956154 -2 0 1 2 4
Allreduce 956178 956181 -2 0 1 2 4
Allgatherv 956206 956229 -2 0 1 2 4
Allreduce 956246 956248 -2 0 1 2 4
Allgatherv 956272 956292 -2 0 1 2 4
Allreduce 956302 956312 -2 0 1 2 4
Allgatherv 956335 956356 -2 0 1 2 4
Allreduce 956366 956377 -2 0 1 2 4
Allgatherv 956399 956420 -2 0 1 2 4
Allreduce 956430 956440 -2 0 1 2 4
Allgatherv 956465 956484 -2 0 1 2 4
Allreduce 956494 956504 -2 0 1 2 4
Allgatherv 956527 956548 -2 0 1 2 4
Allreduce 956558 956570 -2 0 1 2 4
Allgatherv 956592 956613 -2 0 1 2 4
Allreduce 956623 956634 -2 0 1 2 4
Allgatherv 956657 956678 -2 0 1 2 4
Allreduce 956688 956700 -2 0 1 2 4
Allgatherv 956723 956744 -2 0 1 2 4
Allreduce 956754 956764 -2 0 1 2 4
Allgatherv 956788 956808 -2 0 1 2 4
Allreduce 956818 956828 -2 0 1 2 4
Allgatherv 956851 956872 -2 0 1 2 4
Allreduce 956882 956892 -2 0 1 2 4
Allgatherv 956915 956936 -2 0 1 2 4
Allreduce 956946 956956 -2 0 1 2 4
Allgatherv 956979 957000 -2 0 1 2 4
Allreduce 957010 957020 -2 0 1 2 4
Allgatherv 957045 957064 -2 0 1 2 4
Allreduce 957074 957086 -2 0 1 2 4
Allgatherv 957112 957132 -2 0 1 2 4
Allreduce 957158 957163 -2 0 1 2 4
Allgatherv 957197 957237 -2 0 1 2 4
Allreduce 957264 957352 -2 0 1 2 4
Allgatherv 957394 957427 -2 0 1 2 4
Allreduce 957445 957451 -2 0 1 2 4
Allgatherv 957492 957496 -2 0 1 2 4
Allreduce 957514 957531 -2 0 1 2 4
Allgatherv 957572 957577 -2 0 1 2 4
Allreduce 957594 957597 -2 0 1 2 4
Allgatherv 957638 957642 -2 0 1 2 4
Allreduce 957659 957661 -2 0 1 2 4
Allgatherv 957703 957707 -2 0 1 2 4
Allreduce 957724 957726 -2 0 1 2 4
Allgatherv 957767 957771 -2 0 1 2 4
Allreduce 957790 957792 -2 0 1 2 4
Allgatherv 957833 957838 -2 0 1 2 4
Allreduce 957854 957857 -2 0 1 2 4
Allgatherv 957898 957903 -2 0 1 2 4
Allreduce 957919 957922 -2 0 1 2 4
Allgatherv 957965 957969 -2 0 1 2 4
Allreduce 957986 957990 -2 0 1 2 4
Allgatherv 958031 958035 -2 0 1 2 4
Allreduce 958052 958054 -2 0 1 2 4
Allgatherv 958095 958099 -2 0 1 2 4
Allreduce 958116 958120 -2 0 1 2 4
Allgatherv 958160 958164 -2 0 1 2 4
Allreduce 958181 958184 -2 0 1 2 4
Allgatherv 958227 958232 -2 0 1 2 4
Allreduce 958249 958251 -2 0 1 2 4
Allgatherv 958293 958297 -2 0 1 2 4
Allreduce 958314 958316 -2 0 1 2 4
Allgatherv 958357 958361 -2 0 1 2 4
Allreduce 958379 958382 -2 0 1 2 4
Allgatherv 958423 958427 -2 0 1 2 4
Allreduce 958444 958446 -2 0 1 2 4
Allgatherv 958487 958491 -2 0 1 2 4
Allreduce 958508 958511 -2 0 1 2 4
Allgatherv 958553 958557 -2 0 1 2 4
Allreduce 958574 958578 -2 0 1 2 4
Allgatherv 958619 958623 -2 0 1 2 4
Allreduce 958640 958642 -2 0 1 2 4
Allgatherv 958683 958687 -2 0 1 2 4
Allreduce 958705 958708 -2 0 1 2 4
Allgatherv 958749 958753 -2 0 1 2 4
Allreduce 958770 958773 -2 0 1 2 4
Allgatherv 958814 958818 -2 0 1 2 4
Allreduce 958835 958837 -2 0 1 2 4
Allgatherv 958878 958882 -2 0 1 2 4
Allreduce 958899 958902 -2 0 1 2 4
Allgatherv 958943 958947 -2 0 1 2 4
Allreduce 958966 958968 -2 0 1 2 4
Allgatherv 959009 959014 -2 0 1 2 4
Allreduce 959030 959033 -2 0 1 2 4
Allgatherv 959074 959078 -2 0 1 2 4
Allreduce 959096 959099 -2 0 1 2 4
Allgatherv 959140 959144 -2 0 1 2 4
Allreduce 959161 959164 -2 0 1 2 4
Allgatherv 959205 959212 -2 0 1 2 4
Allreduce 959242 959244 -2 0 1 2 4
Allgatherv 959282 959286 -2 0 1 2 4
Allreduce 959302 959304 -2 0 1 2 4
Allgatherv 959342 959346 -2 0 1 2 4
Allreduce 959361 959364 -2 0 1 2 4
Allgatherv 959402 959406 -2 0 1 2 4
Allreduce 959421 959423 -2 0 1 2 4
Allgatherv 959461 959464 -2 0 1 2 4
Allreduce 959480 959483 -2 0 1 2 4
Allgatherv 959522 959526 -2 0 1 2 4
Allreduce 959541 959544 -2 0 1 2 4
Allgatherv 959581 959585 -2 0 1 2 4
Allreduce 959601 959603 -2 0 1 2 4
Allgatherv 959641 959644 -2 0 1 2 4
Allreduce 959662 959664 -2 0 1 2 4
Allgatherv 959702 959706 -2 0 1 2 4
Allreduce 959722 959724 -2 0 1 2 4
Allgatherv 959762 959766 -2 0 1 2 4
Allreduce 959782 959784 -2 0 1 2 4
Allgatherv 959822 959825 -2 0 1 2 4
Allreduce 959841 959843 -2 0 1 2 4
Allgatherv 959881 959885 -2 0 1 2 4
Allreduce 959900 959902 -2 0 1 2 4
Allgatherv 959940 959944 -2 0 1 2 4
Allreduce 959959 959961 -2 0 1 2 4
Allgatherv 959999 960003 -2 0 1 2 4
Allreduce 960019 960021 -2 0 1 2 4
Allgatherv 960060 960064 -2 0 1 2 4
Allreduce 960080 960082 -2 0 1 2 4
Allgatherv 960120 960124 -2 0 1 2 4
Allreduce 960139 960141 -2 0 1 2 4
Allgatherv 960179 960183 -2 0 1 2 4
Allreduce 960200 960202 -2 0 1 2 4
Allgatherv 960256 960260 -2 0 1 2 4
Allreduce 960276 960278 -2 0 1 2 4
Allgatherv 960315 960319 -2 0 1 2 4
Allreduce 960333 960336 -2 0 1 2 4
Allgatherv 960373 960376 -2 0 1 2 4
Allreduce 960392 960394 -2 0 1 2 4
Allgatherv 960431 960434 -2 0 1 2 4
Allreduce 960450 960452 -2 0 1 2 4
Allgatherv 960489 960493 -2 0 1 2 4
Allreduce 960508 960510 -2 0 1 2 4
Allgatherv 960547 960551 -2 0 1 2 4
Allreduce 960567 960569 -2 0 1 2 4
Allgatherv 960606 960609 -2 0 1 2 4
Allreduce 960625 960627 -2 0 1 2 4
Allgatherv 960664 960668 -2 0 1 2 4
Allreduce 960683 960685 -2 0 1 2 4
Allgatherv 960723 960727 -2 0 1 2 4
Allreduce 960742 960745 -2 0 1 2 4
Allgatherv 960782 960786 -2 0 1 2 4
Allreduce 960801 960803 -2 0 1 2 4
Allgatherv 960840 960844 -2 0 1 2 4
Allreduce 960859 960862 -2 0 1 2 4
Allgatherv 960899 960903 -2 0 1 2 4
Allreduce 960918 960920 -2 0 1 2 4
Allgatherv 960957 960960 -2 0 1 2 4
Allreduce 960976 960978 -2 0 1 2 4
Allgatherv 961015 961019 -2 0 1 2 4
Allreduce 961034 961036 -2 0 1 2 4
Allgatherv 961073 961076 -2 0 1 2 4
Allreduce 961093 961095 -2 0 1 2 4
Allgatherv 961132 961136 -2 0 1 2 4
Allreduce 961151 961154 -2 0 1 2 4
Allgatherv 961191 961195 -2 0 1 2 4
Allreduce 961212 961215 -2 0 1 2 4
Allgatherv 961253 961257 -2 0 1 2 4
Allreduce 961273 961276 -2 0 1 2 4
Allgatherv 961313 961316 -2 0 1 2 4
Allreduce 961332 961334 -2 0 1 2 4
Allgatherv 961370 961374 -2 0 1 2 4
Allreduce 961390 961393 -2 0 1 2 4
Allgatherv 961430 961434 -2 0 1 2 4
Allreduce 961449 961451 -2 0 1 2 4
Allgatherv 961488 961490 -2 0 1 2 4
Allreduce 961506 961508 -2 0 1 2 4
Allgatherv 961545 961549 -2 0 1 2 4
Allreduce 961564 961566 -2 0 1 2 4
Allgatherv 961604 961608 -2 0 1 2 4
Allreduce 961624 961626 -2 0 1 2 4
Allgatherv 961663 961667 -2 0 1 2 4
Allreduce 961682 961684 -2 0 1 2 4
Allgatherv 961721 961725 -2 0 1 2 4
Allreduce 961741 961743 -2 0 1 2 4
Allgatherv 961780 961784 -2 0 1 2 4
Allreduce 961799 961802 -2 0 1 2 4
Allgatherv 961838 961842 -2 0 1 2 4
Allreduce 961857 961859 -2 0 1 2 4
Allgatherv 961896 961900 -2 0 1 2 4
Allreduce 961915 961919 -2 0 1 2 4
Allgatherv 961955 961959 -2 0 1 2 4
Allreduce 961974 961976 -2 0 1 2 4
Allgatherv 962013 962017 -2 0 1 2 4
Allreduce 962032 962034 -2 0 1 2 4
Allgatherv 962071 962075 -2 0 1 2 4
Allreduce 962090 962092 -2 0 1 2 4
Allgatherv 962130 962134 -2 0 1 2 4
Allreduce 962149 962151 -2 0 1 2 4
Allgatherv 962188 962192 -2 0 1 2 4
Allreduce 962209 962212 -2 0 1 2 4
Allgatherv 962249 962252 -2 0 1 2 4
Allreduce 962269 962271 -2 0 1 2 4
Allgatherv 962308 962311 -2 0 1 2 4
Allreduce 962327 962329 -2 0 1 2 4
Allgatherv 962366 962370 -2 0 1 2 4
Allreduce 962385 962387 -2 0 1 2 4
Allgatherv 962425 962429 -2 0 1 2 4
Allreduce 962444 962449 -2 0 1 2 4
Allgatherv 962485 962601 -2 0 1 2 4
Allreduce 962623 962629 -2 0 1 2 4
Allgatherv 962666 962669 -2 0 1 2 4
Allreduce 962687 962690 -2 0 1 2 4
Allgatherv 962727 962730 -2 0 1 2 4
Allreduce 962747 962750 -2 0 1 2 4
Allgatherv 962787 962790 -2 0 1 2 4
Allreduce 962806 962808 -2 0 1 2 4
Allgatherv 962845 962891 -2 0 1 2 4
Allreduce 962907 962919 -2 0 1 2 4
Allgatherv 962955 962959 -2 0 1 2 4
Allreduce 962976 962982 -2 0 1 2 4
Allgatherv 963018 963079 -2 0 1 2 4
Allreduce 963095 963098 -2 0 1 2 4
Allgatherv 963135 963139 -2 0 1 2 4
Allreduce 963154 963157 -2 0 1 2 4
Allgatherv 963201 963234 -2 0 1 2 4
Allreduce 963252 963255 -2 0 1 2 4
Allgatherv 963292 963295 -2 0 1 2 4
Allreduce 963311 963313 -2 0 1 2 4
Allgatherv 963349 963353 -2 0 1 2 4
Allreduce 963368 963370 -2 0 1 2 4
Allgatherv 963407 963414 -2 0 1 2 4
Allreduce 963439 963442 -2 0 1 2 4
Allgatherv 963483 963494 -2 0 1 2 4
Allreduce 963513 963519 -2 0 1 2 4
Allgatherv 963561 963570 -2 0 1 2 4
Allreduce 963590 963594 -2 0 1 2 4
Allgatherv 963634 963647 -2 0 1 2 4
Allreduce 963669 963677 -2 0 1 2 4
Allgatherv 963718 963724 -2 0 1 2 4
Allreduce 963750 963754 -2 0 1 2 4
Allgatherv 963796 963805 -2 0 1 2 4
Allreduce 963824 963831 -2 0 1 2 4
Allgatherv 963871 963878 -2 0 1 2 4
Allreduce 963901 963904 -2 0 1 2 4
Allgatherv 963946 963955 -2 0 1 2 4
Allreduce 963978 963982 -2 0 1 2 4
Allgatherv 964026 964041 -2 0 1 2 4
Allreduce 964061 964063 -2 0 1 2 4
Allgatherv 964099 964103 -2 0 1 2 4
Allreduce 964120 964122 -2 0 1 2 4
Allgatherv 964159 964162 -2 0 1 2 4
Allreduce 964178 964180 -2 0 1 2 4
Allgatherv 964220 964225 -2 0 1 2 4
Allreduce 964241 964243 -2 0 1 2 4
Allgatherv 964282 964286 -2 0 1 2 4
Allreduce 964303 964387 -2 0 1 2 4
Allgatherv 964424 964428 -2 0 1 2 4
Allreduce 964443 964448 -2 0 1 2 4
Allgatherv 964484 964487 -2 0 1 2 4
Allreduce 964504 964506 -2 0 1 2 4
Allgatherv 964542 964546 -2 0 1 2 4
Allreduce 964561 964564 -2 0 1 2 4
Allgatherv 964600 964604 -2 0 1 2 4
Allreduce 964620 964622 -2 0 1 2 4
Allgatherv 964658 964661 -2 0 1 2 4
Allreduce 964677 964679 -2 0 1 2 4
Allgatherv 964715 964719 -2 0 1 2 4
Allreduce 964736 964738 -2 0 1 2 4
Allgatherv 964774 964777 -2 0 1 2 4
Allreduce 964793 964795 -2 0 1 2 4
Allgatherv 964831 964835 -2 0 1 2 4
Allreduce 964850 964854 -2 0 1 2 4
Allgatherv 964890 964895 -2 0 1 2 4
Allreduce 964910 964913 -2 0 1 2 4
Allgatherv 964949 964952 -2 0 1 2 4
Allreduce 964968 964970 -2 0 1 2 4
Allgatherv 965006 965010 -2 0 1 2 4
Allreduce 965027 965029 -2 0 1 2 4
Allgatherv 965065 965069 -2 0 1 2 4
Allreduce 965085 965145 -2 0 1 2 4
Allgatherv 965184 965191 -2 0 1 2 4
Allreduce 965247 965250 -2 0 1 2 4
Allgatherv 965288 965338 -2 0 1 2 4
Allreduce 965353 965362 -2 0 1 2 4
Allgatherv 965400 965411 -2 0 1 2 4
Allreduce 965427 965438 -2 0 1 2 4
Allgatherv 965474 965495 -2 0 1 2 4
Allreduce 965512 965531 -2 0 1 2 4
Allgatherv 965568 965580 -2 0 1 2 4
Allreduce 965596 965610 -2 0 1 2 4
Allgatherv 965646 965659 -2 0 1 2 4
Allreduce 965675 965687 -2 0 1 2 4
Allgatherv 965723 965728 -2 0 1 2 4
Allreduce 965744 965757 -2 0 1 2 4
Allgatherv 965794 965797 -2 0 1 2 4
Allreduce 965814 965823 -2 0 1 2 4
Allgatherv 965860 965867 -2 0 1 2 4
Allreduce 965883 965896 -2 0 1 2 4
Allgatherv 965932 965936 -2 0 1 2 4
Allreduce 965952 965966 -2 0 1 2 4
Allgatherv 966003 966014 -2 0 1 2 4
Allreduce 966030 966044 -2 0 1 2 4
Allgatherv 966082 966090 -2 0 1 2 4
Allreduce 966106 966119 -2 0 1 2 4
Allgatherv 966155 966165 -2 0 1 2 4
Allreduce 966181 966198 -2 0 1 2 4
Allgatherv 966238 966249 -2 0 1 2 4
Allreduce 966265 966279 -2 0 1 2 4
Allgatherv 966317 966324 -2 0 1 2 4
Allreduce 966340 966349 -2 0 1 2 4
Allgatherv 966386 966392 -2 0 1 2 4
Allreduce 966408 966421 -2 0 1 2 4
Allgatherv 966459 966462 -2 0 1 2 4
Allreduce 966477 966479 -2 0 1 2 4
Allgatherv 966516 966519 -2 0 1 2 4
Allreduce 966535 966536 -2 0 1 2 4
Allgatherv 966573 966576 -2 0 1 2 4
Allreduce 966592 966594 -2 0 1 2 4
Allgatherv 966630 966633 -2 0 1 2 4
Allreduce 966649 966651 -2 0 1 2 4
Allgatherv 966687 966691 -2 0 1 2 4
Allreduce 966706 966708 -2 0 1 2 4
Allgatherv 966744 966747 -2 0 1 2 4
Allreduce 966763 966765 -2 0 1 2 4
Allgatherv 966801 966804 -2 0 1 2 4
Allreduce 966820 966822 -2 0 1 2 4
Allgatherv 966858 966862 -2 0 1 2 4
Allreduce 966877 966879 -2 0 1 2 4
Allgatherv 966915 966918 -2 0 1 2 4
Allreduce 966933 966935 -2 0 1 2 4
Allgatherv 966973 966976 -2 0 1 2 4
Allreduce 966991 966993 -2 0 1 2 4
Allgatherv 967029 967032 -2 0 1 2 4
Allreduce 967048 967050 -2 0 1 2 4
Allgatherv 967086 967089 -2 0 1 2 4
Allreduce 967105 967131 -2 0 1 2 4
Allgatherv 967168 967193 -2 0 1 2 4
Allreduce 967210 967227 -2 0 1 2 4
Allgatherv 967278 967303 -2 0 1 2 4
Allreduce 967320 967339 -2 0 1 2 4
Allgatherv 967377 967397 -2 0 1 2 4
Allreduce 967414 967426 -2 0 1 2 4
Allgatherv 967464 967478 -2 0 1 2 4
Allreduce 967494 967505 -2 0 1 2 4
Allgatherv 967543 967549 -2 0 1 2 4
Allreduce 967566 967572 -2 0 1 2 4
Allgatherv 967611 967624 -2 0 1 2 4
Allreduce 967642 967652 -2 0 1 2 4
Allgatherv 967690 967699 -2 0 1 2 4
Allreduce 967716 967727 -2 0 1 2 4
Allgatherv 967765 967778 -2 0 1 2 4
Allreduce 967795 967806 -2 0 1 2 4
Allgatherv 967844 967859 -2 0 1 2 4
Allreduce 967876 967887 -2 0 1 2 4
Allgatherv 967927 967937 -2 0 1 2 4
Allreduce 967953 967965 -2 0 1 2 4
Allgatherv 968003 968015 -2 0 1 2 4
Allreduce 968031 968039 -2 0 1 2 4
Allgatherv 968077 968089 -2 0 1 2 4
Allreduce 968106 968118 -2 0 1 2 4
Allgatherv 968157 968169 -2 0 1 2 4
Allreduce 968185 968187 -2 0 1 2 4
Allgatherv 968226 968229 -2 0 1 2 4
Allreduce 968245 968248 -2 0 1 2 4
Allgatherv 968288 968291 -2 0 1 2 4
Allreduce 968309 968312 -2 0 1 2 4
Allgatherv 968350 968353 -2 0 1 2 4
Allreduce 968370 968372 -2 0 1 2 4
Allgatherv 968410 968413 -2 0 1 2 4
Allreduce 968430 968432 -2 0 1 2 4
Allgatherv 968470 968473 -2 0 1 2 4
Allreduce 968489 968493 -2 0 1 2 4
Allgatherv 968531 968534 -2 0 1 2 4
Allreduce 968551 968553 -2 0 1 2 4
Allgatherv 968591 968594 -2 0 1 2 4
Allreduce 968610 968613 -2 0 1 2 4
Allgatherv 968651 968654 -2 0 1 2 4
Allreduce 968671 968673 -2 0 1 2 4
Allgatherv 968711 968714 -2 0 1 2 4
Allreduce 968731 968733 -2 0 1 2 4
Allgatherv 968771 968774 -2 0 1 2 4
Allreduce 968790 968792 -2 0 1 2 4
Allgatherv 968831 968834 -2 0 1 2 4
Allreduce 968852 968854 -2 0 1 2 4
Allgatherv 968892 968895 -2 0 1 2 4
Allreduce 968911 968913 -2 0 1 2 4
Allgatherv 968951 968954 -2 0 1 2 4
Allreduce 968971 968973 -2 0 1 2 4
Allgatherv 969011 969014 -2 0 1 2 4
Allreduce 969032 969034 -2 0 1 2 4
Allgatherv 969072 969076 -2 0 1 2 4
Allreduce 969092 969111 -2 0 1 2 4
Allgatherv 969149 969164 -2 0 1 2 4
Allreduce 969179 969193 -2 0 1 2 4
Allgatherv 969231 969252 -2 0 1 2 4
Allreduce 969269 969292 -2 0 1 2 4
Allgatherv 969331 969351 -2 0 1 2 4
Allreduce 969368 969381 -2 0 1 2 4
Allgatherv 969419 969435 -2 0 1 2 4
Allreduce 969452 969462 -2 0 1 2 4
Allgatherv 969500 969508 -2 0 1 2 4
Allreduce 969527 969535 -2 0 1 2 4
Allgatherv 969573 969585 -2 0 1 2 4
Allreduce 969602 969610 -2 0 1 2 4
Allgatherv 969649 969661 -2 0 1 2 4
Allreduce 969678 969689 -2 0 1 2 4
Allgatherv 969727 969740 -2 0 1 2 4
Allreduce 969758 969768 -2 0 1 2 4
Allgatherv 969807 969818 -2 0 1 2 4
Allreduce 969835 969847 -2 0 1 2 4
Allgatherv 969885 969900 -2 0 1 2 4
Allreduce 969917 969930 -2 0 1 2 4
Allgatherv 969969 969979 -2 0 1 2 4
Allreduce 969996 970006 -2 0 1 2 4
Allgatherv 970044 970056 -2 0 1 2 4
Allreduce 970073 970083 -2 0 1 2 4
Allgatherv 970121 970126 -2 0 1 2 4
Allreduce 970142 970144 -2 0 1 2 4
Allgatherv 970184 970187 -2 0 1 2 4
Allreduce 970203 970205 -2 0 1 2 4
Allgatherv 970258 970261 -2 0 1 2 4
Allreduce 970278 970282 -2 0 1 2 4
Allgatherv 970322 970325 -2 0 1 2 4
Allreduce 970342 970344 -2 0 1 2 4
Allgatherv 970385 970388 -2 0 1 2 4
Allreduce 970405 970407 -2 0 1 2 4
Allgatherv 970446 970450 -2 0 1 2 4
Allreduce 970467 970469 -2 0 1 2 4
Allgatherv 970508 970511 -2 0 1 2 4
Allreduce 970529 970531 -2 0 1 2 4
Allgatherv 970570 970573 -2 0 1 2 4
Allreduce 970590 970593 -2 0 1 2 4
Allgatherv 970631 970635 -2 0 1 2 4
Allreduce 970652 970654 -2 0 1 2 4
Allgatherv 970693 970696 -2 0 1 2 4
Allreduce 970713 970715 -2 0 1 2 4
Allgatherv 970756 970759 -2 0 1 2 4
Allreduce 970776 970778 -2 0 1 2 4
Allgatherv 970817 970820 -2 0 1 2 4
Allreduce 970837 970839 -2 0 1 2 4
Allgatherv 970878 970881 -2 0 1 2 4
Allreduce 970900 970902 -2 0 1 2 4
Allgatherv 970941 970944 -2 0 1 2 4
Allreduce 970961 970963 -2 0 1 2 4
Allgatherv 971003 971006 -2 0 1 2 4
Allreduce 971023 971025 -2 0 1 2 4
Allgatherv 971064 971067 -2 0 1 2 4
Allreduce 971085 971097 -2 0 1 2 4
Allgatherv 971137 971142 -2 0 1 2 4
Allreduce 971158 971163 -2 0 1 2 4
Allgatherv 971202 971207 -2 0 1 2 4
Allreduce 971224 971249 -2 0 1 2 4
Allgatherv 971290 971304 -2 0 1 2 4
Allreduce 971322 971326 -2 0 1 2 4
Allgatherv 971365 971370 -2 0 1 2 4
Allreduce 971387 971389 -2 0 1 2 4
Allgatherv 971428 971432 -2 0 1 2 4
Allreduce 971448 971451 -2 0 1 2 4
Allgatherv 971490 971494 -2 0 1 2 4
Allreduce 971512 971514 -2 0 1 2 4
Allgatherv 971553 971557 -2 0 1 2 4
Allreduce 971574 971577 -2 0 1 2 4
Allgatherv 971616 971619 -2 0 1 2 4
Allreduce 971636 971638 -2 0 1 2 4
Allgatherv 971678 971683 -2 0 1 2 4
Allreduce 971701 971703 -2 0 1 2 4
Allgatherv 971742 971746 -2 0 1 2 4
Allreduce 971762 971765 -2 0 1 2 4
Allgatherv 971804 971807 -2 0 1 2 4
Allreduce 971824 971827 -2 0 1 2 4
Allgatherv 971866 971870 -2 0 1 2 4
Allreduce 971888 971890 -2 0 1 2 4
Allgatherv 971929 971933 -2 0 1 2 4
Allreduce 971949 971952 -2 0 1 2 4
Allgatherv 971991 971994 -2 0 1 2 4
Allreduce 972011 972013 -2 0 1 2 4
Allgatherv 972052 972056 -2 0 1 2 4
Allreduce 972074 972076 -2 0 1 2 4
Allgatherv 972115 972119 -2 0 1 2 4
Allreduce 972135 972137 -2 0 1 2 4
Allgatherv 972177 972180 -2 0 1 2 4
Allreduce 972197 972199 -2 0 1 2 4
Allgatherv 972238 972245 -2 0 1 2 4
Allreduce 972262 972264 -2 0 1 2 4
Allgatherv 972305 972309 -2 0 1 2 4
Allreduce 972326 972328 -2 0 1 2 4
Allgatherv 972367 972371 -2 0 1 2 4
Allreduce 972388 972390 -2 0 1 2 4
Allgatherv 972429 972432 -2 0 1 2 4
Allreduce 972450 972453 -2 0 1 2 4
Allgatherv 972492 972495 -2 0 1 2 4
Allreduce 972512 972514 -2 0 1 2 4
Allgatherv 972553 972557 -2 0 1 2 4
Allreduce 972574 972576 -2 0 1 2 4
Allgatherv 972615 972618 -2 0 1 2 4
Allreduce 972636 972638 -2 0 1 2 4
Allgatherv 972678 972681 -2 0 1 2 4
Allreduce 972697 972700 -2 0 1 2 4
Allgatherv 972739 972742 -2 0 1 2 4
Allreduce 972759 972764 -2 0 1 2 4
Allgatherv 972803 972806 -2 0 1 2 4
Allreduce 972823 972825 -2 0 1 2 4
Allgatherv 972865 972868 -2 0 1 2 4
Allreduce 972885 972887 -2 0 1 2 4
Allgatherv 972926 972929 -2 0 1 2 4
Allreduce 972946 972948 -2 0 1 2 4
Allgatherv 972989 972992 -2 0 1 2 4
Allreduce 973009 973011 -2 0 1 2 4
Allgatherv 973050 973054 -2 0 1 2 4
Allreduce 973070 973073 -2 0 1 2 4
Allgatherv 973112 973115 -2 0 1 2 4
Allreduce 973132 973134 -2 0 1 2 4
Allgatherv 973174 973178 -2 0 1 2 4
Allreduce 973194 973197 -2 0 1 2 4
Allgatherv 973250 973254 -2 0 1 2 4
Allreduce 973271 973276 -2 0 1 2 4
Allgatherv 973319 973418 -2 0 1 2 4
Allreduce 973439 973451 -2 0 1 2 4
Allgatherv 973496 973516 -2 0 1 2 4
Allreduce 973533 973545 -2 0 1 2 4
Allgatherv 973589 973599 -2 0 1 2 4
Allreduce 973618 973635 -2 0 1 2 4
Allgatherv 973679 973698 -2 0 1 2 4
Allreduce 973715 973732 -2 0 1 2 4
Allgatherv 973778 973797 -2 0 1 2 4
Allreduce 973816 973833 -2 0 1 2 4
Allgatherv 973877 973890 -2 0 1 2 4
Allreduce 973909 973922 -2 0 1 2 4
Allgatherv 973963 973974 -2 0 1 2 4
Allreduce 973992 974007 -2 0 1 2 4
Allgatherv 974050 974059 -2 0 1 2 4
Allreduce 974077 974119 -2 0 1 2 4
Allgatherv 974162 974212 -2 0 1 2 4
Allreduce 974235 974243 -2 0 1 2 4
Allgatherv 974283 974307 -2 0 1 2 4
Allreduce 974328 974339 -2 0 1 2 4
Allgatherv 974372 974393 -2 0 1 2 4
Allreduce 974405 974426 -2 0 1 2 4
Allgatherv 974448 974477 -2 0 1 2 4
Allreduce 974487 974508 -2 0 1 2 4
Allgatherv 974531 974559 -2 0 1 2 4
Allreduce 974568 974588 -2 0 1 2 4
Allgatherv 974611 974647 -2 0 1 2 4
Allreduce 974656 974675 -2 0 1 2 4
Allgatherv 974698 974720 -2 0 1 2 4
Allreduce 974729 974740 -2 0 1 2 4
Allgatherv 974763 974784 -2 0 1 2 4
Allreduce 974794 974805 -2 0 1 2 4
Allgatherv 974827 974848 -2 0 1 2 4
Allreduce 974858 974869 -2 0 1 2 4
Allgatherv 974891 974913 -2 0 1 2 4
Allreduce 974922 974935 -2 0 1 2 4
Allgatherv 974957 974979 -2 0 1 2 4
Allreduce 974988 974999 -2 0 1 2 4
Allgatherv 975021 975043 -2 0 1 2 4
Allreduce 975052 975065 -2 0 1 2 4
Allgatherv 975087 975109 -2 0 1 2 4
Allreduce 975118 975130 -2 0 1 2 4
Allgatherv 975152 975173 -2 0 1 2 4
Allreduce 975182 975194 -2 0 1 2 4
Allgatherv 975216 975238 -2 0 1 2 4
Allreduce 975247 975258 -2 0 1 2 4
Allgatherv 975297 975308 -2 0 1 2 4
Allreduce 975321 975331 -2 0 1 2 4
Allgatherv 975370 975379 -2 0 1 2 4
Allreduce 975394 975400 -2 0 1 2 4
Allgatherv 975423 975445 -2 0 1 2 4
Allreduce 975455 975465 -2 0 1 2 4
Allgatherv 975488 975510 -2 0 1 2 4
Allreduce 975521 975532 -2 0 1 2 4
Allgatherv 975554 975578 -2 0 1 2 4
Allreduce 975588 975598 -2 0 1 2 4
Allgatherv 975621 975642 -2 0 1 2 4
Allreduce 975652 975663 -2 0 1 2 4
Allgatherv 975686 975708 -2 0 1 2 4
Allreduce 975718 975728 -2 0 1 2 4
Allgatherv 975751 975772 -2 0 1 2 4
Allreduce 975782 975793 -2 0 1 2 4
Allgatherv 975816 975837 -2 0 1 2 4
Allreduce 975847 975857 -2 0 1 2 4
Allgatherv 975880 975901 -2 0 1 2 4
Allreduce 975911 975921 -2 0 1 2 4
Allgatherv 975944 975964 -2 0 1 2 4
Allreduce 975976 975985 -2 0 1 2 4
Allgatherv 976008 976028 -2 0 1 2 4
Allreduce 976038 976049 -2 0 1 2 4
Allgatherv 976071 976094 -2 0 1 2 4
Allreduce 976104 976114 -2 0 1 2 4
Allgatherv 976138 976161 -2 0 1 2 4
Allreduce 976171 976183 -2 0 1 2 4
Allgatherv 976206 976228 -2 0 1 2 4
Allreduce 976252 976261 -2 0 1 2 4
Allgatherv 976285 976306 -2 0 1 2 4
Allreduce 976316 976327 -2 0 1 2 4
Allgatherv 976351 976374 -2 0 1 2 4
Allreduce 976385 976396 -2 0 1 2 4
Allgatherv 976420 976441 -2 0 1 2 4
Allreduce 976451 976462 -2 0 1 2 4
Allgatherv 976486 976507 -2 0 1 2 4
Allreduce 976517 976528 -2 0 1 2 4
Allgatherv 976553 976574 -2 0 1 2 4
Allreduce 976585 976595 -2 0 1 2 4
Allgatherv 976619 976641 -2 0 1 2 4
Allreduce 976651 976663 -2 0 1 2 4
Allgatherv 976687 976708 -2 0 1 2 4
Allreduce 976718 976730 -2 0 1 2 4
Allgatherv 976754 976777 -2 0 1 2 4
Allreduce 976787 976798 -2 0 1 2 4
Allgatherv 976821 976843 -2 0 1 2 4
Allreduce 976853 976864 -2 0 1 2 4
Allgatherv 976887 976908 -2 0 1 2 4
Allreduce 976919 976929 -2 0 1 2 4
Allgatherv 976953 976976 -2 0 1 2 4
Allreduce 976987 976997 -2 0 1 2 4
Allgatherv 977021 977041 -2 0 1 2 4
Allreduce 977051 977062 -2 0 1 2 4
Allgatherv 977086 977138 -2 0 1 2 4
Allreduce 977158 977161 -2 0 1 2 4
Allgatherv 977192 977205 -2 0 1 2 4
Allreduce 977216 977240 -2 0 1 2 4
Allgatherv 977264 977286 -2 0 1 2 4
Allreduce 977296 977310 -2 0 1 2 4
Allgatherv 977333 977359 -2 0 1 2 4
Allreduce 977370 977383 -2 0 1 2 4
Allgatherv 977406 977428 -2 0 1 2 4
Allreduce 977438 977450 -2 0 1 2 4
Allgatherv 977474 977496 -2 0 1 2 4
Allreduce 977506 977518 -2 0 1 2 4
Allgatherv 977542 977564 -2 0 1 2 4
Allreduce 977573 977586 -2 0 1 2 4
Allgatherv 977609 977634 -2 0 1 2 4
Allreduce 977644 977655 -2 0 1 2 4
Allgatherv 977679 977703 -2 0 1 2 4
Allreduce 977712 977723 -2 0 1 2 4
Allgatherv 977747 977770 -2 0 1 2 4
Allreduce 977779 977791 -2 0 1 2 4
Allgatherv 977817 977838 -2 0 1 2 4
Allreduce 977847 977859 -2 0 1 2 4
Allgatherv 977883 977907 -2 0 1 2 4
Allreduce 977916 977929 -2 0 1 2 4
Allgatherv 977953 977977 -2 0 1 2 4
Allreduce 977987 978000 -2 0 1 2 4
Allgatherv 978024 978046 -2 0 1 2 4
Allreduce 978056 978068 -2 0 1 2 4
Allgatherv 978092 978115 -2 0 1 2 4
Allreduce 978125 978136 -2 0 1 2 4
Allgatherv 978159 978182 -2 0 1 2 4
Allreduce 978192 978204 -2 0 1 2 4
Allgatherv 978242 978266 -2 0 1 2 4
Allreduce 978275 978286 -2 0 1 2 4
Allgatherv 978309 978332 -2 0 1 2 4
Allreduce 978341 978355 -2 0 1 2 4
Allgatherv 978378 978400 -2 0 1 2 4
Allreduce 978410 978421 -2 0 1 2 4
Allgatherv 978444 978467 -2 0 1 2 4
Allreduce 978477 978489 -2 0 1 2 4
Allgatherv 978512 978534 -2 0 1 2 4
Allreduce 978543 978557 -2 0 1 2 4
Allgatherv 978580 978605 -2 0 1 2 4
Allreduce 978614 978625 -2 0 1 2 4
Allgatherv 978648 978670 -2 0 1 2 4
Allreduce 978679 978691 -2 0 1 2 4
Allgatherv 978713 978735 -2 0 1 2 4
Allreduce 978744 978756 -2 0 1 2 4
Allgatherv 978779 978801 -2 0 1 2 4
Allreduce 978810 978823 -2 0 1 2 4
Allgatherv 978845 978868 -2 0 1 2 4
Allreduce 978877 978889 -2 0 1 2 4
Allgatherv 978912 978935 -2 0 1 2 4
Allreduce 978944 978956 -2 0 1 2 4
Allgatherv 978979 979000 -2 0 1 2 4
Allreduce 979011 979021 -2 0 1 2 4
Allgatherv 979044 979268 -2 0 1 2 4
Allreduce 979297 979302 -2 0 1 2 4
Allgatherv 979351 979358 -2 0 1 2 4
Allreduce 979377 979380 -2 0 1 2 4
Allgatherv 979423 979427 -2 0 1 2 4
Allreduce 979446 979461 -2 0 1 2 4
Allgatherv 979504 979508 -2 0 1 2 4
Allreduce 979527 979581 -2 0 1 2 4
Allgatherv 979624 979628 -2 0 1 2 4
Allreduce 979647 979650 -2 0 1 2 4
Allgatherv 979718 979769 -2 0 1 2 4
Allreduce 979793 979801 -2 0 1 2 4
Allgatherv 979845 979851 -2 0 1 2 4
Allreduce 979870 979877 -2 0 1 2 4
Allgatherv 979947 979978 -2 0 1 2 4
Allreduce 979999 980009 -2 0 1 2 4
Allgatherv 980052 980056 -2 0 1 2 4
Allreduce 980076 980079 -2 0 1 2 4
Allgatherv 980122 980131 -2 0 1 2 4
Allreduce 980154 980160 -2 0 1 2 4
Allgatherv 980207 980216 -2 0 1 2 4
Allreduce 980239 980252 -2 0 1 2 4
Allgatherv 980300 980315 -2 0 1 2 4
Allreduce 980338 980359 -2 0 1 2 4
Allgatherv 980409 980419 -2 0 1 2 4
Allreduce 980450 980454 -2 0 1 2 4
Allgatherv 980503 980512 -2 0 1 2 4
Allreduce 980534 980540 -2 0 1 2 4
Allgatherv 980587 980594 -2 0 1 2 4
Allreduce 980621 980624 -2 0 1 2 4
Allgatherv 980671 980681 -2 0 1 2 4
Allreduce 984237 986562 -2 0 1 2 4
Allgatherv 986603 986622 -2 0 1 2 4
Allreduce 986634 986648 -2 0 1 2 4
Allgatherv 986672 986696 -2 0 1 2 4
Allreduce 986706 986718 -2 0 1 2 4
Allgatherv 986741 986765 -2 0 1 2 4
Allreduce 986775 986786 -2 0 1 2 4
Allgatherv 986809 986834 -2 0 1 2 4
Allreduce 986846 986856 -2 0 1 2 4
Allgatherv 986879 986905 -2 0 1 2 4
Allreduce 986915 986927 -2 0 1 2 4
Allgatherv 986951 986975 -2 0 1 2 4
Allreduce 986985 986997 -2 0 1 2 4
Allgatherv 987021 987045 -2 0 1 2 4
Allreduce 987054 987066 -2 0 1 2 4
Allgatherv 987089 987113 -2 0 1 2 4
Allreduce 987123 987135 -2 0 1 2 4
Allgatherv 987158 987181 -2 0 1 2 4
Allreduce 987191 987202 -2 0 1 2 4
Allgatherv 987226 987250 -2 0 1 2 4
Allreduce 987260 987272 -2 0 1 2 4
Allgatherv 987296 987319 -2 0 1 2 4
Allreduce 987328 987340 -2 0 1 2 4
Allgatherv 987364 987386 -2 0 1 2 4
Allreduce 987396 987408 -2 0 1 2 4
Allgatherv 987434 987456 -2 0 1 2 4
Allreduce 987466 987480 -2 0 1 2 4
Allgatherv 987504 987528 -2 0 1 2 4
Allreduce 987538 987550 -2 0 1 2 4
Allgatherv 987574 987596 -2 0 1 2 4
Allreduce 987605 987618 -2 0 1 2 4
Allgatherv 987642 987666 -2 0 1 2 4
Allreduce 987676 987687 -2 0 1 2 4
Allgatherv 987711 987733 -2 0 1 2 4
Allreduce 987742 987755 -2 0 1 2 4
Allgatherv 987778 987801 -2 0 1 2 4
Allreduce 987810 987822 -2 0 1 2 4
Barrier 990840 991557
Barrier 991579 991618
Barrier 1155446 1172618
Barrier 1172638 1172641
Finalize 1177778 1182259
