SYSTEM_START_US: 1775662103913707
Bcast 807649 807651 -1 0
Bcast 807680 807681 -1 0
Bcast 807701 807702 -1 0
Bcast 868907 868913 -1 0
Bcast 868933 868936 -1 0
Scatterv 868964 868986 -1 0
Scatterv 869001 871515 -1 0
Allgatherv 871549 872234 -2 0 2 3 4
Allgatherv 872284 872323 -2 0 2 3 4
Allreduce 872349 872434 -2 0 2 3 4
Allgatherv 872522 872548 -2 0 2 3 4
Allreduce 872571 872597 -2 0 2 3 4
Allgatherv 872643 872656 -2 0 2 3 4
Allreduce 872675 872683 -2 0 2 3 4
Allgatherv 872768 872774 -2 0 2 3 4
Allreduce 872792 872797 -2 0 2 3 4
Allgatherv 872841 872849 -2 0 2 3 4
Allreduce 872867 872879 -2 0 2 3 4
Allgatherv 872923 872927 -2 0 2 3 4
Allreduce 872945 872950 -2 0 2 3 4
Allgatherv 873034 873038 -2 0 2 3 4
Allreduce 873056 873064 -2 0 2 3 4
Allgatherv 873108 873112 -2 0 2 3 4
Allreduce 873132 873142 -2 0 2 3 4
Allgatherv 873187 873194 -2 0 2 3 4
Allreduce 873212 873218 -2 0 2 3 4
Allgatherv 873262 873273 -2 0 2 3 4
Allreduce 873291 873294 -2 0 2 3 4
Allgatherv 873337 873341 -2 0 2 3 4
Allreduce 873414 873422 -2 0 2 3 4
Allgatherv 873466 873480 -2 0 2 3 4
Allreduce 873499 873507 -2 0 2 3 4
Allgatherv 873550 873554 -2 0 2 3 4
Allreduce 873573 873583 -2 0 2 3 4
Allgatherv 873625 873629 -2 0 2 3 4
Allreduce 873647 873650 -2 0 2 3 4
Allgatherv 873707 873712 -2 0 2 3 4
Allreduce 873730 873734 -2 0 2 3 4
Allgatherv 873775 873779 -2 0 2 3 4
Allreduce 873795 873798 -2 0 2 3 4
Allgatherv 873839 873842 -2 0 2 3 4
Allreduce 873859 873862 -2 0 2 3 4
Allgatherv 873903 873914 -2 0 2 3 4
Allreduce 874008 874016 -2 0 2 3 4
Allgatherv 874056 874067 -2 0 2 3 4
Allreduce 874085 874088 -2 0 2 3 4
Allgatherv 874129 874136 -2 0 2 3 4
Allreduce 874156 874158 -2 0 2 3 4
Allgatherv 874213 874237 -2 0 2 3 4
Allreduce 874257 874267 -2 0 2 3 4
Allgatherv 874309 874316 -2 0 2 3 4
Allreduce 874333 874342 -2 0 2 3 4
Allgatherv 874385 874389 -2 0 2 3 4
Allreduce 874407 874410 -2 0 2 3 4
Allgatherv 874451 874455 -2 0 2 3 4
Allreduce 874472 874475 -2 0 2 3 4
Allgatherv 874516 874902 -2 0 2 3 4
Allreduce 874930 874943 -2 0 2 3 4
Allgatherv 874986 874997 -2 0 2 3 4
Allreduce 875015 875222 -2 0 2 3 4
Allgatherv 875262 875446 -2 0 2 3 4
Allreduce 875465 875500 -2 0 2 3 4
Allgatherv 875540 875556 -2 0 2 3 4
Allreduce 875574 875581 -2 0 2 3 4
Allgatherv 875801 875904 -2 0 2 3 4
Allreduce 875936 875962 -2 0 2 3 4
Allgatherv 876010 876045 -2 0 2 3 4
Allreduce 876081 876098 -2 0 2 3 4
Allgatherv 876147 876209 -2 0 2 3 4
Allreduce 876227 876327 -2 0 2 3 4
Allgatherv 876368 876383 -2 0 2 3 4
Allreduce 876400 876413 -2 0 2 3 4
Allgatherv 876453 876459 -2 0 2 3 4
Allreduce 876477 876481 -2 0 2 3 4
Allgatherv 876522 876529 -2 0 2 3 4
Allreduce 876546 876557 -2 0 2 3 4
Allgatherv 876597 876700 -2 0 2 3 4
Allreduce 876718 876732 -2 0 2 3 4
Allgatherv 876773 876856 -2 0 2 3 4
Allreduce 876897 876901 -2 0 2 3 4
Allgatherv 876971 877049 -2 0 2 3 4
Allreduce 877081 877087 -2 0 2 3 4
Allgatherv 877133 877150 -2 0 2 3 4
Allreduce 877181 877185 -2 0 2 3 4
Allgatherv 877223 877232 -2 0 2 3 4
Allreduce 877257 877262 -2 0 2 3 4
Allgatherv 877307 877314 -2 0 2 3 4
Allreduce 877359 877402 -2 0 2 3 4
Allgatherv 877458 877467 -2 0 2 3 4
Allreduce 877493 877500 -2 0 2 3 4
Allgatherv 877548 877569 -2 0 2 3 4
Allreduce 877598 877603 -2 0 2 3 4
Allgatherv 877652 877656 -2 0 2 3 4
Allreduce 877679 877684 -2 0 2 3 4
Allgatherv 877726 877732 -2 0 2 3 4
Allreduce 877960 877967 -2 0 2 3 4
Allgatherv 878008 878022 -2 0 2 3 4
Allreduce 878039 878051 -2 0 2 3 4
Allgatherv 878092 878096 -2 0 2 3 4
Allreduce 878114 878117 -2 0 2 3 4
Allgatherv 878157 878171 -2 0 2 3 4
Allreduce 878191 878195 -2 0 2 3 4
Allgatherv 878239 878270 -2 0 2 3 4
Allreduce 878296 878305 -2 0 2 3 4
Allgatherv 878356 878361 -2 0 2 3 4
Allreduce 878379 878382 -2 0 2 3 4
Allgatherv 878422 878428 -2 0 2 3 4
Allreduce 878448 878458 -2 0 2 3 4
Allgatherv 878500 878507 -2 0 2 3 4
Allreduce 878525 878531 -2 0 2 3 4
Allgatherv 878571 878581 -2 0 2 3 4
Allreduce 878604 878607 -2 0 2 3 4
Allgatherv 878648 878653 -2 0 2 3 4
Allreduce 878672 878675 -2 0 2 3 4
Allgatherv 878717 878746 -2 0 2 3 4
Allreduce 878767 878787 -2 0 2 3 4
Allgatherv 878828 878835 -2 0 2 3 4
Allreduce 878852 878861 -2 0 2 3 4
Allgatherv 878902 878907 -2 0 2 3 4
Allreduce 878924 878928 -2 0 2 3 4
Allgatherv 878968 878975 -2 0 2 3 4
Allreduce 878992 879009 -2 0 2 3 4
Allgatherv 879051 879066 -2 0 2 3 4
Allreduce 879083 879086 -2 0 2 3 4
Allgatherv 879129 879134 -2 0 2 3 4
Allreduce 879154 879157 -2 0 2 3 4
Allgatherv 879203 879216 -2 0 2 3 4
Allreduce 879234 879241 -2 0 2 3 4
Allgatherv 879283 879294 -2 0 2 3 4
Allreduce 879311 879372 -2 0 2 3 4
Allgatherv 879417 879451 -2 0 2 3 4
Allreduce 879465 879487 -2 0 2 3 4
Allgatherv 879511 879546 -2 0 2 3 4
Allreduce 879556 879581 -2 0 2 3 4
Allgatherv 879603 879629 -2 0 2 3 4
Allreduce 879638 879672 -2 0 2 3 4
Allgatherv 879694 879723 -2 0 2 3 4
Allreduce 879732 879752 -2 0 2 3 4
Allgatherv 879774 879802 -2 0 2 3 4
Allreduce 879811 879826 -2 0 2 3 4
Allgatherv 879847 879871 -2 0 2 3 4
Allreduce 879880 879900 -2 0 2 3 4
Allgatherv 880057 880230 -2 0 2 3 4
Allreduce 880241 880254 -2 0 2 3 4
Allgatherv 880276 880297 -2 0 2 3 4
Allreduce 880306 880316 -2 0 2 3 4
Allgatherv 880338 880359 -2 0 2 3 4
Allreduce 880367 880378 -2 0 2 3 4
Allgatherv 880399 880420 -2 0 2 3 4
Allreduce 880429 880439 -2 0 2 3 4
Allgatherv 880461 880481 -2 0 2 3 4
Allreduce 880490 880506 -2 0 2 3 4
Allgatherv 880528 880548 -2 0 2 3 4
Allreduce 880557 880614 -2 0 2 3 4
Allgatherv 880651 880676 -2 0 2 3 4
Allreduce 880715 880718 -2 0 2 3 4
Allgatherv 880758 880765 -2 0 2 3 4
Allreduce 880789 880794 -2 0 2 3 4
Allgatherv 880843 880862 -2 0 2 3 4
Allreduce 880896 880902 -2 0 2 3 4
Allgatherv 880953 880958 -2 0 2 3 4
Allreduce 880986 880991 -2 0 2 3 4
Allgatherv 881037 881042 -2 0 2 3 4
Allreduce 881068 881073 -2 0 2 3 4
Allgatherv 881115 881126 -2 0 2 3 4
Allreduce 881151 881159 -2 0 2 3 4
Allgatherv 881206 881212 -2 0 2 3 4
Allreduce 881234 881239 -2 0 2 3 4
Allgatherv 881284 881290 -2 0 2 3 4
Allreduce 881317 881321 -2 0 2 3 4
Allgatherv 881368 881374 -2 0 2 3 4
Allreduce 881401 881406 -2 0 2 3 4
Allgatherv 881456 881464 -2 0 2 3 4
Allreduce 881491 881495 -2 0 2 3 4
Allgatherv 881540 881550 -2 0 2 3 4
Allreduce 881579 881584 -2 0 2 3 4
Allgatherv 881636 881640 -2 0 2 3 4
Allreduce 881655 881661 -2 0 2 3 4
Allgatherv 881685 881719 -2 0 2 3 4
Allreduce 881729 881745 -2 0 2 3 4
Allgatherv 881769 881790 -2 0 2 3 4
Allreduce 881801 881811 -2 0 2 3 4
Allgatherv 881835 881856 -2 0 2 3 4
Allreduce 881866 881876 -2 0 2 3 4
Allgatherv 881900 881929 -2 0 2 3 4
Allreduce 881940 881953 -2 0 2 3 4
Allgatherv 881976 881998 -2 0 2 3 4
Allreduce 882008 882018 -2 0 2 3 4
Allgatherv 882041 882063 -2 0 2 3 4
Allreduce 882073 882083 -2 0 2 3 4
Allgatherv 882107 882131 -2 0 2 3 4
Allreduce 882141 882158 -2 0 2 3 4
Allgatherv 882182 882203 -2 0 2 3 4
Allreduce 882214 882233 -2 0 2 3 4
Allgatherv 882258 882277 -2 0 2 3 4
Allreduce 882287 882297 -2 0 2 3 4
Allgatherv 882321 882349 -2 0 2 3 4
Allreduce 882360 882370 -2 0 2 3 4
Allgatherv 882393 882415 -2 0 2 3 4
Allreduce 882425 882435 -2 0 2 3 4
Allgatherv 882459 882480 -2 0 2 3 4
Allreduce 882490 882500 -2 0 2 3 4
Allgatherv 882524 882545 -2 0 2 3 4
Allreduce 882556 882588 -2 0 2 3 4
Allgatherv 882631 882642 -2 0 2 3 4
Allreduce 882667 882671 -2 0 2 3 4
Allgatherv 882719 882725 -2 0 2 3 4
Allreduce 882763 882767 -2 0 2 3 4
Allgatherv 882818 882825 -2 0 2 3 4
Allreduce 882853 882858 -2 0 2 3 4
Allgatherv 882908 882924 -2 0 2 3 4
Allreduce 882955 882960 -2 0 2 3 4
Allgatherv 883640 883647 -2 0 2 3 4
Allreduce 883689 883693 -2 0 2 3 4
Allgatherv 883720 883740 -2 0 2 3 4
Allreduce 883752 883763 -2 0 2 3 4
Allgatherv 883787 883811 -2 0 2 3 4
Allreduce 883823 883834 -2 0 2 3 4
Allgatherv 883858 883880 -2 0 2 3 4
Allreduce 883891 883901 -2 0 2 3 4
Allgatherv 883925 883947 -2 0 2 3 4
Allreduce 883957 883969 -2 0 2 3 4
Allgatherv 883993 884019 -2 0 2 3 4
Allreduce 884030 884044 -2 0 2 3 4
Allgatherv 884068 884090 -2 0 2 3 4
Allreduce 884100 884117 -2 0 2 3 4
Allgatherv 884141 884165 -2 0 2 3 4
Allreduce 884176 884186 -2 0 2 3 4
Allgatherv 884210 884240 -2 0 2 3 4
Allreduce 884250 884260 -2 0 2 3 4
Allgatherv 884284 884306 -2 0 2 3 4
Allreduce 884317 884327 -2 0 2 3 4
Allgatherv 884351 884373 -2 0 2 3 4
Allreduce 884384 884396 -2 0 2 3 4
Allgatherv 884420 884443 -2 0 2 3 4
Allreduce 884455 884466 -2 0 2 3 4
Allgatherv 884490 884512 -2 0 2 3 4
Allreduce 884523 884533 -2 0 2 3 4
Allgatherv 884557 884606 -2 0 2 3 4
Allreduce 884632 884635 -2 0 2 3 4
Allgatherv 884675 884683 -2 0 2 3 4
Allreduce 884712 884718 -2 0 2 3 4
Allgatherv 884794 884799 -2 0 2 3 4
Allreduce 884826 884831 -2 0 2 3 4
Allgatherv 884891 884898 -2 0 2 3 4
Allreduce 884929 884935 -2 0 2 3 4
Allgatherv 884988 884994 -2 0 2 3 4
Allreduce 885023 885028 -2 0 2 3 4
Allgatherv 885074 885080 -2 0 2 3 4
Allreduce 885104 885108 -2 0 2 3 4
Allgatherv 885161 885168 -2 0 2 3 4
Allreduce 885198 885204 -2 0 2 3 4
Allgatherv 885253 885260 -2 0 2 3 4
Allreduce 885289 885294 -2 0 2 3 4
Allgatherv 885345 885351 -2 0 2 3 4
Allreduce 885382 885387 -2 0 2 3 4
Allgatherv 885438 885444 -2 0 2 3 4
Allreduce 885472 885478 -2 0 2 3 4
Allgatherv 885528 885533 -2 0 2 3 4
Allreduce 885560 885571 -2 0 2 3 4
Allgatherv 885628 885635 -2 0 2 3 4
Allreduce 885660 885664 -2 0 2 3 4
Allgatherv 885691 885712 -2 0 2 3 4
Allreduce 885723 885746 -2 0 2 3 4
Allgatherv 885771 885792 -2 0 2 3 4
Allreduce 885803 885813 -2 0 2 3 4
Allgatherv 885837 885859 -2 0 2 3 4
Allreduce 885869 885881 -2 0 2 3 4
Allgatherv 885907 885927 -2 0 2 3 4
Allreduce 885938 885950 -2 0 2 3 4
Allgatherv 885974 885997 -2 0 2 3 4
Allreduce 886008 886018 -2 0 2 3 4
Allgatherv 886042 886064 -2 0 2 3 4
Allreduce 886075 886085 -2 0 2 3 4
Allgatherv 886110 886133 -2 0 2 3 4
Allreduce 886145 886156 -2 0 2 3 4
Allgatherv 886180 886202 -2 0 2 3 4
Allreduce 886213 886223 -2 0 2 3 4
Allgatherv 886247 886269 -2 0 2 3 4
Allreduce 886279 886290 -2 0 2 3 4
Allgatherv 886314 886336 -2 0 2 3 4
Allreduce 886346 886357 -2 0 2 3 4
Allgatherv 886381 886402 -2 0 2 3 4
Allreduce 886413 886423 -2 0 2 3 4
Allgatherv 886447 886469 -2 0 2 3 4
Allreduce 886479 886491 -2 0 2 3 4
Allgatherv 886516 886537 -2 0 2 3 4
Allreduce 886548 886560 -2 0 2 3 4
Allgatherv 886584 886626 -2 0 2 3 4
Allreduce 886655 886663 -2 0 2 3 4
Allgatherv 886715 886722 -2 0 2 3 4
Allreduce 886760 886764 -2 0 2 3 4
Allgatherv 886817 886824 -2 0 2 3 4
Allreduce 886853 886859 -2 0 2 3 4
Allgatherv 886909 886915 -2 0 2 3 4
Allreduce 886943 886949 -2 0 2 3 4
Allgatherv 887000 887006 -2 0 2 3 4
Allreduce 887030 887034 -2 0 2 3 4
Allgatherv 887079 887085 -2 0 2 3 4
Allreduce 887113 887118 -2 0 2 3 4
Allgatherv 887170 887176 -2 0 2 3 4
Allreduce 887205 887210 -2 0 2 3 4
Allgatherv 887262 887268 -2 0 2 3 4
Allreduce 887297 887303 -2 0 2 3 4
Allgatherv 887353 887359 -2 0 2 3 4
Allreduce 887387 887392 -2 0 2 3 4
Allgatherv 887444 887450 -2 0 2 3 4
Allreduce 887477 887482 -2 0 2 3 4
Allgatherv 887530 887536 -2 0 2 3 4
Allreduce 887566 887570 -2 0 2 3 4
Allgatherv 887598 887617 -2 0 2 3 4
Allreduce 887629 887638 -2 0 2 3 4
Allgatherv 887662 887684 -2 0 2 3 4
Allreduce 887694 887705 -2 0 2 3 4
Allgatherv 887729 887750 -2 0 2 3 4
Allreduce 887761 887771 -2 0 2 3 4
Allgatherv 887795 887817 -2 0 2 3 4
Allreduce 888161 888495 -2 0 2 3 4
Allgatherv 888530 888544 -2 0 2 3 4
Allreduce 888555 888584 -2 0 2 3 4
Allgatherv 888626 888633 -2 0 2 3 4
Allreduce 888670 888676 -2 0 2 3 4
Allgatherv 888723 888729 -2 0 2 3 4
Allreduce 888763 888768 -2 0 2 3 4
Allgatherv 888810 888814 -2 0 2 3 4
Allreduce 888828 888835 -2 0 2 3 4
Allgatherv 888860 888881 -2 0 2 3 4
Allreduce 888892 888902 -2 0 2 3 4
Allgatherv 888927 888948 -2 0 2 3 4
Allreduce 888959 888970 -2 0 2 3 4
Allgatherv 888994 889016 -2 0 2 3 4
Allreduce 889027 889039 -2 0 2 3 4
Allgatherv 889063 889085 -2 0 2 3 4
Allreduce 889095 889107 -2 0 2 3 4
Allgatherv 889134 889155 -2 0 2 3 4
Allreduce 889166 889177 -2 0 2 3 4
Allgatherv 889201 889224 -2 0 2 3 4
Allreduce 889235 889245 -2 0 2 3 4
Allgatherv 889269 889291 -2 0 2 3 4
Allreduce 889301 889312 -2 0 2 3 4
Allgatherv 889336 889357 -2 0 2 3 4
Allreduce 889368 889378 -2 0 2 3 4
Allgatherv 889402 889424 -2 0 2 3 4
Allreduce 889435 889445 -2 0 2 3 4
Allgatherv 889469 889491 -2 0 2 3 4
Allreduce 889502 889512 -2 0 2 3 4
Allgatherv 889538 889560 -2 0 2 3 4
Allreduce 889570 889581 -2 0 2 3 4
Allgatherv 889605 889626 -2 0 2 3 4
Allreduce 889637 889649 -2 0 2 3 4
Allgatherv 889673 889696 -2 0 2 3 4
Allreduce 889721 889731 -2 0 2 3 4
Allgatherv 889756 889778 -2 0 2 3 4
Allreduce 889789 889800 -2 0 2 3 4
Allgatherv 889825 889849 -2 0 2 3 4
Allreduce 889860 889870 -2 0 2 3 4
Allgatherv 889895 889917 -2 0 2 3 4
Allreduce 889928 889939 -2 0 2 3 4
Allgatherv 889964 889986 -2 0 2 3 4
Allreduce 889997 890008 -2 0 2 3 4
Allgatherv 890033 890055 -2 0 2 3 4
Allreduce 890066 890077 -2 0 2 3 4
Allgatherv 890102 890124 -2 0 2 3 4
Allreduce 890205 890224 -2 0 2 3 4
Allgatherv 890273 890293 -2 0 2 3 4
Allreduce 890313 890324 -2 0 2 3 4
Allgatherv 890368 890374 -2 0 2 3 4
Allreduce 890394 890399 -2 0 2 3 4
Allgatherv 890445 890477 -2 0 2 3 4
Allreduce 890496 890503 -2 0 2 3 4
Allgatherv 890529 890552 -2 0 2 3 4
Allreduce 890563 890576 -2 0 2 3 4
Allgatherv 890601 890653 -2 0 2 3 4
Allreduce 890683 890706 -2 0 2 3 4
Allgatherv 890757 890776 -2 0 2 3 4
Allreduce 890802 890828 -2 0 2 3 4
Allgatherv 890872 890892 -2 0 2 3 4
Allreduce 890912 890930 -2 0 2 3 4
Allgatherv 890981 891008 -2 0 2 3 4
Allreduce 891029 891039 -2 0 2 3 4
Allgatherv 891084 891091 -2 0 2 3 4
Allreduce 891114 891119 -2 0 2 3 4
Allgatherv 891185 891192 -2 0 2 3 4
Allreduce 891215 891226 -2 0 2 3 4
Allgatherv 891286 891440 -2 0 2 3 4
Allreduce 891470 891474 -2 0 2 3 4
Allgatherv 891523 891908 -2 0 2 3 4
Allreduce 891932 891960 -2 0 2 3 4
Allgatherv 892003 892028 -2 0 2 3 4
Allreduce 892057 892063 -2 0 2 3 4
Allgatherv 892105 892238 -2 0 2 3 4
Allreduce 892264 892278 -2 0 2 3 4
Allgatherv 892320 892336 -2 0 2 3 4
Allreduce 892359 892372 -2 0 2 3 4
Allgatherv 892420 892449 -2 0 2 3 4
Allreduce 892474 892487 -2 0 2 3 4
Allgatherv 892539 892551 -2 0 2 3 4
Allreduce 892831 892846 -2 0 2 3 4
Allgatherv 892919 893023 -2 0 2 3 4
Allreduce 893051 893123 -2 0 2 3 4
Allgatherv 893203 893374 -2 0 2 3 4
Allreduce 893416 893423 -2 0 2 3 4
Allgatherv 893470 893505 -2 0 2 3 4
Allreduce 893519 893541 -2 0 2 3 4
Allgatherv 893565 893597 -2 0 2 3 4
Allreduce 893609 893628 -2 0 2 3 4
Allgatherv 893652 893681 -2 0 2 3 4
Allreduce 893692 893713 -2 0 2 3 4
Allgatherv 893737 893772 -2 0 2 3 4
Allreduce 893792 893798 -2 0 2 3 4
Allgatherv 893838 893848 -2 0 2 3 4
Allreduce 893867 893879 -2 0 2 3 4
Allgatherv 893917 893926 -2 0 2 3 4
Allreduce 893943 893957 -2 0 2 3 4
Allgatherv 893992 894012 -2 0 2 3 4
Allreduce 894061 894089 -2 0 2 3 4
Allgatherv 894131 894145 -2 0 2 3 4
Allreduce 894163 894166 -2 0 2 3 4
Allgatherv 894207 894210 -2 0 2 3 4
Allreduce 894228 894232 -2 0 2 3 4
Allgatherv 894275 894280 -2 0 2 3 4
Allreduce 894298 894302 -2 0 2 3 4
Allgatherv 894343 894346 -2 0 2 3 4
Allreduce 894364 894368 -2 0 2 3 4
Allgatherv 894461 894466 -2 0 2 3 4
Allreduce 894483 894497 -2 0 2 3 4
Allgatherv 894520 894543 -2 0 2 3 4
Allreduce 894552 894563 -2 0 2 3 4
Allgatherv 894589 894608 -2 0 2 3 4
Allreduce 894626 894720 -2 0 2 3 4
Allgatherv 894753 894775 -2 0 2 3 4
Allreduce 894805 894809 -2 0 2 3 4
Allgatherv 894864 894874 -2 0 2 3 4
Allreduce 894913 894922 -2 0 2 3 4
Allgatherv 894984 895031 -2 0 2 3 4
Allreduce 895054 895062 -2 0 2 3 4
Allgatherv 895098 895117 -2 0 2 3 4
Allreduce 895128 895144 -2 0 2 3 4
Allgatherv 895167 895193 -2 0 2 3 4
Allreduce 895204 895228 -2 0 2 3 4
Allgatherv 895253 895285 -2 0 2 3 4
Allreduce 895295 895314 -2 0 2 3 4
Allgatherv 895337 895364 -2 0 2 3 4
Allreduce 895382 895410 -2 0 2 3 4
Allgatherv 895440 895480 -2 0 2 3 4
Allreduce 895498 895519 -2 0 2 3 4
Allgatherv 895553 895570 -2 0 2 3 4
Allreduce 895582 895601 -2 0 2 3 4
Allgatherv 895637 895683 -2 0 2 3 4
Allreduce 895699 895701 -2 0 2 3 4
Allgatherv 895725 895748 -2 0 2 3 4
Allreduce 895757 895775 -2 0 2 3 4
Allgatherv 895798 895823 -2 0 2 3 4
Allreduce 895833 895852 -2 0 2 3 4
Allgatherv 895876 895899 -2 0 2 3 4
Allreduce 895908 895919 -2 0 2 3 4
Allgatherv 895942 895963 -2 0 2 3 4
Allreduce 895973 895983 -2 0 2 3 4
Allgatherv 896005 896026 -2 0 2 3 4
Allreduce 896037 896047 -2 0 2 3 4
Allgatherv 896070 896092 -2 0 2 3 4
Allreduce 896101 896111 -2 0 2 3 4
Allgatherv 896134 896155 -2 0 2 3 4
Allreduce 896164 896174 -2 0 2 3 4
Allgatherv 896197 896218 -2 0 2 3 4
Allreduce 896227 896237 -2 0 2 3 4
Allgatherv 896267 896288 -2 0 2 3 4
Allreduce 896297 896307 -2 0 2 3 4
Allgatherv 896330 896351 -2 0 2 3 4
Allreduce 896361 896372 -2 0 2 3 4
Allgatherv 896426 896429 -2 0 2 3 4
Allreduce 896440 896452 -2 0 2 3 4
Allgatherv 896474 896496 -2 0 2 3 4
Allreduce 896505 896515 -2 0 2 3 4
Allgatherv 896537 896559 -2 0 2 3 4
Allreduce 897713 897799 -2 0 2 3 4
Allgatherv 897842 897853 -2 0 2 3 4
Allreduce 897871 897885 -2 0 2 3 4
Allgatherv 897927 897932 -2 0 2 3 4
Allreduce 897952 897955 -2 0 2 3 4
Allgatherv 897997 898001 -2 0 2 3 4
Allreduce 898019 898023 -2 0 2 3 4
Allgatherv 898065 898068 -2 0 2 3 4
Allreduce 898086 898089 -2 0 2 3 4
Allgatherv 898131 898134 -2 0 2 3 4
Allreduce 898152 898155 -2 0 2 3 4
Allgatherv 898197 898200 -2 0 2 3 4
Allreduce 898218 898221 -2 0 2 3 4
Allgatherv 898267 898271 -2 0 2 3 4
Allreduce 898290 898293 -2 0 2 3 4
Allgatherv 898334 898338 -2 0 2 3 4
Allreduce 898356 898360 -2 0 2 3 4
Allgatherv 898402 898405 -2 0 2 3 4
Allreduce 898423 898427 -2 0 2 3 4
Allgatherv 898468 898472 -2 0 2 3 4
Allreduce 898490 898493 -2 0 2 3 4
Allgatherv 898534 898538 -2 0 2 3 4
Allreduce 898557 898588 -2 0 2 3 4
Allgatherv 898633 898637 -2 0 2 3 4
Allreduce 898656 898660 -2 0 2 3 4
Allgatherv 898701 898719 -2 0 2 3 4
Allreduce 898738 898755 -2 0 2 3 4
Allgatherv 898799 898824 -2 0 2 3 4
Allreduce 898843 898869 -2 0 2 3 4
Allgatherv 898912 898922 -2 0 2 3 4
Allreduce 898941 898956 -2 0 2 3 4
Allgatherv 898999 899012 -2 0 2 3 4
Allreduce 899031 899044 -2 0 2 3 4
Allgatherv 899087 899093 -2 0 2 3 4
Allreduce 899112 899125 -2 0 2 3 4
Allgatherv 899168 899177 -2 0 2 3 4
Allreduce 899195 899206 -2 0 2 3 4
Allgatherv 899252 899266 -2 0 2 3 4
Allreduce 899284 899298 -2 0 2 3 4
Allgatherv 899343 899352 -2 0 2 3 4
Allreduce 899370 899390 -2 0 2 3 4
Allgatherv 899434 899447 -2 0 2 3 4
Allreduce 899465 899476 -2 0 2 3 4
Allgatherv 899520 899528 -2 0 2 3 4
Allreduce 899546 899562 -2 0 2 3 4
Allgatherv 899605 899620 -2 0 2 3 4
Allreduce 899638 899642 -2 0 2 3 4
Allgatherv 899685 899689 -2 0 2 3 4
Allreduce 899709 899712 -2 0 2 3 4
Allgatherv 899755 899758 -2 0 2 3 4
Allreduce 899777 899780 -2 0 2 3 4
Allgatherv 899823 899827 -2 0 2 3 4
Allreduce 899845 899848 -2 0 2 3 4
Allgatherv 899891 899895 -2 0 2 3 4
Allreduce 899914 899917 -2 0 2 3 4
Allgatherv 899960 899963 -2 0 2 3 4
Allreduce 899982 899985 -2 0 2 3 4
Allgatherv 900029 900033 -2 0 2 3 4
Allreduce 900052 900055 -2 0 2 3 4
Allgatherv 900098 900102 -2 0 2 3 4
Allreduce 900120 900123 -2 0 2 3 4
Allgatherv 900166 900170 -2 0 2 3 4
Allreduce 900189 900192 -2 0 2 3 4
Allgatherv 900237 900241 -2 0 2 3 4
Allreduce 900262 900265 -2 0 2 3 4
Allgatherv 900308 900312 -2 0 2 3 4
Allreduce 900330 900334 -2 0 2 3 4
Allgatherv 900377 900380 -2 0 2 3 4
Allreduce 900399 900402 -2 0 2 3 4
Allgatherv 900445 900449 -2 0 2 3 4
Allreduce 900468 900471 -2 0 2 3 4
Allgatherv 900513 900517 -2 0 2 3 4
Allreduce 900536 900539 -2 0 2 3 4
Allgatherv 900598 900603 -2 0 2 3 4
Allreduce 900622 900633 -2 0 2 3 4
Allgatherv 900678 900688 -2 0 2 3 4
Allreduce 900707 900726 -2 0 2 3 4
Allgatherv 900769 900792 -2 0 2 3 4
Allreduce 900811 900831 -2 0 2 3 4
Allgatherv 900874 900886 -2 0 2 3 4
Allreduce 900905 900920 -2 0 2 3 4
Allgatherv 900964 900978 -2 0 2 3 4
Allreduce 900997 901010 -2 0 2 3 4
Allgatherv 901053 901060 -2 0 2 3 4
Allreduce 901078 901090 -2 0 2 3 4
Allgatherv 901134 901144 -2 0 2 3 4
Allreduce 901164 901174 -2 0 2 3 4
Allgatherv 901217 901228 -2 0 2 3 4
Allreduce 901253 901284 -2 0 2 3 4
Allgatherv 901328 901345 -2 0 2 3 4
Allreduce 901364 901379 -2 0 2 3 4
Allgatherv 901422 901436 -2 0 2 3 4
Allreduce 901456 901468 -2 0 2 3 4
Allgatherv 901511 901520 -2 0 2 3 4
Allreduce 901539 901553 -2 0 2 3 4
Allgatherv 901596 901611 -2 0 2 3 4
Allreduce 901630 901633 -2 0 2 3 4
Allgatherv 901690 901694 -2 0 2 3 4
Allreduce 901714 901717 -2 0 2 3 4
Allgatherv 901761 901765 -2 0 2 3 4
Allreduce 901784 901787 -2 0 2 3 4
Allgatherv 901831 901835 -2 0 2 3 4
Allreduce 901854 901856 -2 0 2 3 4
Allgatherv 901901 901906 -2 0 2 3 4
Allreduce 901925 901928 -2 0 2 3 4
Allgatherv 901972 901976 -2 0 2 3 4
Allreduce 901995 901999 -2 0 2 3 4
Allgatherv 902043 902046 -2 0 2 3 4
Allreduce 902065 902068 -2 0 2 3 4
Allgatherv 902112 902116 -2 0 2 3 4
Allreduce 902136 902139 -2 0 2 3 4
Allgatherv 902184 902187 -2 0 2 3 4
Allreduce 902206 902210 -2 0 2 3 4
Allgatherv 902254 902258 -2 0 2 3 4
Allreduce 902276 902280 -2 0 2 3 4
Allgatherv 902324 902327 -2 0 2 3 4
Allreduce 902351 902354 -2 0 2 3 4
Allgatherv 902398 902402 -2 0 2 3 4
Allreduce 902421 902424 -2 0 2 3 4
Allgatherv 902468 902471 -2 0 2 3 4
Allreduce 902490 902494 -2 0 2 3 4
Allgatherv 902539 902542 -2 0 2 3 4
Allreduce 902579 902584 -2 0 2 3 4
Allgatherv 902630 902643 -2 0 2 3 4
Allreduce 902664 902667 -2 0 2 3 4
Allgatherv 902712 902716 -2 0 2 3 4
Allreduce 902735 902738 -2 0 2 3 4
Allgatherv 902782 902786 -2 0 2 3 4
Allreduce 902807 902810 -2 0 2 3 4
Allgatherv 902854 902858 -2 0 2 3 4
Allreduce 902877 902880 -2 0 2 3 4
Allgatherv 902924 902928 -2 0 2 3 4
Allreduce 902947 902952 -2 0 2 3 4
Allgatherv 902996 903000 -2 0 2 3 4
Allreduce 903019 903022 -2 0 2 3 4
Allgatherv 903065 903069 -2 0 2 3 4
Allreduce 903088 903091 -2 0 2 3 4
Allgatherv 903135 903139 -2 0 2 3 4
Allreduce 903158 903162 -2 0 2 3 4
Allgatherv 903207 903211 -2 0 2 3 4
Allreduce 903230 903233 -2 0 2 3 4
Allgatherv 903277 903283 -2 0 2 3 4
Allreduce 903302 903305 -2 0 2 3 4
Allgatherv 903352 903355 -2 0 2 3 4
Allreduce 903374 903377 -2 0 2 3 4
Allgatherv 903423 903428 -2 0 2 3 4
Allreduce 903447 903450 -2 0 2 3 4
Allgatherv 903494 903498 -2 0 2 3 4
Allreduce 903518 903521 -2 0 2 3 4
Allgatherv 903565 903568 -2 0 2 3 4
Allreduce 903589 903592 -2 0 2 3 4
Allgatherv 903636 903640 -2 0 2 3 4
Allreduce 903659 903662 -2 0 2 3 4
Allgatherv 903706 903709 -2 0 2 3 4
Allreduce 903728 903731 -2 0 2 3 4
Allgatherv 903776 903781 -2 0 2 3 4
Allreduce 903800 903803 -2 0 2 3 4
Allgatherv 903847 903851 -2 0 2 3 4
Allreduce 903870 903873 -2 0 2 3 4
Allgatherv 903918 903923 -2 0 2 3 4
Allreduce 903942 903945 -2 0 2 3 4
Allgatherv 903989 903993 -2 0 2 3 4
Allreduce 904011 904014 -2 0 2 3 4
Allgatherv 904060 904064 -2 0 2 3 4
Allreduce 904083 904086 -2 0 2 3 4
Allgatherv 904130 904134 -2 0 2 3 4
Allreduce 904154 904157 -2 0 2 3 4
Allgatherv 904202 904206 -2 0 2 3 4
Allreduce 904225 904232 -2 0 2 3 4
Allgatherv 904277 904284 -2 0 2 3 4
Allreduce 904303 904306 -2 0 2 3 4
Allgatherv 904359 904364 -2 0 2 3 4
Allreduce 904378 904387 -2 0 2 3 4
Allgatherv 904412 904435 -2 0 2 3 4
Allreduce 904445 904456 -2 0 2 3 4
Allgatherv 904480 904504 -2 0 2 3 4
Allreduce 904514 904527 -2 0 2 3 4
Allgatherv 904551 904576 -2 0 2 3 4
Allreduce 904586 904596 -2 0 2 3 4
Allgatherv 904645 904651 -2 0 2 3 4
Allreduce 904675 904692 -2 0 2 3 4
Allgatherv 904720 904763 -2 0 2 3 4
Allreduce 904797 904802 -2 0 2 3 4
Allgatherv 904832 904866 -2 0 2 3 4
Allreduce 904880 904903 -2 0 2 3 4
Allgatherv 904928 904962 -2 0 2 3 4
Allreduce 904972 904994 -2 0 2 3 4
Allgatherv 905019 905047 -2 0 2 3 4
Allreduce 905058 905076 -2 0 2 3 4
Allgatherv 905100 905132 -2 0 2 3 4
Allreduce 905142 905167 -2 0 2 3 4
Allgatherv 905191 905219 -2 0 2 3 4
Allreduce 905229 905254 -2 0 2 3 4
Allgatherv 905278 905311 -2 0 2 3 4
Allreduce 905394 905418 -2 0 2 3 4
Allgatherv 905466 905536 -2 0 2 3 4
Allreduce 905572 905578 -2 0 2 3 4
Allgatherv 905633 905638 -2 0 2 3 4
Allreduce 905652 905664 -2 0 2 3 4
Allgatherv 905690 905725 -2 0 2 3 4
Allreduce 905736 905748 -2 0 2 3 4
Allgatherv 905772 905794 -2 0 2 3 4
Allreduce 905806 905817 -2 0 2 3 4
Allgatherv 905841 905863 -2 0 2 3 4
Allreduce 905874 905885 -2 0 2 3 4
Allgatherv 905910 905932 -2 0 2 3 4
Allreduce 905942 905954 -2 0 2 3 4
Allgatherv 905978 906000 -2 0 2 3 4
Allreduce 906011 906023 -2 0 2 3 4
Allgatherv 906047 906069 -2 0 2 3 4
Allreduce 906080 906091 -2 0 2 3 4
Allgatherv 906115 906139 -2 0 2 3 4
Allreduce 906150 906161 -2 0 2 3 4
Allgatherv 906186 906208 -2 0 2 3 4
Allreduce 906218 906230 -2 0 2 3 4
Allgatherv 906254 906276 -2 0 2 3 4
Allreduce 906287 906300 -2 0 2 3 4
Allgatherv 906338 906352 -2 0 2 3 4
Allreduce 906371 906374 -2 0 2 3 4
Allgatherv 906414 906421 -2 0 2 3 4
Allreduce 906442 906446 -2 0 2 3 4
Allgatherv 906471 906493 -2 0 2 3 4
Allreduce 906503 906514 -2 0 2 3 4
Allgatherv 906539 906560 -2 0 2 3 4
Allreduce 906571 906582 -2 0 2 3 4
Allgatherv 906631 906637 -2 0 2 3 4
Allreduce 906671 906675 -2 0 2 3 4
Allgatherv 906703 906745 -2 0 2 3 4
Allreduce 906764 906791 -2 0 2 3 4
Allgatherv 906838 906846 -2 0 2 3 4
Allreduce 906860 906878 -2 0 2 3 4
Allgatherv 906902 906932 -2 0 2 3 4
Allreduce 906941 906963 -2 0 2 3 4
Allgatherv 906986 907017 -2 0 2 3 4
Allreduce 907027 907045 -2 0 2 3 4
Allgatherv 907068 907095 -2 0 2 3 4
Allreduce 907106 907123 -2 0 2 3 4
Allgatherv 908224 909854 -2 0 2 3 4
Allreduce 909913 909931 -2 0 2 3 4
Allgatherv 909975 909988 -2 0 2 3 4
Allreduce 910008 910024 -2 0 2 3 4
Allgatherv 910050 910188 -2 0 2 3 4
Allreduce 910215 910219 -2 0 2 3 4
Allgatherv 910268 910314 -2 0 2 3 4
Allreduce 910334 910343 -2 0 2 3 4
Allgatherv 910388 910396 -2 0 2 3 4
Allreduce 910414 910426 -2 0 2 3 4
Allgatherv 910471 910484 -2 0 2 3 4
Allreduce 910503 910514 -2 0 2 3 4
Allgatherv 910559 910564 -2 0 2 3 4
Allreduce 910583 910642 -2 0 2 3 4
Allgatherv 910700 910745 -2 0 2 3 4
Allreduce 910775 910781 -2 0 2 3 4
Allgatherv 910852 910869 -2 0 2 3 4
Allreduce 910897 910918 -2 0 2 3 4
Allgatherv 910963 910983 -2 0 2 3 4
Allreduce 911002 911006 -2 0 2 3 4
Allgatherv 911049 911054 -2 0 2 3 4
Allreduce 911072 911098 -2 0 2 3 4
Allgatherv 911148 911200 -2 0 2 3 4
Allreduce 911221 911230 -2 0 2 3 4
Allgatherv 911276 911280 -2 0 2 3 4
Allreduce 911299 911302 -2 0 2 3 4
Allgatherv 911355 911364 -2 0 2 3 4
Allreduce 911383 911400 -2 0 2 3 4
Allgatherv 911448 911462 -2 0 2 3 4
Allreduce 911482 911485 -2 0 2 3 4
Allgatherv 911530 911533 -2 0 2 3 4
Allreduce 911552 911556 -2 0 2 3 4
Allgatherv 911600 911604 -2 0 2 3 4
Allreduce 911623 911626 -2 0 2 3 4
Allgatherv 911671 911675 -2 0 2 3 4
Allreduce 911693 911696 -2 0 2 3 4
Allgatherv 911755 911759 -2 0 2 3 4
Allreduce 911777 911780 -2 0 2 3 4
Allgatherv 911823 911827 -2 0 2 3 4
Allreduce 911847 911850 -2 0 2 3 4
Allgatherv 911894 911897 -2 0 2 3 4
Allreduce 911917 911920 -2 0 2 3 4
Allgatherv 911966 911974 -2 0 2 3 4
Allreduce 912001 912008 -2 0 2 3 4
Allgatherv 912060 912070 -2 0 2 3 4
Allreduce 912098 912107 -2 0 2 3 4
Allgatherv 912158 912162 -2 0 2 3 4
Allreduce 912180 912183 -2 0 2 3 4
Allgatherv 912227 912231 -2 0 2 3 4
Allreduce 912248 912251 -2 0 2 3 4
Allgatherv 912295 912298 -2 0 2 3 4
Allreduce 912316 912319 -2 0 2 3 4
Allgatherv 912363 912367 -2 0 2 3 4
Allreduce 912385 912388 -2 0 2 3 4
Allgatherv 912436 912440 -2 0 2 3 4
Allreduce 912458 912461 -2 0 2 3 4
Allgatherv 912506 912510 -2 0 2 3 4
Allreduce 912530 912533 -2 0 2 3 4
Allgatherv 912579 912582 -2 0 2 3 4
Allreduce 912600 912616 -2 0 2 3 4
Allgatherv 912662 912668 -2 0 2 3 4
Allreduce 912687 912690 -2 0 2 3 4
Allgatherv 912735 912738 -2 0 2 3 4
Allreduce 912756 912775 -2 0 2 3 4
Allgatherv 912816 912819 -2 0 2 3 4
Allreduce 912836 912839 -2 0 2 3 4
Allgatherv 912879 912882 -2 0 2 3 4
Allreduce 912898 912901 -2 0 2 3 4
Allgatherv 912940 912944 -2 0 2 3 4
Allreduce 912960 912964 -2 0 2 3 4
Allgatherv 913003 913007 -2 0 2 3 4
Allreduce 913023 913026 -2 0 2 3 4
Allgatherv 913065 913069 -2 0 2 3 4
Allreduce 913085 913088 -2 0 2 3 4
Allgatherv 913129 913132 -2 0 2 3 4
Allreduce 913150 913153 -2 0 2 3 4
Allgatherv 913193 913196 -2 0 2 3 4
Allreduce 913212 913215 -2 0 2 3 4
Allgatherv 913254 913257 -2 0 2 3 4
Allreduce 913274 913276 -2 0 2 3 4
Allgatherv 913317 913320 -2 0 2 3 4
Allreduce 913336 913339 -2 0 2 3 4
Allgatherv 913378 913381 -2 0 2 3 4
Allreduce 913398 913402 -2 0 2 3 4
Allgatherv 913444 913447 -2 0 2 3 4
Allreduce 913464 913467 -2 0 2 3 4
Allgatherv 913506 913510 -2 0 2 3 4
Allreduce 913526 913530 -2 0 2 3 4
Allgatherv 913569 913573 -2 0 2 3 4
Allreduce 913589 913591 -2 0 2 3 4
Allgatherv 913631 913634 -2 0 2 3 4
Allreduce 913651 913653 -2 0 2 3 4
Allgatherv 913695 913698 -2 0 2 3 4
Allreduce 913716 913719 -2 0 2 3 4
Allgatherv 913759 913762 -2 0 2 3 4
Allreduce 913778 913781 -2 0 2 3 4
Allgatherv 913820 913823 -2 0 2 3 4
Allreduce 913840 913843 -2 0 2 3 4
Allgatherv 913882 913886 -2 0 2 3 4
Allreduce 913902 913904 -2 0 2 3 4
Allgatherv 913944 913948 -2 0 2 3 4
Allreduce 913964 913967 -2 0 2 3 4
Allgatherv 914006 914009 -2 0 2 3 4
Allreduce 914025 914028 -2 0 2 3 4
Allgatherv 914068 914071 -2 0 2 3 4
Allreduce 914087 914091 -2 0 2 3 4
Allgatherv 914131 914134 -2 0 2 3 4
Allreduce 914150 914153 -2 0 2 3 4
Allgatherv 914192 914195 -2 0 2 3 4
Allreduce 914213 914216 -2 0 2 3 4
Allgatherv 914257 914260 -2 0 2 3 4
Allreduce 914277 914279 -2 0 2 3 4
Allgatherv 914319 914323 -2 0 2 3 4
Allreduce 914339 914341 -2 0 2 3 4
Allgatherv 914381 914384 -2 0 2 3 4
Allreduce 914400 914403 -2 0 2 3 4
Allgatherv 914445 914448 -2 0 2 3 4
Allreduce 914465 914468 -2 0 2 3 4
Allgatherv 914508 914511 -2 0 2 3 4
Allreduce 914527 914530 -2 0 2 3 4
Allgatherv 914570 914573 -2 0 2 3 4
Allreduce 914589 914592 -2 0 2 3 4
Allgatherv 914632 914636 -2 0 2 3 4
Allreduce 914652 914692 -2 0 2 3 4
Allgatherv 914733 914737 -2 0 2 3 4
Allreduce 914754 914762 -2 0 2 3 4
Allgatherv 914802 914806 -2 0 2 3 4
Allreduce 914824 914830 -2 0 2 3 4
Allgatherv 914870 914879 -2 0 2 3 4
Allreduce 914896 914908 -2 0 2 3 4
Allgatherv 914948 914951 -2 0 2 3 4
Allreduce 914968 914971 -2 0 2 3 4
Allgatherv 915011 915014 -2 0 2 3 4
Allreduce 915030 915033 -2 0 2 3 4
Allgatherv 915072 915075 -2 0 2 3 4
Allreduce 915092 915095 -2 0 2 3 4
Allgatherv 915135 915139 -2 0 2 3 4
Allreduce 915155 915157 -2 0 2 3 4
Allgatherv 915197 915200 -2 0 2 3 4
Allreduce 915216 915219 -2 0 2 3 4
Allgatherv 915259 915262 -2 0 2 3 4
Allreduce 915278 915281 -2 0 2 3 4
Allgatherv 915321 915324 -2 0 2 3 4
Allreduce 915340 915343 -2 0 2 3 4
Allgatherv 915382 915386 -2 0 2 3 4
Allreduce 915405 915408 -2 0 2 3 4
Allgatherv 915450 915454 -2 0 2 3 4
Allreduce 915471 915474 -2 0 2 3 4
Allgatherv 915513 915517 -2 0 2 3 4
Allreduce 915533 915536 -2 0 2 3 4
Allgatherv 915575 915579 -2 0 2 3 4
Allreduce 915595 915597 -2 0 2 3 4
Allgatherv 915637 915641 -2 0 2 3 4
Allreduce 915657 915660 -2 0 2 3 4
Allgatherv 915699 915703 -2 0 2 3 4
Allreduce 915719 915722 -2 0 2 3 4
Allgatherv 915762 915765 -2 0 2 3 4
Allreduce 915781 915784 -2 0 2 3 4
Allgatherv 915824 915827 -2 0 2 3 4
Allreduce 915844 915846 -2 0 2 3 4
Allgatherv 915886 915889 -2 0 2 3 4
Allreduce 915906 915908 -2 0 2 3 4
Allgatherv 915949 915953 -2 0 2 3 4
Allreduce 915971 915973 -2 0 2 3 4
Allgatherv 916013 916016 -2 0 2 3 4
Allreduce 916033 916035 -2 0 2 3 4
Allgatherv 916075 916078 -2 0 2 3 4
Allreduce 916094 916097 -2 0 2 3 4
Allgatherv 916137 916140 -2 0 2 3 4
Allreduce 916156 916159 -2 0 2 3 4
Allgatherv 916199 916202 -2 0 2 3 4
Allreduce 916219 916221 -2 0 2 3 4
Allgatherv 916261 916264 -2 0 2 3 4
Allreduce 916281 916283 -2 0 2 3 4
Allgatherv 916323 916326 -2 0 2 3 4
Allreduce 916343 916346 -2 0 2 3 4
Allgatherv 916386 916389 -2 0 2 3 4
Allreduce 916405 916408 -2 0 2 3 4
Allgatherv 916450 916453 -2 0 2 3 4
Allreduce 916469 916472 -2 0 2 3 4
Allgatherv 916514 916517 -2 0 2 3 4
Allreduce 916534 916536 -2 0 2 3 4
Allgatherv 916576 916579 -2 0 2 3 4
Allreduce 916595 916598 -2 0 2 3 4
Allgatherv 916638 916646 -2 0 2 3 4
Allreduce 916662 916668 -2 0 2 3 4
Allgatherv 916708 916711 -2 0 2 3 4
Allreduce 916727 916736 -2 0 2 3 4
Allgatherv 916777 916782 -2 0 2 3 4
Allreduce 916799 916813 -2 0 2 3 4
Allgatherv 916853 916856 -2 0 2 3 4
Allreduce 916873 916875 -2 0 2 3 4
Allgatherv 916915 916918 -2 0 2 3 4
Allreduce 916935 916939 -2 0 2 3 4
Allgatherv 916978 916981 -2 0 2 3 4
Allreduce 916998 917000 -2 0 2 3 4
Allgatherv 917040 917043 -2 0 2 3 4
Allreduce 917061 917064 -2 0 2 3 4
Allgatherv 917105 917109 -2 0 2 3 4
Allreduce 917125 917128 -2 0 2 3 4
Allgatherv 917168 917171 -2 0 2 3 4
Allreduce 917187 917190 -2 0 2 3 4
Allgatherv 917230 917233 -2 0 2 3 4
Allreduce 917250 917252 -2 0 2 3 4
Allgatherv 917292 917295 -2 0 2 3 4
Allreduce 917312 917316 -2 0 2 3 4
Allgatherv 917355 917358 -2 0 2 3 4
Allreduce 917375 917377 -2 0 2 3 4
Allgatherv 917419 917422 -2 0 2 3 4
Allreduce 917439 917442 -2 0 2 3 4
Allgatherv 917482 917485 -2 0 2 3 4
Allreduce 917502 917505 -2 0 2 3 4
Allgatherv 917544 917548 -2 0 2 3 4
Allreduce 917564 917567 -2 0 2 3 4
Allgatherv 917606 917610 -2 0 2 3 4
Allreduce 917629 917632 -2 0 2 3 4
Allgatherv 917671 917675 -2 0 2 3 4
Allreduce 917691 917693 -2 0 2 3 4
Allgatherv 917745 917748 -2 0 2 3 4
Allreduce 917763 917766 -2 0 2 3 4
Allgatherv 917804 917807 -2 0 2 3 4
Allreduce 917822 917825 -2 0 2 3 4
Allgatherv 917863 917866 -2 0 2 3 4
Allreduce 917881 917884 -2 0 2 3 4
Allgatherv 917921 917925 -2 0 2 3 4
Allreduce 917940 917942 -2 0 2 3 4
Allgatherv 917980 917983 -2 0 2 3 4
Allreduce 917999 918001 -2 0 2 3 4
Allgatherv 918039 918042 -2 0 2 3 4
Allreduce 918058 918060 -2 0 2 3 4
Allgatherv 918098 918101 -2 0 2 3 4
Allreduce 918116 918119 -2 0 2 3 4
Allgatherv 918158 918161 -2 0 2 3 4
Allreduce 918178 918180 -2 0 2 3 4
Allgatherv 918218 918221 -2 0 2 3 4
Allreduce 918237 918239 -2 0 2 3 4
Allgatherv 918277 918280 -2 0 2 3 4
Allreduce 918295 918298 -2 0 2 3 4
Allgatherv 918335 918338 -2 0 2 3 4
Allreduce 918354 918357 -2 0 2 3 4
Allgatherv 918395 918398 -2 0 2 3 4
Allreduce 918415 918418 -2 0 2 3 4
Allgatherv 918456 918459 -2 0 2 3 4
Allreduce 918475 918477 -2 0 2 3 4
Allgatherv 918515 918518 -2 0 2 3 4
Allreduce 918533 918536 -2 0 2 3 4
Allgatherv 918574 918577 -2 0 2 3 4
Allreduce 918592 918595 -2 0 2 3 4
Allgatherv 918633 918636 -2 0 2 3 4
Allreduce 918653 918660 -2 0 2 3 4
Allgatherv 918698 918701 -2 0 2 3 4
Allreduce 918718 918721 -2 0 2 3 4
Allgatherv 918759 918762 -2 0 2 3 4
Allreduce 918777 918780 -2 0 2 3 4
Allgatherv 918817 918820 -2 0 2 3 4
Allreduce 918836 918839 -2 0 2 3 4
Allgatherv 918876 918879 -2 0 2 3 4
Allreduce 918895 918899 -2 0 2 3 4
Allgatherv 918936 918939 -2 0 2 3 4
Allreduce 918955 918957 -2 0 2 3 4
Allgatherv 918995 918998 -2 0 2 3 4
Allreduce 919013 919016 -2 0 2 3 4
Allgatherv 919053 919056 -2 0 2 3 4
Allreduce 919072 919074 -2 0 2 3 4
Allgatherv 919112 919115 -2 0 2 3 4
Allreduce 919130 919133 -2 0 2 3 4
Allgatherv 919170 919173 -2 0 2 3 4
Allreduce 919190 919193 -2 0 2 3 4
Allgatherv 919232 919235 -2 0 2 3 4
Allreduce 919251 919253 -2 0 2 3 4
Allgatherv 919291 919294 -2 0 2 3 4
Allreduce 919309 919312 -2 0 2 3 4
Allgatherv 919350 919353 -2 0 2 3 4
Allreduce 919368 919371 -2 0 2 3 4
Allgatherv 919410 919413 -2 0 2 3 4
Allreduce 919430 919433 -2 0 2 3 4
Allgatherv 919471 919474 -2 0 2 3 4
Allreduce 919490 919492 -2 0 2 3 4
Allgatherv 919530 919533 -2 0 2 3 4
Allreduce 919549 919551 -2 0 2 3 4
Allgatherv 919589 919591 -2 0 2 3 4
Allreduce 919607 919611 -2 0 2 3 4
Allgatherv 919648 919651 -2 0 2 3 4
Allreduce 919667 919669 -2 0 2 3 4
Allgatherv 919707 919710 -2 0 2 3 4
Allreduce 919727 919729 -2 0 2 3 4
Allgatherv 919769 919772 -2 0 2 3 4
Allreduce 919787 919790 -2 0 2 3 4
Allgatherv 919828 919831 -2 0 2 3 4
Allreduce 919846 919849 -2 0 2 3 4
Allgatherv 919886 919889 -2 0 2 3 4
Allreduce 919905 919907 -2 0 2 3 4
Allgatherv 919945 919948 -2 0 2 3 4
Allreduce 919963 919966 -2 0 2 3 4
Allgatherv 920004 920007 -2 0 2 3 4
Allreduce 920023 920025 -2 0 2 3 4
Allgatherv 920063 920066 -2 0 2 3 4
Allreduce 920082 920084 -2 0 2 3 4
Allgatherv 920122 920125 -2 0 2 3 4
Allreduce 920141 920144 -2 0 2 3 4
Allgatherv 920182 920185 -2 0 2 3 4
Allreduce 920200 920203 -2 0 2 3 4
Allgatherv 920242 920245 -2 0 2 3 4
Allreduce 920260 920263 -2 0 2 3 4
Allgatherv 920302 920305 -2 0 2 3 4
Allreduce 920320 920323 -2 0 2 3 4
Allgatherv 920360 920363 -2 0 2 3 4
Allreduce 920379 920381 -2 0 2 3 4
Allgatherv 920421 920424 -2 0 2 3 4
Allreduce 920440 920443 -2 0 2 3 4
Allgatherv 920480 920483 -2 0 2 3 4
Allreduce 920499 920501 -2 0 2 3 4
Allgatherv 920539 920542 -2 0 2 3 4
Allreduce 920557 920559 -2 0 2 3 4
Allgatherv 920597 920601 -2 0 2 3 4
Allreduce 920617 920628 -2 0 2 3 4
Allgatherv 920667 920682 -2 0 2 3 4
Allreduce 920699 920705 -2 0 2 3 4
Allgatherv 920743 920747 -2 0 2 3 4
Allreduce 920764 920770 -2 0 2 3 4
Allgatherv 920808 920811 -2 0 2 3 4
Allreduce 920828 920830 -2 0 2 3 4
Allgatherv 920868 920871 -2 0 2 3 4
Allreduce 920887 920889 -2 0 2 3 4
Allgatherv 920927 920930 -2 0 2 3 4
Allreduce 920945 920948 -2 0 2 3 4
Allgatherv 920986 920989 -2 0 2 3 4
Allreduce 921004 921008 -2 0 2 3 4
Allgatherv 921046 921049 -2 0 2 3 4
Allreduce 921064 921067 -2 0 2 3 4
Allgatherv 921104 921107 -2 0 2 3 4
Allreduce 921123 921125 -2 0 2 3 4
Allgatherv 921163 921166 -2 0 2 3 4
Allreduce 921181 921184 -2 0 2 3 4
Allgatherv 921222 921225 -2 0 2 3 4
Allreduce 921240 921243 -2 0 2 3 4
Allgatherv 921280 921283 -2 0 2 3 4
Allreduce 921300 921303 -2 0 2 3 4
Allgatherv 921341 921344 -2 0 2 3 4
Allreduce 921361 921363 -2 0 2 3 4
Allgatherv 921409 921463 -2 0 2 3 4
Allreduce 921494 921514 -2 0 2 3 4
Allgatherv 921553 921568 -2 0 2 3 4
Allreduce 921585 921590 -2 0 2 3 4
Allgatherv 921628 921639 -2 0 2 3 4
Allreduce 921656 921660 -2 0 2 3 4
Allgatherv 921697 921701 -2 0 2 3 4
Allreduce 921716 921719 -2 0 2 3 4
Allgatherv 921756 921760 -2 0 2 3 4
Allreduce 921775 921778 -2 0 2 3 4
Allgatherv 921816 921819 -2 0 2 3 4
Allreduce 921834 921837 -2 0 2 3 4
Allgatherv 921875 921878 -2 0 2 3 4
Allreduce 921893 921896 -2 0 2 3 4
Allgatherv 921935 921938 -2 0 2 3 4
Allreduce 923962 923974 -2 0 2 3 4
Allgatherv 924012 924016 -2 0 2 3 4
Allreduce 924032 924035 -2 0 2 3 4
Allgatherv 924073 924076 -2 0 2 3 4
Allreduce 924091 924094 -2 0 2 3 4
Allgatherv 924132 924135 -2 0 2 3 4
Allreduce 924150 924153 -2 0 2 3 4
Allgatherv 924191 924194 -2 0 2 3 4
Allreduce 924209 924213 -2 0 2 3 4
Allgatherv 924250 924253 -2 0 2 3 4
Allreduce 924270 924273 -2 0 2 3 4
Allgatherv 924311 924314 -2 0 2 3 4
Allreduce 924330 924332 -2 0 2 3 4
Allgatherv 924372 924375 -2 0 2 3 4
Allreduce 924390 924393 -2 0 2 3 4
Allgatherv 924431 924434 -2 0 2 3 4
Allreduce 924449 924452 -2 0 2 3 4
Allgatherv 924490 924493 -2 0 2 3 4
Allreduce 924509 924512 -2 0 2 3 4
Allgatherv 924549 924553 -2 0 2 3 4
Allreduce 924576 924579 -2 0 2 3 4
Allgatherv 924617 924720 -2 0 2 3 4
Allreduce 924746 924751 -2 0 2 3 4
Allgatherv 924826 924831 -2 0 2 3 4
Allreduce 924848 924850 -2 0 2 3 4
Allgatherv 924882 924892 -2 0 2 3 4
Allreduce 924907 924920 -2 0 2 3 4
Allgatherv 924953 925107 -2 0 2 3 4
Allreduce 925160 925164 -2 0 2 3 4
Allgatherv 925200 925214 -2 0 2 3 4
Allreduce 925231 925234 -2 0 2 3 4
Allgatherv 925266 925278 -2 0 2 3 4
Allreduce 925293 925428 -2 0 2 3 4
Allgatherv 925483 925587 -2 0 2 3 4
Allreduce 925617 925622 -2 0 2 3 4
Allgatherv 925664 925670 -2 0 2 3 4
Allreduce 925698 925704 -2 0 2 3 4
Allgatherv 925757 925764 -2 0 2 3 4
Allreduce 925797 925803 -2 0 2 3 4
Allgatherv 925856 925865 -2 0 2 3 4
Allreduce 925898 925906 -2 0 2 3 4
Allgatherv 925957 925967 -2 0 2 3 4
Allreduce 925999 926007 -2 0 2 3 4
Allgatherv 926048 926066 -2 0 2 3 4
Allreduce 926105 926111 -2 0 2 3 4
Allgatherv 926164 926171 -2 0 2 3 4
Allreduce 926196 926203 -2 0 2 3 4
Allgatherv 926254 926261 -2 0 2 3 4
Allreduce 926290 926299 -2 0 2 3 4
Allgatherv 926350 926365 -2 0 2 3 4
Allreduce 926388 926392 -2 0 2 3 4
Allgatherv 926431 926435 -2 0 2 3 4
Allreduce 926455 926459 -2 0 2 3 4
Allgatherv 926482 926501 -2 0 2 3 4
Allreduce 926511 926519 -2 0 2 3 4
Allgatherv 926540 926563 -2 0 2 3 4
Allreduce 926572 926582 -2 0 2 3 4
Allgatherv 926605 926623 -2 0 2 3 4
Allreduce 926633 926641 -2 0 2 3 4
Allgatherv 926662 926681 -2 0 2 3 4
Allreduce 926690 926700 -2 0 2 3 4
Allgatherv 926720 926802 -2 0 2 3 4
Allreduce 926848 926853 -2 0 2 3 4
Allgatherv 926886 926909 -2 0 2 3 4
Allreduce 926936 926940 -2 0 2 3 4
Allgatherv 926986 926994 -2 0 2 3 4
Allreduce 927042 927053 -2 0 2 3 4
Allgatherv 927118 927137 -2 0 2 3 4
Allreduce 927186 927191 -2 0 2 3 4
Allgatherv 927231 927237 -2 0 2 3 4
Allreduce 927261 927265 -2 0 2 3 4
Allgatherv 927309 927314 -2 0 2 3 4
Allreduce 927337 927341 -2 0 2 3 4
Allgatherv 927381 927386 -2 0 2 3 4
Allreduce 927405 927410 -2 0 2 3 4
Allgatherv 927446 927453 -2 0 2 3 4
Allreduce 927473 927478 -2 0 2 3 4
Allgatherv 927518 927523 -2 0 2 3 4
Allreduce 927549 927558 -2 0 2 3 4
Allgatherv 927596 927601 -2 0 2 3 4
Allreduce 927624 927629 -2 0 2 3 4
Allgatherv 927673 927677 -2 0 2 3 4
Allreduce 927699 927703 -2 0 2 3 4
Allgatherv 927744 927749 -2 0 2 3 4
Allreduce 927817 927822 -2 0 2 3 4
Allgatherv 927866 927871 -2 0 2 3 4
Allreduce 927891 927894 -2 0 2 3 4
Allgatherv 927936 927940 -2 0 2 3 4
Allreduce 927963 927967 -2 0 2 3 4
Allgatherv 928010 928014 -2 0 2 3 4
Allreduce 928026 928034 -2 0 2 3 4
Allgatherv 928055 928073 -2 0 2 3 4
Allreduce 928082 928091 -2 0 2 3 4
Allgatherv 928112 928130 -2 0 2 3 4
Allreduce 928139 928148 -2 0 2 3 4
Allgatherv 928170 928187 -2 0 2 3 4
Allreduce 928196 928205 -2 0 2 3 4
Allgatherv 928226 928245 -2 0 2 3 4
Allreduce 928254 928263 -2 0 2 3 4
Allgatherv 928283 928301 -2 0 2 3 4
Allreduce 928311 928319 -2 0 2 3 4
Allgatherv 928340 928359 -2 0 2 3 4
Allreduce 928368 928378 -2 0 2 3 4
Allgatherv 928398 928417 -2 0 2 3 4
Allreduce 928427 928436 -2 0 2 3 4
Allgatherv 928456 928475 -2 0 2 3 4
Allreduce 928484 928493 -2 0 2 3 4
Allgatherv 928513 928531 -2 0 2 3 4
Allreduce 928540 928552 -2 0 2 3 4
Allgatherv 928621 928625 -2 0 2 3 4
Allreduce 928658 928664 -2 0 2 3 4
Allgatherv 928701 928707 -2 0 2 3 4
Allreduce 928720 928734 -2 0 2 3 4
Allgatherv 928781 928786 -2 0 2 3 4
Allreduce 928816 928821 -2 0 2 3 4
Allgatherv 928868 928877 -2 0 2 3 4
Allreduce 928890 928906 -2 0 2 3 4
Allgatherv 928926 928953 -2 0 2 3 4
Allreduce 928961 928978 -2 0 2 3 4
Allgatherv 928999 929027 -2 0 2 3 4
Allreduce 929035 929054 -2 0 2 3 4
Allgatherv 929074 929094 -2 0 2 3 4
Allreduce 929102 929120 -2 0 2 3 4
Allgatherv 929140 929169 -2 0 2 3 4
Allreduce 929177 929192 -2 0 2 3 4
Allgatherv 929213 929240 -2 0 2 3 4
Allreduce 929248 929267 -2 0 2 3 4
Allgatherv 929287 929316 -2 0 2 3 4
Allreduce 929324 929342 -2 0 2 3 4
Allgatherv 929364 929390 -2 0 2 3 4
Allreduce 929398 929416 -2 0 2 3 4
Allgatherv 929436 929467 -2 0 2 3 4
Allreduce 929475 929493 -2 0 2 3 4
Allgatherv 929513 929539 -2 0 2 3 4
Allreduce 929550 929568 -2 0 2 3 4
Allgatherv 929588 929608 -2 0 2 3 4
Allreduce 929616 929626 -2 0 2 3 4
Allgatherv 929646 929665 -2 0 2 3 4
Allreduce 929674 929684 -2 0 2 3 4
Allgatherv 929704 929724 -2 0 2 3 4
Allreduce 929732 929741 -2 0 2 3 4
Allgatherv 929761 929780 -2 0 2 3 4
Allreduce 929788 929798 -2 0 2 3 4
Allgatherv 929818 929837 -2 0 2 3 4
Allreduce 929846 929855 -2 0 2 3 4
Allgatherv 929875 929894 -2 0 2 3 4
Allreduce 929903 929912 -2 0 2 3 4
Allgatherv 929932 929951 -2 0 2 3 4
Allreduce 929959 929968 -2 0 2 3 4
Allgatherv 929988 930007 -2 0 2 3 4
Allreduce 930015 930026 -2 0 2 3 4
Allgatherv 930046 930065 -2 0 2 3 4
Allreduce 930073 930083 -2 0 2 3 4
Allgatherv 930103 930123 -2 0 2 3 4
Allreduce 930131 930140 -2 0 2 3 4
Allgatherv 930160 930179 -2 0 2 3 4
Allreduce 930187 930197 -2 0 2 3 4
Allgatherv 930218 930236 -2 0 2 3 4
Allreduce 930244 930254 -2 0 2 3 4
Allgatherv 930274 930293 -2 0 2 3 4
Allreduce 930301 930310 -2 0 2 3 4
Allgatherv 930331 930349 -2 0 2 3 4
Allreduce 930357 930367 -2 0 2 3 4
Allgatherv 930388 930407 -2 0 2 3 4
Allreduce 930415 930424 -2 0 2 3 4
Allgatherv 930444 930463 -2 0 2 3 4
Allreduce 930471 930481 -2 0 2 3 4
Allgatherv 930501 930521 -2 0 2 3 4
Allreduce 930529 930539 -2 0 2 3 4
Allgatherv 930567 930595 -2 0 2 3 4
Allreduce 930614 930617 -2 0 2 3 4
Allgatherv 930653 930667 -2 0 2 3 4
Allreduce 930689 930698 -2 0 2 3 4
Allgatherv 930745 930750 -2 0 2 3 4
Allreduce 930780 930784 -2 0 2 3 4
Allgatherv 930810 930840 -2 0 2 3 4
Allreduce 930849 930868 -2 0 2 3 4
Allgatherv 930888 930917 -2 0 2 3 4
Allreduce 930925 930941 -2 0 2 3 4
Allgatherv 930961 930985 -2 0 2 3 4
Allreduce 930995 931009 -2 0 2 3 4
Allgatherv 931029 931058 -2 0 2 3 4
Allreduce 931066 931081 -2 0 2 3 4
Allgatherv 931101 931130 -2 0 2 3 4
Allreduce 931138 931155 -2 0 2 3 4
Allgatherv 931176 931204 -2 0 2 3 4
Allreduce 931213 931231 -2 0 2 3 4
Allgatherv 931251 931282 -2 0 2 3 4
Allreduce 931291 931309 -2 0 2 3 4
Allgatherv 931329 931355 -2 0 2 3 4
Allreduce 931363 931382 -2 0 2 3 4
Allgatherv 931402 931429 -2 0 2 3 4
Allreduce 931437 931447 -2 0 2 3 4
Allgatherv 931467 931486 -2 0 2 3 4
Allreduce 931494 931503 -2 0 2 3 4
Allgatherv 931523 931545 -2 0 2 3 4
Allreduce 931570 931573 -2 0 2 3 4
Allgatherv 931607 931613 -2 0 2 3 4
Allreduce 931634 931637 -2 0 2 3 4
Allgatherv 931661 931679 -2 0 2 3 4
Allreduce 931689 931697 -2 0 2 3 4
Allgatherv 931717 931737 -2 0 2 3 4
Allreduce 931745 931755 -2 0 2 3 4
Allgatherv 931776 931794 -2 0 2 3 4
Allreduce 931803 931812 -2 0 2 3 4
Allgatherv 931832 931851 -2 0 2 3 4
Allreduce 931860 931868 -2 0 2 3 4
Allgatherv 931889 931908 -2 0 2 3 4
Allreduce 931917 931927 -2 0 2 3 4
Allgatherv 931948 931966 -2 0 2 3 4
Allreduce 931976 931984 -2 0 2 3 4
Allgatherv 932005 932023 -2 0 2 3 4
Allreduce 932032 932041 -2 0 2 3 4
Allgatherv 932061 932081 -2 0 2 3 4
Allreduce 932091 932098 -2 0 2 3 4
Allgatherv 932119 932138 -2 0 2 3 4
Allreduce 932147 932155 -2 0 2 3 4
Allgatherv 932176 932195 -2 0 2 3 4
Allreduce 932204 932212 -2 0 2 3 4
Allgatherv 932232 932252 -2 0 2 3 4
Allreduce 932261 932271 -2 0 2 3 4
Allgatherv 932291 932310 -2 0 2 3 4
Allreduce 932319 932327 -2 0 2 3 4
Allgatherv 932348 932367 -2 0 2 3 4
Allreduce 932376 932384 -2 0 2 3 4
Allgatherv 932404 932423 -2 0 2 3 4
Allreduce 932432 932442 -2 0 2 3 4
Allgatherv 932463 932481 -2 0 2 3 4
Allreduce 932490 932498 -2 0 2 3 4
Allgatherv 932519 932537 -2 0 2 3 4
Allreduce 932546 932555 -2 0 2 3 4
Allgatherv 932588 932595 -2 0 2 3 4
Allreduce 932612 932621 -2 0 2 3 4
Allgatherv 932661 932677 -2 0 2 3 4
Allreduce 932705 932710 -2 0 2 3 4
Allgatherv 932762 932766 -2 0 2 3 4
Allreduce 932784 932801 -2 0 2 3 4
Allgatherv 932822 932850 -2 0 2 3 4
Allreduce 932859 932876 -2 0 2 3 4
Allgatherv 932896 932926 -2 0 2 3 4
Allreduce 932934 932952 -2 0 2 3 4
Allgatherv 932972 932995 -2 0 2 3 4
Allreduce 933003 933019 -2 0 2 3 4
Allgatherv 933039 933066 -2 0 2 3 4
Allreduce 933075 933093 -2 0 2 3 4
Allgatherv 933113 933145 -2 0 2 3 4
Allreduce 933153 933171 -2 0 2 3 4
Allgatherv 933191 933223 -2 0 2 3 4
Allreduce 933233 933249 -2 0 2 3 4
Allgatherv 933270 933298 -2 0 2 3 4
Allreduce 933306 933322 -2 0 2 3 4
Allgatherv 933342 933371 -2 0 2 3 4
Allreduce 933380 933397 -2 0 2 3 4
Allgatherv 933417 933436 -2 0 2 3 4
Allreduce 933444 933454 -2 0 2 3 4
Allgatherv 933474 933493 -2 0 2 3 4
Allreduce 933502 933513 -2 0 2 3 4
Allgatherv 933533 933552 -2 0 2 3 4
Allreduce 933560 933569 -2 0 2 3 4
Allgatherv 933589 933608 -2 0 2 3 4
Allreduce 933616 933626 -2 0 2 3 4
Allgatherv 933647 933667 -2 0 2 3 4
Allreduce 933689 933700 -2 0 2 3 4
Allgatherv 933721 933740 -2 0 2 3 4
Allreduce 933748 933758 -2 0 2 3 4
Allgatherv 933780 933799 -2 0 2 3 4
Allreduce 933807 933817 -2 0 2 3 4
Allgatherv 933837 933858 -2 0 2 3 4
Allreduce 933866 933876 -2 0 2 3 4
Allgatherv 933896 933915 -2 0 2 3 4
Allreduce 933924 933934 -2 0 2 3 4
Allgatherv 933954 933974 -2 0 2 3 4
Allreduce 933983 933992 -2 0 2 3 4
Allgatherv 934012 934033 -2 0 2 3 4
Allreduce 934041 934051 -2 0 2 3 4
Allgatherv 934072 934092 -2 0 2 3 4
Allreduce 934100 934110 -2 0 2 3 4
Allgatherv 934130 934150 -2 0 2 3 4
Allreduce 934159 934168 -2 0 2 3 4
Allgatherv 934189 934210 -2 0 2 3 4
Allreduce 934219 934228 -2 0 2 3 4
Allgatherv 934249 934269 -2 0 2 3 4
Allreduce 934279 934287 -2 0 2 3 4
Allgatherv 934307 934327 -2 0 2 3 4
Allreduce 934335 934345 -2 0 2 3 4
Allgatherv 934366 934385 -2 0 2 3 4
Allreduce 934393 934403 -2 0 2 3 4
Allgatherv 934424 934443 -2 0 2 3 4
Allreduce 934451 934461 -2 0 2 3 4
Allgatherv 934482 934502 -2 0 2 3 4
Allreduce 934510 934519 -2 0 2 3 4
Allgatherv 934540 934561 -2 0 2 3 4
Allreduce 934576 934579 -2 0 2 3 4
Allgatherv 934612 934631 -2 0 2 3 4
Allreduce 934659 934664 -2 0 2 3 4
Allgatherv 934724 934734 -2 0 2 3 4
Allreduce 934768 934774 -2 0 2 3 4
Allgatherv 934811 934829 -2 0 2 3 4
Allreduce 934841 934859 -2 0 2 3 4
Allgatherv 934882 934915 -2 0 2 3 4
Allreduce 934924 934942 -2 0 2 3 4
Allgatherv 934963 934989 -2 0 2 3 4
Allreduce 934997 935011 -2 0 2 3 4
Allgatherv 935031 935060 -2 0 2 3 4
Allreduce 935069 935088 -2 0 2 3 4
Allgatherv 935109 935137 -2 0 2 3 4
Allreduce 935146 935166 -2 0 2 3 4
Allgatherv 935187 935218 -2 0 2 3 4
Allreduce 935226 935245 -2 0 2 3 4
Allgatherv 935266 935295 -2 0 2 3 4
Allreduce 935304 935323 -2 0 2 3 4
Allgatherv 935344 935373 -2 0 2 3 4
Allreduce 935381 935399 -2 0 2 3 4
Allgatherv 935420 935454 -2 0 2 3 4
Allreduce 935462 935476 -2 0 2 3 4
Allgatherv 935497 935517 -2 0 2 3 4
Allreduce 935527 935537 -2 0 2 3 4
Allgatherv 935558 935578 -2 0 2 3 4
Allreduce 935587 935596 -2 0 2 3 4
Allgatherv 935617 935640 -2 0 2 3 4
Allreduce 935649 935658 -2 0 2 3 4
Allgatherv 935679 935700 -2 0 2 3 4
Allreduce 935708 935718 -2 0 2 3 4
Allgatherv 935739 935759 -2 0 2 3 4
Allreduce 935767 935777 -2 0 2 3 4
Allgatherv 935798 935818 -2 0 2 3 4
Allreduce 935827 935838 -2 0 2 3 4
Allgatherv 935859 935879 -2 0 2 3 4
Allreduce 935888 935898 -2 0 2 3 4
Allgatherv 935919 935939 -2 0 2 3 4
Allreduce 935947 935957 -2 0 2 3 4
Allgatherv 935978 935998 -2 0 2 3 4
Allreduce 936006 936018 -2 0 2 3 4
Allgatherv 936041 936059 -2 0 2 3 4
Allreduce 936068 936078 -2 0 2 3 4
Allgatherv 936099 936119 -2 0 2 3 4
Allreduce 936127 936137 -2 0 2 3 4
Allgatherv 936158 936178 -2 0 2 3 4
Allreduce 936187 936197 -2 0 2 3 4
Allgatherv 936218 936238 -2 0 2 3 4
Allreduce 936246 936256 -2 0 2 3 4
Allgatherv 936277 936298 -2 0 2 3 4
Allreduce 936306 936316 -2 0 2 3 4
Allgatherv 936337 936357 -2 0 2 3 4
Allreduce 936365 936377 -2 0 2 3 4
Allgatherv 936398 936419 -2 0 2 3 4
Allreduce 936427 936437 -2 0 2 3 4
Allgatherv 936458 936478 -2 0 2 3 4
Allreduce 936486 936497 -2 0 2 3 4
Allgatherv 936518 936538 -2 0 2 3 4
Allreduce 936548 936558 -2 0 2 3 4
Allgatherv 936592 936599 -2 0 2 3 4
Allreduce 936614 936678 -2 0 2 3 4
Allgatherv 936762 936830 -2 0 2 3 4
Allreduce 936849 936897 -2 0 2 3 4
Allgatherv 936937 936943 -2 0 2 3 4
Allreduce 936960 936963 -2 0 2 3 4
Allgatherv 937001 937005 -2 0 2 3 4
Allreduce 937022 937025 -2 0 2 3 4
Allgatherv 937063 937068 -2 0 2 3 4
Allreduce 937084 937101 -2 0 2 3 4
Allgatherv 937139 937148 -2 0 2 3 4
Allreduce 937164 937171 -2 0 2 3 4
Allgatherv 937209 937214 -2 0 2 3 4
Allreduce 937231 937234 -2 0 2 3 4
Allgatherv 937272 937277 -2 0 2 3 4
Allreduce 937293 937298 -2 0 2 3 4
Allgatherv 937336 937340 -2 0 2 3 4
Allreduce 937360 937363 -2 0 2 3 4
Allgatherv 937402 937405 -2 0 2 3 4
Allreduce 937422 937425 -2 0 2 3 4
Allgatherv 937462 937467 -2 0 2 3 4
Allreduce 937484 937486 -2 0 2 3 4
Allgatherv 937524 937528 -2 0 2 3 4
Allreduce 937545 937547 -2 0 2 3 4
Allgatherv 937585 937589 -2 0 2 3 4
Allreduce 937605 937608 -2 0 2 3 4
Allgatherv 937649 937653 -2 0 2 3 4
Allreduce 937670 937672 -2 0 2 3 4
Allgatherv 937710 937716 -2 0 2 3 4
Allreduce 937732 937735 -2 0 2 3 4
Allgatherv 937773 937777 -2 0 2 3 4
Allreduce 937793 937796 -2 0 2 3 4
Allgatherv 937834 937838 -2 0 2 3 4
Allreduce 937854 937859 -2 0 2 3 4
Allgatherv 937900 937904 -2 0 2 3 4
Allreduce 937920 937923 -2 0 2 3 4
Allgatherv 937961 937965 -2 0 2 3 4
Allreduce 937981 937984 -2 0 2 3 4
Allgatherv 938022 938026 -2 0 2 3 4
Allreduce 938042 938045 -2 0 2 3 4
Allgatherv 938083 938087 -2 0 2 3 4
Allreduce 938103 938106 -2 0 2 3 4
Allgatherv 938143 938147 -2 0 2 3 4
Allreduce 938163 938166 -2 0 2 3 4
Allgatherv 938204 938208 -2 0 2 3 4
Allreduce 938224 938229 -2 0 2 3 4
Allgatherv 938267 938271 -2 0 2 3 4
Allreduce 938287 938290 -2 0 2 3 4
Allgatherv 938328 938331 -2 0 2 3 4
Allreduce 938348 938351 -2 0 2 3 4
Allgatherv 938389 938394 -2 0 2 3 4
Allreduce 938411 938413 -2 0 2 3 4
Allgatherv 938455 938458 -2 0 2 3 4
Allreduce 938475 938477 -2 0 2 3 4
Allgatherv 938515 938519 -2 0 2 3 4
Allreduce 938535 938538 -2 0 2 3 4
Allgatherv 938576 938580 -2 0 2 3 4
Allreduce 938597 938599 -2 0 2 3 4
Allgatherv 938639 938643 -2 0 2 3 4
Allreduce 938660 938663 -2 0 2 3 4
Allgatherv 938701 938705 -2 0 2 3 4
Allreduce 938721 938724 -2 0 2 3 4
Allgatherv 938762 938766 -2 0 2 3 4
Allreduce 938782 938786 -2 0 2 3 4
Allgatherv 938824 938828 -2 0 2 3 4
Allreduce 938844 938847 -2 0 2 3 4
Allgatherv 938884 938888 -2 0 2 3 4
Allreduce 938905 938907 -2 0 2 3 4
Allgatherv 938945 938950 -2 0 2 3 4
Allreduce 938969 938972 -2 0 2 3 4
Allgatherv 939011 939014 -2 0 2 3 4
Allreduce 939031 939033 -2 0 2 3 4
Allgatherv 939071 939075 -2 0 2 3 4
Allreduce 939092 939094 -2 0 2 3 4
Allgatherv 939132 939136 -2 0 2 3 4
Allreduce 939153 939155 -2 0 2 3 4
Allgatherv 939193 939197 -2 0 2 3 4
Allreduce 939213 939216 -2 0 2 3 4
Allgatherv 939254 939258 -2 0 2 3 4
Allreduce 939274 939277 -2 0 2 3 4
Allgatherv 939315 939318 -2 0 2 3 4
Allreduce 939335 939340 -2 0 2 3 4
Allgatherv 939377 939381 -2 0 2 3 4
Allreduce 939397 939400 -2 0 2 3 4
Allgatherv 939438 939442 -2 0 2 3 4
Allreduce 939458 939463 -2 0 2 3 4
Allgatherv 939500 939504 -2 0 2 3 4
Allreduce 939524 939527 -2 0 2 3 4
Allgatherv 939565 939569 -2 0 2 3 4
Allreduce 939585 939588 -2 0 2 3 4
Allgatherv 939628 939632 -2 0 2 3 4
Allreduce 939649 939651 -2 0 2 3 4
Allgatherv 939689 939693 -2 0 2 3 4
Allreduce 939710 939712 -2 0 2 3 4
Allgatherv 939765 939770 -2 0 2 3 4
Allreduce 939787 939790 -2 0 2 3 4
Allgatherv 939830 939834 -2 0 2 3 4
Allreduce 939852 939854 -2 0 2 3 4
Allgatherv 939894 939900 -2 0 2 3 4
Allreduce 939917 939920 -2 0 2 3 4
Allgatherv 939960 939964 -2 0 2 3 4
Allreduce 939982 939985 -2 0 2 3 4
Allgatherv 940024 940029 -2 0 2 3 4
Allreduce 940046 940051 -2 0 2 3 4
Allgatherv 940092 940096 -2 0 2 3 4
Allreduce 940115 940118 -2 0 2 3 4
Allgatherv 940158 940162 -2 0 2 3 4
Allreduce 940180 940183 -2 0 2 3 4
Allgatherv 940223 940227 -2 0 2 3 4
Allreduce 940244 940247 -2 0 2 3 4
Allgatherv 940287 940291 -2 0 2 3 4
Allreduce 940309 940311 -2 0 2 3 4
Allgatherv 940351 940356 -2 0 2 3 4
Allreduce 940373 940376 -2 0 2 3 4
Allgatherv 940416 940420 -2 0 2 3 4
Allreduce 940437 940440 -2 0 2 3 4
Allgatherv 940480 940486 -2 0 2 3 4
Allreduce 940504 940506 -2 0 2 3 4
Allgatherv 940546 940550 -2 0 2 3 4
Allreduce 940568 940570 -2 0 2 3 4
Allgatherv 940610 940630 -2 0 2 3 4
Allreduce 940648 940660 -2 0 2 3 4
Allgatherv 940701 940708 -2 0 2 3 4
Allreduce 940727 940745 -2 0 2 3 4
Allgatherv 940786 940802 -2 0 2 3 4
Allreduce 940820 940837 -2 0 2 3 4
Allgatherv 940876 940888 -2 0 2 3 4
Allreduce 940905 940918 -2 0 2 3 4
Allgatherv 940957 940971 -2 0 2 3 4
Allreduce 940988 941001 -2 0 2 3 4
Allgatherv 941040 941048 -2 0 2 3 4
Allreduce 941065 941076 -2 0 2 3 4
Allgatherv 941116 941127 -2 0 2 3 4
Allreduce 941144 941156 -2 0 2 3 4
Allgatherv 941195 941209 -2 0 2 3 4
Allreduce 941227 941406 -2 0 2 3 4
Allgatherv 941446 941460 -2 0 2 3 4
Allreduce 941478 941485 -2 0 2 3 4
Allgatherv 941525 941530 -2 0 2 3 4
Allreduce 941549 941552 -2 0 2 3 4
Allgatherv 941594 941597 -2 0 2 3 4
Allreduce 941617 941692 -2 0 2 3 4
Allgatherv 941744 941755 -2 0 2 3 4
Allreduce 941773 941777 -2 0 2 3 4
Allgatherv 941818 941822 -2 0 2 3 4
Allreduce 941840 941909 -2 0 2 3 4
Allgatherv 941950 941990 -2 0 2 3 4
Allreduce 942008 942013 -2 0 2 3 4
Allgatherv 942054 942133 -2 0 2 3 4
Allreduce 942159 942163 -2 0 2 3 4
Allgatherv 942208 942231 -2 0 2 3 4
Allreduce 942250 942256 -2 0 2 3 4
Allgatherv 942297 942301 -2 0 2 3 4
Allreduce 942323 942329 -2 0 2 3 4
Allgatherv 942377 942385 -2 0 2 3 4
Allreduce 942411 942417 -2 0 2 3 4
Allgatherv 942466 942472 -2 0 2 3 4
Allreduce 942496 942504 -2 0 2 3 4
Allgatherv 942553 942561 -2 0 2 3 4
Allreduce 942586 942823 -2 0 2 3 4
Allgatherv 942887 943017 -2 0 2 3 4
Allreduce 943035 943094 -2 0 2 3 4
Allgatherv 943135 943142 -2 0 2 3 4
Allreduce 943160 943163 -2 0 2 3 4
Allgatherv 943204 943208 -2 0 2 3 4
Allreduce 943227 943230 -2 0 2 3 4
Allgatherv 943271 943376 -2 0 2 3 4
Allreduce 943393 943401 -2 0 2 3 4
Allgatherv 943442 943449 -2 0 2 3 4
Allreduce 943466 943494 -2 0 2 3 4
Allgatherv 943540 943582 -2 0 2 3 4
Allreduce 943603 943616 -2 0 2 3 4
Allgatherv 943640 943675 -2 0 2 3 4
Allreduce 943686 943705 -2 0 2 3 4
Allgatherv 943729 943766 -2 0 2 3 4
Allreduce 943782 943821 -2 0 2 3 4
Allgatherv 943850 943928 -2 0 2 3 4
Allreduce 943937 943948 -2 0 2 3 4
Allgatherv 943970 943994 -2 0 2 3 4
Allreduce 944003 944021 -2 0 2 3 4
Allgatherv 944043 944068 -2 0 2 3 4
Allreduce 944078 944097 -2 0 2 3 4
Allgatherv 945967 947570 -2 0 2 3 4
Allreduce 947598 947614 -2 0 2 3 4
Allgatherv 947657 947670 -2 0 2 3 4
Allreduce 947688 947703 -2 0 2 3 4
Allgatherv 947743 947754 -2 0 2 3 4
Allreduce 947772 947783 -2 0 2 3 4
Allgatherv 947824 947830 -2 0 2 3 4
Allreduce 947847 947860 -2 0 2 3 4
Allgatherv 947901 947911 -2 0 2 3 4
Allreduce 947929 947932 -2 0 2 3 4
Allgatherv 947972 947976 -2 0 2 3 4
Allreduce 947993 947996 -2 0 2 3 4
Allgatherv 948036 948041 -2 0 2 3 4
Allreduce 948058 948061 -2 0 2 3 4
Allgatherv 948101 948105 -2 0 2 3 4
Allreduce 948122 948125 -2 0 2 3 4
Allgatherv 948165 948169 -2 0 2 3 4
Allreduce 948188 948191 -2 0 2 3 4
Allgatherv 948231 948235 -2 0 2 3 4
Allreduce 948254 948257 -2 0 2 3 4
Allgatherv 948297 948301 -2 0 2 3 4
Allreduce 948318 948321 -2 0 2 3 4
Allgatherv 948361 948365 -2 0 2 3 4
Allreduce 948382 948385 -2 0 2 3 4
Allgatherv 948426 948429 -2 0 2 3 4
Allreduce 948447 948450 -2 0 2 3 4
Allgatherv 948490 948494 -2 0 2 3 4
Allreduce 948511 948514 -2 0 2 3 4
Allgatherv 948554 948557 -2 0 2 3 4
Allreduce 948575 948578 -2 0 2 3 4
Allgatherv 948621 948625 -2 0 2 3 4
Allreduce 948642 948656 -2 0 2 3 4
Allgatherv 948696 948711 -2 0 2 3 4
Allreduce 948730 948751 -2 0 2 3 4
Allgatherv 948792 948810 -2 0 2 3 4
Allreduce 948827 948845 -2 0 2 3 4
Allgatherv 948887 948897 -2 0 2 3 4
Allreduce 948915 948929 -2 0 2 3 4
Allgatherv 948970 948981 -2 0 2 3 4
Allreduce 948998 949009 -2 0 2 3 4
Allgatherv 949049 949056 -2 0 2 3 4
Allreduce 949073 949087 -2 0 2 3 4
Allgatherv 949127 949137 -2 0 2 3 4
Allreduce 949154 949169 -2 0 2 3 4
Allgatherv 949210 949224 -2 0 2 3 4
Allreduce 949242 949256 -2 0 2 3 4
Allgatherv 949297 949308 -2 0 2 3 4
Allreduce 949327 949342 -2 0 2 3 4
Allgatherv 949382 949393 -2 0 2 3 4
Allreduce 949411 949425 -2 0 2 3 4
Allgatherv 949465 949476 -2 0 2 3 4
Allreduce 949495 949507 -2 0 2 3 4
Allgatherv 949548 949559 -2 0 2 3 4
Allreduce 949577 949589 -2 0 2 3 4
Allgatherv 949633 949649 -2 0 2 3 4
Allreduce 949681 949693 -2 0 2 3 4
Allgatherv 949735 949739 -2 0 2 3 4
Allreduce 949757 949760 -2 0 2 3 4
Allgatherv 949801 949805 -2 0 2 3 4
Allreduce 949823 949826 -2 0 2 3 4
Allgatherv 949867 949871 -2 0 2 3 4
Allreduce 949889 949892 -2 0 2 3 4
Allgatherv 949933 949937 -2 0 2 3 4
Allreduce 949954 949957 -2 0 2 3 4
Allgatherv 949999 950003 -2 0 2 3 4
Allreduce 950020 950023 -2 0 2 3 4
Allgatherv 950065 950069 -2 0 2 3 4
Allreduce 950086 950089 -2 0 2 3 4
Allgatherv 950132 950136 -2 0 2 3 4
Allreduce 950154 950157 -2 0 2 3 4
Allgatherv 950198 950202 -2 0 2 3 4
Allreduce 950221 950224 -2 0 2 3 4
Allgatherv 950265 950269 -2 0 2 3 4
Allreduce 950287 950290 -2 0 2 3 4
Allgatherv 950331 950335 -2 0 2 3 4
Allreduce 950353 950356 -2 0 2 3 4
Allgatherv 950397 950401 -2 0 2 3 4
Allreduce 950419 950422 -2 0 2 3 4
Allgatherv 950463 950467 -2 0 2 3 4
Allreduce 950484 950487 -2 0 2 3 4
Allgatherv 950528 950532 -2 0 2 3 4
Allreduce 950550 950553 -2 0 2 3 4
Allgatherv 950597 950601 -2 0 2 3 4
Allreduce 950618 950632 -2 0 2 3 4
Allgatherv 950675 950689 -2 0 2 3 4
Allreduce 950707 950736 -2 0 2 3 4
Allgatherv 950777 950795 -2 0 2 3 4
Allreduce 950812 950832 -2 0 2 3 4
Allgatherv 950874 950885 -2 0 2 3 4
Allreduce 950903 950917 -2 0 2 3 4
Allgatherv 950958 950971 -2 0 2 3 4
Allreduce 950989 951003 -2 0 2 3 4
Allgatherv 951043 951048 -2 0 2 3 4
Allreduce 951066 951077 -2 0 2 3 4
Allgatherv 951117 951129 -2 0 2 3 4
Allreduce 951146 951157 -2 0 2 3 4
Allgatherv 951197 951206 -2 0 2 3 4
Allreduce 951224 951237 -2 0 2 3 4
Allgatherv 951277 951288 -2 0 2 3 4
Allreduce 951306 951320 -2 0 2 3 4
Allgatherv 951360 951373 -2 0 2 3 4
Allreduce 951391 951406 -2 0 2 3 4
Allgatherv 951449 951458 -2 0 2 3 4
Allreduce 951476 951491 -2 0 2 3 4
Allgatherv 951532 951542 -2 0 2 3 4
Allreduce 951560 951572 -2 0 2 3 4
Allgatherv 951618 951633 -2 0 2 3 4
Allreduce 951651 951661 -2 0 2 3 4
Allgatherv 951704 951708 -2 0 2 3 4
Allreduce 951726 951728 -2 0 2 3 4
Allgatherv 951768 951772 -2 0 2 3 4
Allreduce 951789 951792 -2 0 2 3 4
Allgatherv 951832 951836 -2 0 2 3 4
Allreduce 951854 951857 -2 0 2 3 4
Allgatherv 951896 951900 -2 0 2 3 4
Allreduce 951917 951920 -2 0 2 3 4
Allgatherv 951960 951964 -2 0 2 3 4
Allreduce 951981 951984 -2 0 2 3 4
Allgatherv 952024 952028 -2 0 2 3 4
Allreduce 952047 952050 -2 0 2 3 4
Allgatherv 952090 952094 -2 0 2 3 4
Allreduce 952111 952114 -2 0 2 3 4
Allgatherv 952154 952158 -2 0 2 3 4
Allreduce 952177 952180 -2 0 2 3 4
Allgatherv 952220 952224 -2 0 2 3 4
Allreduce 952241 952244 -2 0 2 3 4
Allgatherv 952284 952288 -2 0 2 3 4
Allreduce 952305 952308 -2 0 2 3 4
Allgatherv 952348 952352 -2 0 2 3 4
Allreduce 952369 952372 -2 0 2 3 4
Allgatherv 952412 952416 -2 0 2 3 4
Allreduce 952433 952436 -2 0 2 3 4
Allgatherv 952476 952480 -2 0 2 3 4
Allreduce 952497 952500 -2 0 2 3 4
Allgatherv 952541 952544 -2 0 2 3 4
Allreduce 952563 952566 -2 0 2 3 4
Allgatherv 952606 952610 -2 0 2 3 4
Allreduce 952627 952643 -2 0 2 3 4
Allgatherv 952683 952702 -2 0 2 3 4
Allreduce 952739 952831 -2 0 2 3 4
Allgatherv 952902 952908 -2 0 2 3 4
Allreduce 952928 952931 -2 0 2 3 4
Allgatherv 952965 952978 -2 0 2 3 4
Allreduce 953007 953010 -2 0 2 3 4
Allgatherv 953035 953055 -2 0 2 3 4
Allreduce 953066 953076 -2 0 2 3 4
Allgatherv 953099 953121 -2 0 2 3 4
Allreduce 953131 953141 -2 0 2 3 4
Allgatherv 953164 953185 -2 0 2 3 4
Allreduce 953195 953206 -2 0 2 3 4
Allgatherv 953229 953250 -2 0 2 3 4
Allreduce 953260 953272 -2 0 2 3 4
Allgatherv 953295 953316 -2 0 2 3 4
Allreduce 953328 953337 -2 0 2 3 4
Allgatherv 953360 953381 -2 0 2 3 4
Allreduce 953391 953402 -2 0 2 3 4
Allgatherv 953425 953447 -2 0 2 3 4
Allreduce 953457 953469 -2 0 2 3 4
Allgatherv 953492 953513 -2 0 2 3 4
Allreduce 953523 953534 -2 0 2 3 4
Allgatherv 953557 953578 -2 0 2 3 4
Allreduce 953588 953600 -2 0 2 3 4
Allgatherv 953622 953643 -2 0 2 3 4
Allreduce 953653 953664 -2 0 2 3 4
Allgatherv 953686 953710 -2 0 2 3 4
Allreduce 953721 953731 -2 0 2 3 4
Allgatherv 953754 953775 -2 0 2 3 4
Allreduce 953785 953796 -2 0 2 3 4
Allgatherv 953819 953840 -2 0 2 3 4
Allreduce 953850 953862 -2 0 2 3 4
Allgatherv 953886 953906 -2 0 2 3 4
Allreduce 953915 953926 -2 0 2 3 4
Allgatherv 953949 953970 -2 0 2 3 4
Allreduce 953980 953990 -2 0 2 3 4
Allgatherv 954013 954036 -2 0 2 3 4
Allreduce 954046 954058 -2 0 2 3 4
Allgatherv 954081 954102 -2 0 2 3 4
Allreduce 954112 954122 -2 0 2 3 4
Allgatherv 954145 954166 -2 0 2 3 4
Allreduce 954176 954188 -2 0 2 3 4
Allgatherv 954211 954232 -2 0 2 3 4
Allreduce 954242 954253 -2 0 2 3 4
Allgatherv 954275 954297 -2 0 2 3 4
Allreduce 954307 954317 -2 0 2 3 4
Allgatherv 954340 954361 -2 0 2 3 4
Allreduce 954371 954382 -2 0 2 3 4
Allgatherv 954405 954426 -2 0 2 3 4
Allreduce 954438 954449 -2 0 2 3 4
Allgatherv 954472 954492 -2 0 2 3 4
Allreduce 954502 954512 -2 0 2 3 4
Allgatherv 954535 954556 -2 0 2 3 4
Allreduce 954566 954579 -2 0 2 3 4
Allgatherv 954608 954623 -2 0 2 3 4
Allreduce 954637 954644 -2 0 2 3 4
Allgatherv 954670 954687 -2 0 2 3 4
Allreduce 954699 954724 -2 0 2 3 4
Allgatherv 954746 954766 -2 0 2 3 4
Allreduce 954775 954784 -2 0 2 3 4
Allgatherv 954805 954825 -2 0 2 3 4
Allreduce 954834 954843 -2 0 2 3 4
Allgatherv 954864 954884 -2 0 2 3 4
Allreduce 954893 954903 -2 0 2 3 4
Allgatherv 954924 954944 -2 0 2 3 4
Allreduce 954953 954962 -2 0 2 3 4
Allgatherv 954983 955004 -2 0 2 3 4
Allreduce 955015 955023 -2 0 2 3 4
Allgatherv 955045 955064 -2 0 2 3 4
Allreduce 955073 955083 -2 0 2 3 4
Allgatherv 955104 955124 -2 0 2 3 4
Allreduce 955133 955144 -2 0 2 3 4
Allgatherv 955165 955185 -2 0 2 3 4
Allreduce 955194 955204 -2 0 2 3 4
Allgatherv 955225 955244 -2 0 2 3 4
Allreduce 955253 955263 -2 0 2 3 4
Allgatherv 955284 955304 -2 0 2 3 4
Allreduce 955314 955323 -2 0 2 3 4
Allgatherv 955344 955363 -2 0 2 3 4
Allreduce 955373 955382 -2 0 2 3 4
Allgatherv 955403 955423 -2 0 2 3 4
Allreduce 955432 955441 -2 0 2 3 4
Allgatherv 955462 955482 -2 0 2 3 4
Allreduce 955491 955500 -2 0 2 3 4
Allgatherv 955523 955543 -2 0 2 3 4
Allreduce 955552 955562 -2 0 2 3 4
Allgatherv 955583 955602 -2 0 2 3 4
Allreduce 955611 955621 -2 0 2 3 4
Allgatherv 955642 955662 -2 0 2 3 4
Allreduce 955671 955682 -2 0 2 3 4
Allgatherv 955705 955739 -2 0 2 3 4
Allreduce 955749 955758 -2 0 2 3 4
Allgatherv 955778 955797 -2 0 2 3 4
Allreduce 955806 955816 -2 0 2 3 4
Allgatherv 955836 955856 -2 0 2 3 4
Allreduce 955865 955874 -2 0 2 3 4
Allgatherv 955895 955914 -2 0 2 3 4
Allreduce 955923 955932 -2 0 2 3 4
Allgatherv 955953 955972 -2 0 2 3 4
Allreduce 955980 955990 -2 0 2 3 4
Allgatherv 956010 956029 -2 0 2 3 4
Allreduce 956038 956049 -2 0 2 3 4
Allgatherv 956071 956088 -2 0 2 3 4
Allreduce 956097 956107 -2 0 2 3 4
Allgatherv 956127 956146 -2 0 2 3 4
Allreduce 956155 956165 -2 0 2 3 4
Allgatherv 956185 956206 -2 0 2 3 4
Allreduce 956214 956225 -2 0 2 3 4
Allgatherv 956246 956265 -2 0 2 3 4
Allreduce 956274 956283 -2 0 2 3 4
Allgatherv 956304 956323 -2 0 2 3 4
Allreduce 956331 956342 -2 0 2 3 4
Allgatherv 956363 956382 -2 0 2 3 4
Allreduce 956391 956400 -2 0 2 3 4
Allgatherv 956421 956440 -2 0 2 3 4
Allreduce 956448 956458 -2 0 2 3 4
Allgatherv 956478 956497 -2 0 2 3 4
Allreduce 956506 956516 -2 0 2 3 4
Allgatherv 956536 956555 -2 0 2 3 4
Allreduce 956566 956575 -2 0 2 3 4
Allgatherv 956601 956615 -2 0 2 3 4
Allreduce 956627 956634 -2 0 2 3 4
Allgatherv 956657 956674 -2 0 2 3 4
Allreduce 956684 956694 -2 0 2 3 4
Allgatherv 956716 956736 -2 0 2 3 4
Allreduce 956745 956755 -2 0 2 3 4
Allgatherv 956776 956795 -2 0 2 3 4
Allreduce 956804 956814 -2 0 2 3 4
Allgatherv 956834 956853 -2 0 2 3 4
Allreduce 956862 956873 -2 0 2 3 4
Allgatherv 956893 956912 -2 0 2 3 4
Allreduce 956921 956931 -2 0 2 3 4
Allgatherv 956951 956970 -2 0 2 3 4
Allreduce 956979 956988 -2 0 2 3 4
Allgatherv 957008 957027 -2 0 2 3 4
Allreduce 957036 957046 -2 0 2 3 4
Allgatherv 957067 957087 -2 0 2 3 4
Allreduce 957097 957106 -2 0 2 3 4
Allgatherv 957126 957145 -2 0 2 3 4
Allreduce 957154 957164 -2 0 2 3 4
Allgatherv 957184 957203 -2 0 2 3 4
Allreduce 957212 957223 -2 0 2 3 4
Allgatherv 957244 957264 -2 0 2 3 4
Allreduce 957272 957281 -2 0 2 3 4
Allgatherv 957302 957321 -2 0 2 3 4
Allreduce 957330 957339 -2 0 2 3 4
Allgatherv 957360 957379 -2 0 2 3 4
Allreduce 957387 957398 -2 0 2 3 4
Allgatherv 957419 957438 -2 0 2 3 4
Allreduce 957447 957456 -2 0 2 3 4
Allgatherv 957476 957495 -2 0 2 3 4
Allreduce 957504 957514 -2 0 2 3 4
Allgatherv 957534 957553 -2 0 2 3 4
Allreduce 957562 957572 -2 0 2 3 4
Allgatherv 957593 957612 -2 0 2 3 4
Allreduce 957621 957631 -2 0 2 3 4
Allgatherv 957651 957671 -2 0 2 3 4
Allreduce 957680 957691 -2 0 2 3 4
Allgatherv 957712 957731 -2 0 2 3 4
Allreduce 957740 957751 -2 0 2 3 4
Allgatherv 957772 957791 -2 0 2 3 4
Allreduce 957800 957809 -2 0 2 3 4
Allgatherv 957829 957848 -2 0 2 3 4
Allreduce 957857 957867 -2 0 2 3 4
Allgatherv 957887 957909 -2 0 2 3 4
Allreduce 957918 957930 -2 0 2 3 4
Allgatherv 958075 958081 -2 0 2 3 4
Allreduce 958100 958108 -2 0 2 3 4
Allgatherv 958141 958149 -2 0 2 3 4
Allreduce 958167 958170 -2 0 2 3 4
Allgatherv 958203 958210 -2 0 2 3 4
Allreduce 958227 958230 -2 0 2 3 4
Allgatherv 958263 958270 -2 0 2 3 4
Allreduce 958286 958288 -2 0 2 3 4
Allgatherv 958367 958372 -2 0 2 3 4
Allreduce 958391 958399 -2 0 2 3 4
Allgatherv 958433 958440 -2 0 2 3 4
Allreduce 958457 958462 -2 0 2 3 4
Allgatherv 958509 958559 -2 0 2 3 4
Allreduce 958576 958578 -2 0 2 3 4
Allgatherv 958600 958618 -2 0 2 3 4
Allreduce 958627 958637 -2 0 2 3 4
Allgatherv 958709 958714 -2 0 2 3 4
Allreduce 958729 958735 -2 0 2 3 4
Allgatherv 958757 958775 -2 0 2 3 4
Allreduce 958783 958793 -2 0 2 3 4
Allgatherv 958813 958832 -2 0 2 3 4
Allreduce 958841 958850 -2 0 2 3 4
Allgatherv 958870 958893 -2 0 2 3 4
Allreduce 958907 958922 -2 0 2 3 4
Allgatherv 958944 958974 -2 0 2 3 4
Allreduce 958985 958999 -2 0 2 3 4
Allgatherv 959023 959048 -2 0 2 3 4
Allreduce 959059 959074 -2 0 2 3 4
Allgatherv 959099 959125 -2 0 2 3 4
Allreduce 959137 959157 -2 0 2 3 4
Allgatherv 959180 959204 -2 0 2 3 4
Allreduce 959230 959234 -2 0 2 3 4
Allgatherv 959258 959283 -2 0 2 3 4
Allreduce 959295 959311 -2 0 2 3 4
Allgatherv 959338 959359 -2 0 2 3 4
Allreduce 959370 959385 -2 0 2 3 4
Allgatherv 959410 959437 -2 0 2 3 4
Allreduce 959449 959462 -2 0 2 3 4
Allgatherv 959490 959519 -2 0 2 3 4
Allreduce 959532 959543 -2 0 2 3 4
Allgatherv 959565 959583 -2 0 2 3 4
Allreduce 959591 959602 -2 0 2 3 4
Allgatherv 959622 959642 -2 0 2 3 4
Allreduce 959650 959660 -2 0 2 3 4
Allgatherv 959683 959704 -2 0 2 3 4
Allreduce 959713 959723 -2 0 2 3 4
Allgatherv 959744 959766 -2 0 2 3 4
Allreduce 959776 959867 -2 0 2 3 4
Allgatherv 959892 959908 -2 0 2 3 4
Allreduce 959917 959928 -2 0 2 3 4
Allgatherv 959961 959967 -2 0 2 3 4
Allreduce 959978 959986 -2 0 2 3 4
Allgatherv 960007 960025 -2 0 2 3 4
Allreduce 960034 960043 -2 0 2 3 4
Allgatherv 960064 960083 -2 0 2 3 4
Allreduce 960091 960101 -2 0 2 3 4
Allgatherv 960122 960141 -2 0 2 3 4
Allreduce 960151 960159 -2 0 2 3 4
Allgatherv 960179 960198 -2 0 2 3 4
Allreduce 960207 960218 -2 0 2 3 4
Allgatherv 960238 960257 -2 0 2 3 4
Allreduce 960265 960275 -2 0 2 3 4
Allgatherv 960295 960314 -2 0 2 3 4
Allreduce 960323 960334 -2 0 2 3 4
Allgatherv 960355 960375 -2 0 2 3 4
Allreduce 960383 960392 -2 0 2 3 4
Allgatherv 960413 960432 -2 0 2 3 4
Allreduce 960440 960450 -2 0 2 3 4
Allgatherv 960471 960489 -2 0 2 3 4
Allreduce 960498 960509 -2 0 2 3 4
Allgatherv 960529 960548 -2 0 2 3 4
Allreduce 960620 960624 -2 0 2 3 4
Allgatherv 960650 960671 -2 0 2 3 4
Allreduce 960701 960774 -2 0 2 3 4
Allgatherv 960804 960817 -2 0 2 3 4
Allreduce 960828 960841 -2 0 2 3 4
Allgatherv 960867 960892 -2 0 2 3 4
Allreduce 960914 960917 -2 0 2 3 4
Allgatherv 960970 960976 -2 0 2 3 4
Allreduce 961007 961011 -2 0 2 3 4
Allgatherv 961055 961061 -2 0 2 3 4
Allreduce 961085 961090 -2 0 2 3 4
Allgatherv 961135 961140 -2 0 2 3 4
Allreduce 961162 961167 -2 0 2 3 4
Allgatherv 961204 961209 -2 0 2 3 4
Allreduce 961234 961237 -2 0 2 3 4
Allgatherv 961271 961277 -2 0 2 3 4
Allreduce 961298 961302 -2 0 2 3 4
Allgatherv 961343 961348 -2 0 2 3 4
Allreduce 961372 961376 -2 0 2 3 4
Allgatherv 961412 961417 -2 0 2 3 4
Allreduce 961442 961446 -2 0 2 3 4
Allgatherv 961490 961495 -2 0 2 3 4
Allreduce 961520 961524 -2 0 2 3 4
Allgatherv 961566 961571 -2 0 2 3 4
Allreduce 961595 961598 -2 0 2 3 4
Allgatherv 961641 961646 -2 0 2 3 4
Allreduce 961674 961679 -2 0 2 3 4
Allgatherv 961725 961730 -2 0 2 3 4
Allreduce 961755 961759 -2 0 2 3 4
Allgatherv 961800 961806 -2 0 2 3 4
Allreduce 961824 961829 -2 0 2 3 4
Allgatherv 961869 961873 -2 0 2 3 4
Allreduce 961896 961901 -2 0 2 3 4
Allgatherv 961936 961942 -2 0 2 3 4
Allreduce 961953 961959 -2 0 2 3 4
Allgatherv 961980 961999 -2 0 2 3 4
Allreduce 962008 962016 -2 0 2 3 4
Allgatherv 962039 962056 -2 0 2 3 4
Allreduce 962065 962073 -2 0 2 3 4
Allgatherv 962094 962112 -2 0 2 3 4
Allreduce 962121 962131 -2 0 2 3 4
Allgatherv 962152 962170 -2 0 2 3 4
Allreduce 962179 962188 -2 0 2 3 4
Allgatherv 962209 962228 -2 0 2 3 4
Allreduce 962237 962245 -2 0 2 3 4
Allgatherv 962266 962284 -2 0 2 3 4
Allreduce 962293 962302 -2 0 2 3 4
Allgatherv 962323 962341 -2 0 2 3 4
Allreduce 962350 962359 -2 0 2 3 4
Allgatherv 962379 962398 -2 0 2 3 4
Allreduce 962407 962415 -2 0 2 3 4
Allgatherv 962436 962455 -2 0 2 3 4
Allreduce 962465 962473 -2 0 2 3 4
Allgatherv 962494 962512 -2 0 2 3 4
Allreduce 962522 962529 -2 0 2 3 4
Allgatherv 962550 962589 -2 0 2 3 4
Allreduce 962608 962611 -2 0 2 3 4
Allgatherv 962645 962673 -2 0 2 3 4
Allreduce 962701 962706 -2 0 2 3 4
Allgatherv 962778 962786 -2 0 2 3 4
Allreduce 962814 962819 -2 0 2 3 4
Allgatherv 962844 962875 -2 0 2 3 4
Allreduce 962885 962906 -2 0 2 3 4
Allgatherv 962927 962956 -2 0 2 3 4
Allreduce 962965 962985 -2 0 2 3 4
Allgatherv 963006 963028 -2 0 2 3 4
Allreduce 963037 963053 -2 0 2 3 4
Allgatherv 963074 963102 -2 0 2 3 4
Allreduce 963111 963132 -2 0 2 3 4
Allgatherv 963153 963177 -2 0 2 3 4
Allreduce 963186 963207 -2 0 2 3 4
Allgatherv 963229 963257 -2 0 2 3 4
Allreduce 963266 963286 -2 0 2 3 4
Allgatherv 963307 963338 -2 0 2 3 4
Allreduce 963346 963367 -2 0 2 3 4
Allgatherv 963388 963416 -2 0 2 3 4
Allreduce 963424 963445 -2 0 2 3 4
Allgatherv 963467 963494 -2 0 2 3 4
Allreduce 963502 963519 -2 0 2 3 4
Allgatherv 963540 963568 -2 0 2 3 4
Allreduce 963577 963598 -2 0 2 3 4
Allgatherv 963620 963648 -2 0 2 3 4
Allreduce 963657 963667 -2 0 2 3 4
Allgatherv 963688 963709 -2 0 2 3 4
Allreduce 963717 963727 -2 0 2 3 4
Allgatherv 963748 963770 -2 0 2 3 4
Allreduce 963779 963791 -2 0 2 3 4
Allgatherv 963813 963833 -2 0 2 3 4
Allreduce 963843 963852 -2 0 2 3 4
Allgatherv 963873 963893 -2 0 2 3 4
Allreduce 963902 963911 -2 0 2 3 4
Allgatherv 963932 963953 -2 0 2 3 4
Allreduce 963961 963973 -2 0 2 3 4
Allgatherv 963994 964014 -2 0 2 3 4
Allreduce 964023 964032 -2 0 2 3 4
Allgatherv 964054 964074 -2 0 2 3 4
Allreduce 964083 964092 -2 0 2 3 4
Allgatherv 964114 964134 -2 0 2 3 4
Allreduce 964143 964153 -2 0 2 3 4
Allgatherv 964174 964194 -2 0 2 3 4
Allreduce 964203 964213 -2 0 2 3 4
Allgatherv 964234 964254 -2 0 2 3 4
Allreduce 964263 964272 -2 0 2 3 4
Allgatherv 964293 964314 -2 0 2 3 4
Allreduce 964322 964334 -2 0 2 3 4
Allgatherv 964356 964374 -2 0 2 3 4
Allreduce 964383 964393 -2 0 2 3 4
Allgatherv 964414 964435 -2 0 2 3 4
Allreduce 964443 964453 -2 0 2 3 4
Allgatherv 964474 964494 -2 0 2 3 4
Allreduce 964502 964514 -2 0 2 3 4
Allgatherv 964535 964555 -2 0 2 3 4
Allreduce 964587 964591 -2 0 2 3 4
Allgatherv 964627 964642 -2 0 2 3 4
Allreduce 964669 964673 -2 0 2 3 4
Allgatherv 964713 964734 -2 0 2 3 4
Allreduce 964766 964772 -2 0 2 3 4
Allgatherv 964803 964830 -2 0 2 3 4
Allreduce 964840 964861 -2 0 2 3 4
Allgatherv 964883 964913 -2 0 2 3 4
Allreduce 964923 964942 -2 0 2 3 4
Allgatherv 964963 964988 -2 0 2 3 4
Allreduce 964999 965015 -2 0 2 3 4
Allgatherv 965036 965064 -2 0 2 3 4
Allreduce 965073 965090 -2 0 2 3 4
Allgatherv 965112 965140 -2 0 2 3 4
Allreduce 965150 965169 -2 0 2 3 4
Allgatherv 965190 965218 -2 0 2 3 4
Allreduce 965228 965248 -2 0 2 3 4
Allgatherv 965270 965297 -2 0 2 3 4
Allreduce 965307 965327 -2 0 2 3 4
Allgatherv 965349 965379 -2 0 2 3 4
Allreduce 965388 965410 -2 0 2 3 4
Allgatherv 965432 965458 -2 0 2 3 4
Allreduce 965468 965486 -2 0 2 3 4
Allgatherv 965508 965534 -2 0 2 3 4
Allreduce 965544 965563 -2 0 2 3 4
Allgatherv 965585 965605 -2 0 2 3 4
Allreduce 965614 965624 -2 0 2 3 4
Allgatherv 965647 965667 -2 0 2 3 4
Allreduce 965677 965685 -2 0 2 3 4
Allgatherv 965721 965741 -2 0 2 3 4
Allreduce 965751 965762 -2 0 2 3 4
Allgatherv 965785 965805 -2 0 2 3 4
Allreduce 965815 965824 -2 0 2 3 4
Allgatherv 965846 965868 -2 0 2 3 4
Allreduce 965878 965887 -2 0 2 3 4
Allgatherv 965909 965930 -2 0 2 3 4
Allreduce 965940 965949 -2 0 2 3 4
Allgatherv 965971 965991 -2 0 2 3 4
Allreduce 966001 966011 -2 0 2 3 4
Allgatherv 966033 966053 -2 0 2 3 4
Allreduce 966063 966072 -2 0 2 3 4
Allgatherv 966095 966114 -2 0 2 3 4
Allreduce 966124 966134 -2 0 2 3 4
Allgatherv 966156 966177 -2 0 2 3 4
Allreduce 966188 966195 -2 0 2 3 4
Allgatherv 966218 966239 -2 0 2 3 4
Allreduce 966249 966258 -2 0 2 3 4
Allgatherv 966280 966300 -2 0 2 3 4
Allreduce 966310 966319 -2 0 2 3 4
Allgatherv 966341 966361 -2 0 2 3 4
Allreduce 966371 966382 -2 0 2 3 4
Allgatherv 966404 966425 -2 0 2 3 4
Allreduce 966434 966443 -2 0 2 3 4
Allgatherv 966465 966486 -2 0 2 3 4
Allreduce 966495 966505 -2 0 2 3 4
Allgatherv 966527 966547 -2 0 2 3 4
Allreduce 966557 966577 -2 0 2 3 4
Allgatherv 966615 966621 -2 0 2 3 4
Allreduce 966634 966643 -2 0 2 3 4
Allgatherv 966682 966688 -2 0 2 3 4
Allreduce 966722 966730 -2 0 2 3 4
Allgatherv 966779 966784 -2 0 2 3 4
Allreduce 966798 966806 -2 0 2 3 4
Allgatherv 966829 966850 -2 0 2 3 4
Allreduce 966859 966869 -2 0 2 3 4
Allgatherv 966891 966911 -2 0 2 3 4
Allreduce 966920 966931 -2 0 2 3 4
Allgatherv 966953 966973 -2 0 2 3 4
Allreduce 966982 966994 -2 0 2 3 4
Allgatherv 967016 967037 -2 0 2 3 4
Allreduce 967045 967056 -2 0 2 3 4
Allgatherv 967078 967099 -2 0 2 3 4
Allreduce 967108 967118 -2 0 2 3 4
Allgatherv 967140 967163 -2 0 2 3 4
Allreduce 967172 967183 -2 0 2 3 4
Allgatherv 967205 967225 -2 0 2 3 4
Allreduce 967234 967245 -2 0 2 3 4
Allgatherv 967266 967287 -2 0 2 3 4
Allreduce 967296 967306 -2 0 2 3 4
Allgatherv 967330 967349 -2 0 2 3 4
Allreduce 967358 967370 -2 0 2 3 4
Allgatherv 967392 967412 -2 0 2 3 4
Allreduce 967421 967431 -2 0 2 3 4
Allgatherv 967453 967474 -2 0 2 3 4
Allreduce 967482 967493 -2 0 2 3 4
Allgatherv 967515 967535 -2 0 2 3 4
Allreduce 967544 967556 -2 0 2 3 4
Allgatherv 967578 967598 -2 0 2 3 4
Allreduce 967607 967617 -2 0 2 3 4
Allgatherv 967639 967660 -2 0 2 3 4
Allreduce 967668 967679 -2 0 2 3 4
Allgatherv 967701 967724 -2 0 2 3 4
Allreduce 967733 967744 -2 0 2 3 4
Allgatherv 967767 967788 -2 0 2 3 4
Allreduce 967797 967808 -2 0 2 3 4
Allgatherv 967829 967850 -2 0 2 3 4
Allreduce 967860 967870 -2 0 2 3 4
Allgatherv 967891 967912 -2 0 2 3 4
Allreduce 967921 967932 -2 0 2 3 4
Allgatherv 967955 967975 -2 0 2 3 4
Allreduce 967983 967994 -2 0 2 3 4
Allgatherv 968016 968037 -2 0 2 3 4
Allreduce 968045 968056 -2 0 2 3 4
Allgatherv 968077 968098 -2 0 2 3 4
Allreduce 968107 968118 -2 0 2 3 4
Allgatherv 968140 968160 -2 0 2 3 4
Allreduce 968169 968180 -2 0 2 3 4
Allgatherv 968201 968222 -2 0 2 3 4
Allreduce 968231 968244 -2 0 2 3 4
Allgatherv 968266 968286 -2 0 2 3 4
Allreduce 968295 968305 -2 0 2 3 4
Allgatherv 968327 968347 -2 0 2 3 4
Allreduce 968356 968367 -2 0 2 3 4
Allgatherv 968388 968409 -2 0 2 3 4
Allreduce 968419 968428 -2 0 2 3 4
Allgatherv 968450 968472 -2 0 2 3 4
Allreduce 968480 968491 -2 0 2 3 4
Allgatherv 968513 968533 -2 0 2 3 4
Allreduce 968543 968552 -2 0 2 3 4
Allgatherv 968574 968594 -2 0 2 3 4
Allreduce 968603 968614 -2 0 2 3 4
Allgatherv 968635 968657 -2 0 2 3 4
Allreduce 968666 968677 -2 0 2 3 4
Allgatherv 968698 968733 -2 0 2 3 4
Allreduce 968742 968756 -2 0 2 3 4
Allgatherv 968889 968897 -2 0 2 3 4
Allreduce 968926 968932 -2 0 2 3 4
Allgatherv 968988 968994 -2 0 2 3 4
Allreduce 969020 969025 -2 0 2 3 4
Allgatherv 969075 969080 -2 0 2 3 4
Allreduce 969110 969115 -2 0 2 3 4
Allgatherv 969170 969176 -2 0 2 3 4
Allreduce 969207 969212 -2 0 2 3 4
Allgatherv 969271 969277 -2 0 2 3 4
Allreduce 969308 969313 -2 0 2 3 4
Allgatherv 969365 969371 -2 0 2 3 4
Allreduce 969397 969402 -2 0 2 3 4
Allgatherv 969450 969456 -2 0 2 3 4
Allreduce 969482 969487 -2 0 2 3 4
Allgatherv 969535 969541 -2 0 2 3 4
Allreduce 969594 969599 -2 0 2 3 4
Allgatherv 969669 969690 -2 0 2 3 4
Allreduce 969709 969723 -2 0 2 3 4
Allgatherv 969768 969786 -2 0 2 3 4
Allreduce 969804 969819 -2 0 2 3 4
Allgatherv 969860 969874 -2 0 2 3 4
Allreduce 969891 969906 -2 0 2 3 4
Allgatherv 969948 969958 -2 0 2 3 4
Allreduce 969974 969988 -2 0 2 3 4
Allgatherv 970029 970039 -2 0 2 3 4
Allreduce 970056 970068 -2 0 2 3 4
Allgatherv 970109 970127 -2 0 2 3 4
Allreduce 970144 970155 -2 0 2 3 4
Allgatherv 970196 970200 -2 0 2 3 4
Allreduce 970217 970220 -2 0 2 3 4
Allgatherv 970260 970264 -2 0 2 3 4
Allreduce 970282 970285 -2 0 2 3 4
Allgatherv 970325 970329 -2 0 2 3 4
Allreduce 970346 970349 -2 0 2 3 4
Allgatherv 970389 970393 -2 0 2 3 4
Allreduce 970412 970415 -2 0 2 3 4
Allgatherv 970455 970459 -2 0 2 3 4
Allreduce 970476 970479 -2 0 2 3 4
Allgatherv 970519 970524 -2 0 2 3 4
Allreduce 970542 970545 -2 0 2 3 4
Allgatherv 970586 970589 -2 0 2 3 4
Allreduce 970607 970610 -2 0 2 3 4
Allgatherv 970650 970654 -2 0 2 3 4
Allreduce 970671 970674 -2 0 2 3 4
Allgatherv 970714 970718 -2 0 2 3 4
Allreduce 970735 970738 -2 0 2 3 4
Allgatherv 970782 970787 -2 0 2 3 4
Allreduce 970805 970811 -2 0 2 3 4
Allgatherv 970853 970859 -2 0 2 3 4
Allreduce 970877 970880 -2 0 2 3 4
Allgatherv 970920 970925 -2 0 2 3 4
Allreduce 970942 970945 -2 0 2 3 4
Allgatherv 970985 970990 -2 0 2 3 4
Allreduce 971009 971012 -2 0 2 3 4
Allgatherv 971052 971058 -2 0 2 3 4
Allreduce 971075 971078 -2 0 2 3 4
Allgatherv 971120 971123 -2 0 2 3 4
Allreduce 971140 971143 -2 0 2 3 4
Allgatherv 971183 971188 -2 0 2 3 4
Allreduce 971205 971208 -2 0 2 3 4
Allgatherv 971248 971252 -2 0 2 3 4
Allreduce 971270 971273 -2 0 2 3 4
Allgatherv 971314 971317 -2 0 2 3 4
Allreduce 971334 971337 -2 0 2 3 4
Allgatherv 971377 971381 -2 0 2 3 4
Allreduce 971398 971401 -2 0 2 3 4
Allgatherv 971441 971445 -2 0 2 3 4
Allreduce 971462 971465 -2 0 2 3 4
Allgatherv 971505 971509 -2 0 2 3 4
Allreduce 971526 971529 -2 0 2 3 4
Allgatherv 971570 971574 -2 0 2 3 4
Allreduce 971592 971595 -2 0 2 3 4
Allgatherv 971635 971641 -2 0 2 3 4
Allreduce 971660 971663 -2 0 2 3 4
Allgatherv 971703 971707 -2 0 2 3 4
Allreduce 971738 971741 -2 0 2 3 4
Allgatherv 971783 971786 -2 0 2 3 4
Allreduce 971804 971807 -2 0 2 3 4
Allgatherv 971850 971854 -2 0 2 3 4
Allreduce 971873 971877 -2 0 2 3 4
Allgatherv 971918 971922 -2 0 2 3 4
Allreduce 971939 971942 -2 0 2 3 4
Allgatherv 971984 971988 -2 0 2 3 4
Allreduce 972005 972008 -2 0 2 3 4
Allgatherv 972050 972054 -2 0 2 3 4
Allreduce 972072 972075 -2 0 2 3 4
Allgatherv 972116 972121 -2 0 2 3 4
Allreduce 972140 972143 -2 0 2 3 4
Allgatherv 972185 972188 -2 0 2 3 4
Allreduce 972207 972210 -2 0 2 3 4
Allgatherv 972253 972257 -2 0 2 3 4
Allreduce 972275 972278 -2 0 2 3 4
Allgatherv 972319 972323 -2 0 2 3 4
Allreduce 972341 972344 -2 0 2 3 4
Allgatherv 972385 972389 -2 0 2 3 4
Allreduce 972406 972409 -2 0 2 3 4
Allgatherv 972451 972456 -2 0 2 3 4
Allreduce 972474 972477 -2 0 2 3 4
Allgatherv 972518 972522 -2 0 2 3 4
Allreduce 972539 972542 -2 0 2 3 4
Allgatherv 972612 972616 -2 0 2 3 4
Allreduce 972634 972641 -2 0 2 3 4
Allgatherv 972682 972685 -2 0 2 3 4
Allreduce 972717 972720 -2 0 2 3 4
Allgatherv 972762 972766 -2 0 2 3 4
Allreduce 972786 972790 -2 0 2 3 4
Allgatherv 972834 972839 -2 0 2 3 4
Allreduce 972860 972863 -2 0 2 3 4
Allgatherv 972905 972909 -2 0 2 3 4
Allreduce 972927 972930 -2 0 2 3 4
Allgatherv 972973 972977 -2 0 2 3 4
Allreduce 972995 972998 -2 0 2 3 4
Allgatherv 973040 973044 -2 0 2 3 4
Allreduce 973063 973066 -2 0 2 3 4
Allgatherv 973108 973114 -2 0 2 3 4
Allreduce 973132 973135 -2 0 2 3 4
Allgatherv 973178 973182 -2 0 2 3 4
Allreduce 973200 973203 -2 0 2 3 4
Allgatherv 973246 973250 -2 0 2 3 4
Allreduce 973268 973271 -2 0 2 3 4
Allgatherv 973314 973318 -2 0 2 3 4
Allreduce 973336 973339 -2 0 2 3 4
Allgatherv 973383 973387 -2 0 2 3 4
Allreduce 973406 973409 -2 0 2 3 4
Allgatherv 973453 973458 -2 0 2 3 4
Allreduce 973476 973480 -2 0 2 3 4
Allgatherv 973523 973527 -2 0 2 3 4
Allreduce 973545 973548 -2 0 2 3 4
Allgatherv 973590 973595 -2 0 2 3 4
Allreduce 973613 973616 -2 0 2 3 4
Allgatherv 973659 973663 -2 0 2 3 4
Allreduce 973681 973684 -2 0 2 3 4
Allgatherv 973740 973745 -2 0 2 3 4
Allreduce 973763 973766 -2 0 2 3 4
Allgatherv 973807 973812 -2 0 2 3 4
Allreduce 973832 973835 -2 0 2 3 4
Allgatherv 973876 973880 -2 0 2 3 4
Allreduce 973898 973901 -2 0 2 3 4
Allgatherv 973942 973947 -2 0 2 3 4
Allreduce 973966 973969 -2 0 2 3 4
Allgatherv 974011 974014 -2 0 2 3 4
Allreduce 974034 974037 -2 0 2 3 4
Allgatherv 974078 974084 -2 0 2 3 4
Allreduce 974102 974105 -2 0 2 3 4
Allgatherv 974146 974150 -2 0 2 3 4
Allreduce 974168 974171 -2 0 2 3 4
Allgatherv 974212 974215 -2 0 2 3 4
Allreduce 974233 974236 -2 0 2 3 4
Allgatherv 974277 974281 -2 0 2 3 4
Allreduce 974299 974303 -2 0 2 3 4
Allgatherv 974344 974348 -2 0 2 3 4
Allreduce 974366 974369 -2 0 2 3 4
Allgatherv 974410 974415 -2 0 2 3 4
Allreduce 974433 974436 -2 0 2 3 4
Allgatherv 974477 974480 -2 0 2 3 4
Allreduce 974499 974502 -2 0 2 3 4
Allgatherv 974739 974745 -2 0 2 3 4
Allreduce 974760 974782 -2 0 2 3 4
Allgatherv 974809 974838 -2 0 2 3 4
Allreduce 974848 974860 -2 0 2 3 4
Allgatherv 974883 974909 -2 0 2 3 4
Allreduce 974936 974941 -2 0 2 3 4
Allgatherv 974982 975030 -2 0 2 3 4
Allreduce 975057 975061 -2 0 2 3 4
Allgatherv 975101 975108 -2 0 2 3 4
Allreduce 975126 975130 -2 0 2 3 4
Allgatherv 975171 975248 -2 0 2 3 4
Allreduce 975270 975281 -2 0 2 3 4
Allgatherv 975307 975331 -2 0 2 3 4
Allreduce 975341 975356 -2 0 2 3 4
Allgatherv 975402 975457 -2 0 2 3 4
Allreduce 975473 975488 -2 0 2 3 4
Allgatherv 975514 975535 -2 0 2 3 4
Allreduce 975546 975559 -2 0 2 3 4
Allgatherv 975583 975609 -2 0 2 3 4
Allreduce 975625 975640 -2 0 2 3 4
Allgatherv 975667 975694 -2 0 2 3 4
Allreduce 975706 975735 -2 0 2 3 4
Allgatherv 975785 975793 -2 0 2 3 4
Allreduce 975821 975838 -2 0 2 3 4
Allgatherv 975884 975902 -2 0 2 3 4
Allreduce 975926 975934 -2 0 2 3 4
Allgatherv 975979 975991 -2 0 2 3 4
Allreduce 976016 976020 -2 0 2 3 4
Allgatherv 976060 976077 -2 0 2 3 4
Allreduce 976099 976105 -2 0 2 3 4
Allgatherv 976146 976164 -2 0 2 3 4
Allreduce 981818 982042 -2 0 2 3 4
Allgatherv 982094 982103 -2 0 2 3 4
Allreduce 982124 982128 -2 0 2 3 4
Allgatherv 982170 982176 -2 0 2 3 4
Allreduce 982194 982197 -2 0 2 3 4
Allgatherv 982240 982244 -2 0 2 3 4
Allreduce 982263 982266 -2 0 2 3 4
Allgatherv 982309 982314 -2 0 2 3 4
Allreduce 982333 982336 -2 0 2 3 4
Allgatherv 982382 982386 -2 0 2 3 4
Allreduce 982404 982407 -2 0 2 3 4
Allgatherv 982450 982454 -2 0 2 3 4
Allreduce 982473 982477 -2 0 2 3 4
Allgatherv 982520 982525 -2 0 2 3 4
Allreduce 982543 982546 -2 0 2 3 4
Allgatherv 982588 982593 -2 0 2 3 4
Allreduce 982612 982615 -2 0 2 3 4
Allgatherv 982657 982661 -2 0 2 3 4
Allreduce 982679 982683 -2 0 2 3 4
Allgatherv 982725 982730 -2 0 2 3 4
Allreduce 982749 982752 -2 0 2 3 4
Allgatherv 982795 982799 -2 0 2 3 4
Allreduce 982817 982820 -2 0 2 3 4
Allgatherv 982862 982866 -2 0 2 3 4
Allreduce 982885 982888 -2 0 2 3 4
Allgatherv 982932 982937 -2 0 2 3 4
Allreduce 982957 982960 -2 0 2 3 4
Allgatherv 983004 983009 -2 0 2 3 4
Allreduce 983027 983030 -2 0 2 3 4
Allgatherv 983072 983076 -2 0 2 3 4
Allreduce 983094 983099 -2 0 2 3 4
Allgatherv 983141 983146 -2 0 2 3 4
Allreduce 983164 983167 -2 0 2 3 4
Allgatherv 983209 983213 -2 0 2 3 4
Allreduce 983232 983235 -2 0 2 3 4
Allgatherv 983277 983281 -2 0 2 3 4
Allreduce 983299 983302 -2 0 2 3 4
Barrier 986927 986991
Barrier 987012 987098
Barrier 1141129 1168081
Barrier 1168106 1168120
Finalize 1173233 1177704
