SYSTEM_START_US: 1775662103914686
Bcast 806489 806553 -1 0
Bcast 806594 806597 -1 0
Bcast 806621 806622 -1 0
Bcast 867785 867789 -1 0
Bcast 867809 867810 -1 0
Scatterv 867840 870504 -1 0
Scatterv 870524 870540 -1 0
Allgatherv 870588 871257 -2 0 1 2 3
Allgatherv 871309 871344 -2 0 1 2 3
Allreduce 871367 871492 -2 0 1 2 3
Allgatherv 871563 871571 -2 0 1 2 3
Allreduce 871591 871618 -2 0 1 2 3
Allgatherv 871663 871676 -2 0 1 2 3
Allreduce 871695 871703 -2 0 1 2 3
Allgatherv 871789 871795 -2 0 1 2 3
Allreduce 871813 871818 -2 0 1 2 3
Allgatherv 871862 871869 -2 0 1 2 3
Allreduce 871887 871900 -2 0 1 2 3
Allgatherv 871944 871948 -2 0 1 2 3
Allreduce 871966 871971 -2 0 1 2 3
Allgatherv 872055 872059 -2 0 1 2 3
Allreduce 872077 872085 -2 0 1 2 3
Allgatherv 872129 872133 -2 0 1 2 3
Allreduce 872153 872159 -2 0 1 2 3
Allgatherv 872207 872218 -2 0 1 2 3
Allreduce 872236 872239 -2 0 1 2 3
Allgatherv 872282 872292 -2 0 1 2 3
Allreduce 872311 872315 -2 0 1 2 3
Allgatherv 872358 872361 -2 0 1 2 3
Allreduce 872435 872443 -2 0 1 2 3
Allgatherv 872486 872502 -2 0 1 2 3
Allreduce 872520 872527 -2 0 1 2 3
Allgatherv 872571 872574 -2 0 1 2 3
Allreduce 872594 872602 -2 0 1 2 3
Allgatherv 872646 872649 -2 0 1 2 3
Allreduce 872667 872670 -2 0 1 2 3
Allgatherv 872728 872734 -2 0 1 2 3
Allreduce 872750 872755 -2 0 1 2 3
Allgatherv 872796 872799 -2 0 1 2 3
Allreduce 872816 872819 -2 0 1 2 3
Allgatherv 872860 872863 -2 0 1 2 3
Allreduce 872880 872883 -2 0 1 2 3
Allgatherv 872924 872932 -2 0 1 2 3
Allreduce 873028 873043 -2 0 1 2 3
Allgatherv 873083 873087 -2 0 1 2 3
Allreduce 873106 873109 -2 0 1 2 3
Allgatherv 873149 873158 -2 0 1 2 3
Allreduce 873176 873179 -2 0 1 2 3
Allgatherv 873227 873257 -2 0 1 2 3
Allreduce 873278 873288 -2 0 1 2 3
Allgatherv 873330 873337 -2 0 1 2 3
Allreduce 873354 873364 -2 0 1 2 3
Allgatherv 873405 873411 -2 0 1 2 3
Allreduce 873428 873431 -2 0 1 2 3
Allgatherv 873472 873476 -2 0 1 2 3
Allreduce 873492 873495 -2 0 1 2 3
Allgatherv 873536 873862 -2 0 1 2 3
Allreduce 873895 873966 -2 0 1 2 3
Allgatherv 874007 874018 -2 0 1 2 3
Allreduce 874036 874272 -2 0 1 2 3
Allgatherv 874325 874423 -2 0 1 2 3
Allreduce 874451 874521 -2 0 1 2 3
Allgatherv 874563 874579 -2 0 1 2 3
Allreduce 874598 874602 -2 0 1 2 3
Allgatherv 874826 874925 -2 0 1 2 3
Allreduce 874959 874980 -2 0 1 2 3
Allgatherv 875027 875073 -2 0 1 2 3
Allreduce 875105 875119 -2 0 1 2 3
Allgatherv 875165 875217 -2 0 1 2 3
Allreduce 875241 875349 -2 0 1 2 3
Allgatherv 875392 875404 -2 0 1 2 3
Allreduce 875422 875434 -2 0 1 2 3
Allgatherv 875473 875479 -2 0 1 2 3
Allreduce 875496 875502 -2 0 1 2 3
Allgatherv 875541 875550 -2 0 1 2 3
Allreduce 875565 875577 -2 0 1 2 3
Allgatherv 875623 875676 -2 0 1 2 3
Allreduce 875721 875755 -2 0 1 2 3
Allgatherv 875806 875817 -2 0 1 2 3
Allreduce 875838 875927 -2 0 1 2 3
Allgatherv 875973 876070 -2 0 1 2 3
Allreduce 876091 876108 -2 0 1 2 3
Allgatherv 876149 876172 -2 0 1 2 3
Allreduce 876195 876206 -2 0 1 2 3
Allgatherv 876247 876252 -2 0 1 2 3
Allreduce 876272 876282 -2 0 1 2 3
Allgatherv 876322 876335 -2 0 1 2 3
Allreduce 876408 876422 -2 0 1 2 3
Allgatherv 876463 876492 -2 0 1 2 3
Allreduce 876511 876521 -2 0 1 2 3
Allgatherv 876566 876588 -2 0 1 2 3
Allreduce 876608 876624 -2 0 1 2 3
Allgatherv 876665 876677 -2 0 1 2 3
Allreduce 876695 876705 -2 0 1 2 3
Allgatherv 876745 876752 -2 0 1 2 3
Allreduce 876983 876987 -2 0 1 2 3
Allgatherv 877031 877040 -2 0 1 2 3
Allreduce 877061 877071 -2 0 1 2 3
Allgatherv 877113 877116 -2 0 1 2 3
Allreduce 877134 877137 -2 0 1 2 3
Allgatherv 877178 877187 -2 0 1 2 3
Allreduce 877208 877216 -2 0 1 2 3
Allgatherv 877262 877275 -2 0 1 2 3
Allreduce 877302 877328 -2 0 1 2 3
Allgatherv 877378 877382 -2 0 1 2 3
Allreduce 877400 877402 -2 0 1 2 3
Allgatherv 877445 877449 -2 0 1 2 3
Allreduce 877467 877478 -2 0 1 2 3
Allgatherv 877518 877531 -2 0 1 2 3
Allreduce 877548 877551 -2 0 1 2 3
Allgatherv 877592 877603 -2 0 1 2 3
Allreduce 877624 877628 -2 0 1 2 3
Allgatherv 877669 877674 -2 0 1 2 3
Allreduce 877692 877696 -2 0 1 2 3
Allgatherv 877738 877768 -2 0 1 2 3
Allreduce 877804 877807 -2 0 1 2 3
Allgatherv 877850 877855 -2 0 1 2 3
Allreduce 877873 877880 -2 0 1 2 3
Allgatherv 877921 877927 -2 0 1 2 3
Allreduce 877945 877948 -2 0 1 2 3
Allgatherv 877988 877995 -2 0 1 2 3
Allreduce 878012 878028 -2 0 1 2 3
Allgatherv 878069 878086 -2 0 1 2 3
Allreduce 878104 878107 -2 0 1 2 3
Allgatherv 878151 878154 -2 0 1 2 3
Allreduce 878172 878178 -2 0 1 2 3
Allgatherv 878223 878240 -2 0 1 2 3
Allreduce 878259 878261 -2 0 1 2 3
Allgatherv 878304 878308 -2 0 1 2 3
Allreduce 878388 878391 -2 0 1 2 3
Allgatherv 878435 878474 -2 0 1 2 3
Allreduce 878492 878512 -2 0 1 2 3
Allgatherv 878552 878571 -2 0 1 2 3
Allreduce 878589 878602 -2 0 1 2 3
Allgatherv 878642 878650 -2 0 1 2 3
Allreduce 878666 878693 -2 0 1 2 3
Allgatherv 878733 878744 -2 0 1 2 3
Allreduce 878761 878773 -2 0 1 2 3
Allgatherv 878813 878823 -2 0 1 2 3
Allreduce 878839 878847 -2 0 1 2 3
Allgatherv 878886 878892 -2 0 1 2 3
Allreduce 878910 878921 -2 0 1 2 3
Allgatherv 879235 879243 -2 0 1 2 3
Allreduce 879262 879274 -2 0 1 2 3
Allgatherv 879315 879318 -2 0 1 2 3
Allreduce 879335 879337 -2 0 1 2 3
Allgatherv 879376 879380 -2 0 1 2 3
Allreduce 879397 879399 -2 0 1 2 3
Allgatherv 879438 879441 -2 0 1 2 3
Allreduce 879458 879460 -2 0 1 2 3
Allgatherv 879499 879502 -2 0 1 2 3
Allreduce 879519 879526 -2 0 1 2 3
Allgatherv 879566 879569 -2 0 1 2 3
Allreduce 879630 879633 -2 0 1 2 3
Allgatherv 879674 879692 -2 0 1 2 3
Allreduce 879709 879739 -2 0 1 2 3
Allgatherv 879780 879784 -2 0 1 2 3
Allreduce 879804 879815 -2 0 1 2 3
Allgatherv 879855 879880 -2 0 1 2 3
Allreduce 879899 879923 -2 0 1 2 3
Allgatherv 879963 879979 -2 0 1 2 3
Allreduce 879998 880011 -2 0 1 2 3
Allgatherv 880053 880063 -2 0 1 2 3
Allreduce 880080 880093 -2 0 1 2 3
Allgatherv 880134 880142 -2 0 1 2 3
Allreduce 880161 880179 -2 0 1 2 3
Allgatherv 880220 880233 -2 0 1 2 3
Allreduce 880250 880260 -2 0 1 2 3
Allgatherv 880300 880311 -2 0 1 2 3
Allreduce 880328 880342 -2 0 1 2 3
Allgatherv 880382 880395 -2 0 1 2 3
Allreduce 880413 880426 -2 0 1 2 3
Allgatherv 880466 880487 -2 0 1 2 3
Allreduce 880504 880516 -2 0 1 2 3
Allgatherv 880558 880573 -2 0 1 2 3
Allreduce 880590 880604 -2 0 1 2 3
Allgatherv 880645 880661 -2 0 1 2 3
Allreduce 880679 880682 -2 0 1 2 3
Allgatherv 880722 880740 -2 0 1 2 3
Allreduce 880759 880766 -2 0 1 2 3
Allgatherv 880807 880811 -2 0 1 2 3
Allreduce 880829 880832 -2 0 1 2 3
Allgatherv 880873 880877 -2 0 1 2 3
Allreduce 880894 880897 -2 0 1 2 3
Allgatherv 880938 880952 -2 0 1 2 3
Allreduce 880971 880974 -2 0 1 2 3
Allgatherv 881015 881019 -2 0 1 2 3
Allreduce 881037 881039 -2 0 1 2 3
Allgatherv 881080 881084 -2 0 1 2 3
Allreduce 881101 881104 -2 0 1 2 3
Allgatherv 881145 881154 -2 0 1 2 3
Allreduce 881175 881179 -2 0 1 2 3
Allgatherv 881221 881225 -2 0 1 2 3
Allreduce 881244 881253 -2 0 1 2 3
Allgatherv 881294 881298 -2 0 1 2 3
Allreduce 881315 881318 -2 0 1 2 3
Allgatherv 881359 881367 -2 0 1 2 3
Allreduce 881387 881390 -2 0 1 2 3
Allgatherv 881432 881436 -2 0 1 2 3
Allreduce 881454 881456 -2 0 1 2 3
Allgatherv 881497 881501 -2 0 1 2 3
Allreduce 881518 881522 -2 0 1 2 3
Allgatherv 881563 881566 -2 0 1 2 3
Allreduce 881606 881609 -2 0 1 2 3
Allgatherv 881652 881657 -2 0 1 2 3
Allreduce 881675 881692 -2 0 1 2 3
Allgatherv 881734 881746 -2 0 1 2 3
Allreduce 881764 881788 -2 0 1 2 3
Allgatherv 881830 881846 -2 0 1 2 3
Allreduce 881866 881878 -2 0 1 2 3
Allgatherv 881920 881946 -2 0 1 2 3
Allreduce 881966 881980 -2 0 1 2 3
Allgatherv 882459 882668 -2 0 1 2 3
Allreduce 882701 882714 -2 0 1 2 3
Allgatherv 882757 882761 -2 0 1 2 3
Allreduce 882781 882784 -2 0 1 2 3
Allgatherv 882826 882832 -2 0 1 2 3
Allreduce 882851 882855 -2 0 1 2 3
Allgatherv 882897 882901 -2 0 1 2 3
Allreduce 882919 882922 -2 0 1 2 3
Allgatherv 882964 882968 -2 0 1 2 3
Allreduce 882987 882990 -2 0 1 2 3
Allgatherv 883032 883043 -2 0 1 2 3
Allreduce 883062 883064 -2 0 1 2 3
Allgatherv 883107 883111 -2 0 1 2 3
Allreduce 883130 883137 -2 0 1 2 3
Allgatherv 883182 883186 -2 0 1 2 3
Allreduce 883204 883207 -2 0 1 2 3
Allgatherv 883250 883257 -2 0 1 2 3
Allreduce 883277 883281 -2 0 1 2 3
Allgatherv 883324 883327 -2 0 1 2 3
Allreduce 883345 883348 -2 0 1 2 3
Allgatherv 883391 883394 -2 0 1 2 3
Allreduce 883414 883416 -2 0 1 2 3
Allgatherv 883459 883464 -2 0 1 2 3
Allreduce 883483 883487 -2 0 1 2 3
Allgatherv 883530 883533 -2 0 1 2 3
Allreduce 883551 883554 -2 0 1 2 3
Allgatherv 883623 883627 -2 0 1 2 3
Allreduce 883647 883657 -2 0 1 2 3
Allgatherv 883700 883703 -2 0 1 2 3
Allreduce 883722 883739 -2 0 1 2 3
Allgatherv 883796 883820 -2 0 1 2 3
Allreduce 883839 883852 -2 0 1 2 3
Allgatherv 883896 883918 -2 0 1 2 3
Allreduce 883938 883955 -2 0 1 2 3
Allgatherv 883999 884015 -2 0 1 2 3
Allreduce 884034 884048 -2 0 1 2 3
Allgatherv 884092 884100 -2 0 1 2 3
Allreduce 884119 884129 -2 0 1 2 3
Allgatherv 884177 884189 -2 0 1 2 3
Allreduce 884208 884224 -2 0 1 2 3
Allgatherv 884268 884280 -2 0 1 2 3
Allreduce 884299 884315 -2 0 1 2 3
Allgatherv 884359 884372 -2 0 1 2 3
Allreduce 884391 884407 -2 0 1 2 3
Allgatherv 884453 884465 -2 0 1 2 3
Allreduce 884484 884498 -2 0 1 2 3
Allgatherv 884542 884554 -2 0 1 2 3
Allreduce 884573 884592 -2 0 1 2 3
Allgatherv 884635 884658 -2 0 1 2 3
Allreduce 884676 884685 -2 0 1 2 3
Allgatherv 884729 884732 -2 0 1 2 3
Allreduce 884751 884767 -2 0 1 2 3
Allgatherv 884809 884813 -2 0 1 2 3
Allreduce 884831 884834 -2 0 1 2 3
Allgatherv 884876 884880 -2 0 1 2 3
Allreduce 884900 884902 -2 0 1 2 3
Allgatherv 884944 884948 -2 0 1 2 3
Allreduce 884967 884970 -2 0 1 2 3
Allgatherv 885013 885018 -2 0 1 2 3
Allreduce 885036 885039 -2 0 1 2 3
Allgatherv 885082 885085 -2 0 1 2 3
Allreduce 885104 885106 -2 0 1 2 3
Allgatherv 885150 885154 -2 0 1 2 3
Allreduce 885174 885177 -2 0 1 2 3
Allgatherv 885220 885223 -2 0 1 2 3
Allreduce 885241 885244 -2 0 1 2 3
Allgatherv 885286 885290 -2 0 1 2 3
Allreduce 885308 885310 -2 0 1 2 3
Allgatherv 885353 885357 -2 0 1 2 3
Allreduce 885375 885377 -2 0 1 2 3
Allgatherv 885420 885423 -2 0 1 2 3
Allreduce 885441 885444 -2 0 1 2 3
Allgatherv 885486 885490 -2 0 1 2 3
Allreduce 885510 885512 -2 0 1 2 3
Allgatherv 885554 885558 -2 0 1 2 3
Allreduce 885577 885580 -2 0 1 2 3
Allgatherv 885641 885646 -2 0 1 2 3
Allreduce 885664 885683 -2 0 1 2 3
Allgatherv 885726 885742 -2 0 1 2 3
Allreduce 885763 885785 -2 0 1 2 3
Allgatherv 885827 885845 -2 0 1 2 3
Allreduce 885863 885879 -2 0 1 2 3
Allgatherv 885921 885935 -2 0 1 2 3
Allreduce 885954 885969 -2 0 1 2 3
Allgatherv 886012 886027 -2 0 1 2 3
Allreduce 886046 886055 -2 0 1 2 3
Allgatherv 886097 886106 -2 0 1 2 3
Allreduce 886124 886138 -2 0 1 2 3
Allgatherv 886183 886197 -2 0 1 2 3
Allreduce 886216 886230 -2 0 1 2 3
Allgatherv 886275 886288 -2 0 1 2 3
Allreduce 886307 886323 -2 0 1 2 3
Allgatherv 886366 886380 -2 0 1 2 3
Allreduce 886399 886412 -2 0 1 2 3
Allgatherv 886455 886471 -2 0 1 2 3
Allreduce 886490 886502 -2 0 1 2 3
Allgatherv 886545 886556 -2 0 1 2 3
Allreduce 886576 886591 -2 0 1 2 3
Allgatherv 886634 886637 -2 0 1 2 3
Allreduce 886656 886658 -2 0 1 2 3
Allgatherv 886701 886705 -2 0 1 2 3
Allreduce 886723 886725 -2 0 1 2 3
Allgatherv 886768 886771 -2 0 1 2 3
Allreduce 886789 886792 -2 0 1 2 3
Allgatherv 886834 886838 -2 0 1 2 3
Allreduce 887487 887515 -2 0 1 2 3
Allgatherv 887560 887564 -2 0 1 2 3
Allreduce 887601 887605 -2 0 1 2 3
Allgatherv 887649 887653 -2 0 1 2 3
Allreduce 887672 887696 -2 0 1 2 3
Allgatherv 887739 887750 -2 0 1 2 3
Allreduce 887768 887788 -2 0 1 2 3
Allgatherv 887831 887835 -2 0 1 2 3
Allreduce 887853 887856 -2 0 1 2 3
Allgatherv 887898 887902 -2 0 1 2 3
Allreduce 887920 887922 -2 0 1 2 3
Allgatherv 887965 887968 -2 0 1 2 3
Allreduce 887988 887991 -2 0 1 2 3
Allgatherv 888033 888037 -2 0 1 2 3
Allreduce 888056 888059 -2 0 1 2 3
Allgatherv 888102 888105 -2 0 1 2 3
Allreduce 888124 888128 -2 0 1 2 3
Allgatherv 888173 888176 -2 0 1 2 3
Allreduce 888195 888197 -2 0 1 2 3
Allgatherv 888241 888245 -2 0 1 2 3
Allreduce 888264 888266 -2 0 1 2 3
Allgatherv 888308 888312 -2 0 1 2 3
Allreduce 888330 888332 -2 0 1 2 3
Allgatherv 888375 888378 -2 0 1 2 3
Allreduce 888397 888399 -2 0 1 2 3
Allgatherv 888441 888445 -2 0 1 2 3
Allreduce 888463 888466 -2 0 1 2 3
Allgatherv 888508 888512 -2 0 1 2 3
Allreduce 888531 888533 -2 0 1 2 3
Allgatherv 888577 888581 -2 0 1 2 3
Allreduce 888599 888601 -2 0 1 2 3
Allgatherv 888644 888647 -2 0 1 2 3
Allreduce 888666 888670 -2 0 1 2 3
Allgatherv 888712 888717 -2 0 1 2 3
Allreduce 888749 888752 -2 0 1 2 3
Allgatherv 888796 888799 -2 0 1 2 3
Allreduce 888818 888821 -2 0 1 2 3
Allgatherv 888866 888870 -2 0 1 2 3
Allreduce 888889 888891 -2 0 1 2 3
Allgatherv 888935 888938 -2 0 1 2 3
Allreduce 888957 888960 -2 0 1 2 3
Allgatherv 889004 889007 -2 0 1 2 3
Allreduce 889026 889029 -2 0 1 2 3
Allgatherv 889072 889076 -2 0 1 2 3
Allreduce 889095 889098 -2 0 1 2 3
Allgatherv 889141 889145 -2 0 1 2 3
Allreduce 889211 889245 -2 0 1 2 3
Allgatherv 889307 889315 -2 0 1 2 3
Allreduce 889341 889345 -2 0 1 2 3
Allgatherv 889391 889396 -2 0 1 2 3
Allreduce 889416 889419 -2 0 1 2 3
Allgatherv 889471 889497 -2 0 1 2 3
Allreduce 889521 889524 -2 0 1 2 3
Allgatherv 889569 889573 -2 0 1 2 3
Allreduce 889594 889597 -2 0 1 2 3
Allgatherv 889641 889674 -2 0 1 2 3
Allreduce 889706 889729 -2 0 1 2 3
Allgatherv 889789 889799 -2 0 1 2 3
Allreduce 889843 889847 -2 0 1 2 3
Allgatherv 889908 889915 -2 0 1 2 3
Allreduce 889946 889950 -2 0 1 2 3
Allgatherv 890007 890028 -2 0 1 2 3
Allreduce 890056 890060 -2 0 1 2 3
Allgatherv 890106 890113 -2 0 1 2 3
Allreduce 890135 890140 -2 0 1 2 3
Allgatherv 890192 890213 -2 0 1 2 3
Allreduce 890243 890248 -2 0 1 2 3
Allgatherv 890300 890462 -2 0 1 2 3
Allreduce 890486 890495 -2 0 1 2 3
Allgatherv 890542 890930 -2 0 1 2 3
Allreduce 890959 890974 -2 0 1 2 3
Allgatherv 891014 891049 -2 0 1 2 3
Allreduce 891074 891084 -2 0 1 2 3
Allgatherv 891125 891259 -2 0 1 2 3
Allreduce 891291 891299 -2 0 1 2 3
Allgatherv 891351 891357 -2 0 1 2 3
Allreduce 891384 891390 -2 0 1 2 3
Allgatherv 891442 891467 -2 0 1 2 3
Allreduce 891494 891507 -2 0 1 2 3
Allgatherv 891560 891572 -2 0 1 2 3
Allreduce 891603 891884 -2 0 1 2 3
Allgatherv 891962 892016 -2 0 1 2 3
Allreduce 892060 892141 -2 0 1 2 3
Allgatherv 892192 892292 -2 0 1 2 3
Allreduce 892325 892449 -2 0 1 2 3
Allgatherv 892520 892527 -2 0 1 2 3
Allreduce 892557 892561 -2 0 1 2 3
Allgatherv 892614 892619 -2 0 1 2 3
Allreduce 892646 892649 -2 0 1 2 3
Allgatherv 892698 892704 -2 0 1 2 3
Allreduce 892731 892735 -2 0 1 2 3
Allgatherv 892788 892794 -2 0 1 2 3
Allreduce 892816 892820 -2 0 1 2 3
Allgatherv 892864 892870 -2 0 1 2 3
Allreduce 892895 892899 -2 0 1 2 3
Allgatherv 892943 892948 -2 0 1 2 3
Allreduce 892973 892977 -2 0 1 2 3
Allgatherv 893028 893033 -2 0 1 2 3
Allreduce 893057 893112 -2 0 1 2 3
Allgatherv 893160 893165 -2 0 1 2 3
Allreduce 893184 893187 -2 0 1 2 3
Allgatherv 893223 893231 -2 0 1 2 3
Allreduce 893248 893253 -2 0 1 2 3
Allgatherv 893294 893301 -2 0 1 2 3
Allreduce 893318 893323 -2 0 1 2 3
Allgatherv 893360 893367 -2 0 1 2 3
Allreduce 893386 893388 -2 0 1 2 3
Allgatherv 893427 893488 -2 0 1 2 3
Allreduce 893515 893518 -2 0 1 2 3
Allgatherv 893559 893563 -2 0 1 2 3
Allreduce 893582 893584 -2 0 1 2 3
Allgatherv 893624 893628 -2 0 1 2 3
Allreduce 893648 893743 -2 0 1 2 3
Allgatherv 893789 893794 -2 0 1 2 3
Allreduce 893812 893832 -2 0 1 2 3
Allgatherv 893882 893894 -2 0 1 2 3
Allreduce 893917 893950 -2 0 1 2 3
Allgatherv 894014 894051 -2 0 1 2 3
Allreduce 894080 894083 -2 0 1 2 3
Allgatherv 894123 894138 -2 0 1 2 3
Allreduce 894159 894165 -2 0 1 2 3
Allgatherv 894204 894214 -2 0 1 2 3
Allreduce 894233 894250 -2 0 1 2 3
Allgatherv 894294 894306 -2 0 1 2 3
Allreduce 894329 894335 -2 0 1 2 3
Allgatherv 894374 894386 -2 0 1 2 3
Allreduce 894429 894431 -2 0 1 2 3
Allgatherv 894480 894503 -2 0 1 2 3
Allreduce 894537 894541 -2 0 1 2 3
Allgatherv 894586 894591 -2 0 1 2 3
Allreduce 894609 894622 -2 0 1 2 3
Allgatherv 894662 894679 -2 0 1 2 3
Allreduce 894696 894722 -2 0 1 2 3
Allgatherv 894746 894769 -2 0 1 2 3
Allreduce 894779 894796 -2 0 1 2 3
Allgatherv 894819 894844 -2 0 1 2 3
Allreduce 894854 894873 -2 0 1 2 3
Allgatherv 894896 894919 -2 0 1 2 3
Allreduce 894929 894940 -2 0 1 2 3
Allgatherv 894962 894983 -2 0 1 2 3
Allreduce 894993 895003 -2 0 1 2 3
Allgatherv 895026 895047 -2 0 1 2 3
Allreduce 895058 895067 -2 0 1 2 3
Allgatherv 895090 895111 -2 0 1 2 3
Allreduce 895120 895131 -2 0 1 2 3
Allgatherv 895154 895175 -2 0 1 2 3
Allreduce 895184 895194 -2 0 1 2 3
Allgatherv 895217 895238 -2 0 1 2 3
Allreduce 895247 895258 -2 0 1 2 3
Allgatherv 895287 895307 -2 0 1 2 3
Allreduce 895317 895327 -2 0 1 2 3
Allgatherv 895350 895371 -2 0 1 2 3
Allreduce 895380 895393 -2 0 1 2 3
Allgatherv 895416 895451 -2 0 1 2 3
Allreduce 895460 895472 -2 0 1 2 3
Allgatherv 895494 895515 -2 0 1 2 3
Allreduce 895525 895535 -2 0 1 2 3
Allgatherv 895557 895578 -2 0 1 2 3
Allreduce 896656 896817 -2 0 1 2 3
Allgatherv 896861 896874 -2 0 1 2 3
Allreduce 896893 896905 -2 0 1 2 3
Allgatherv 896947 896953 -2 0 1 2 3
Allreduce 896971 896976 -2 0 1 2 3
Allgatherv 897017 897022 -2 0 1 2 3
Allreduce 897041 897044 -2 0 1 2 3
Allgatherv 897085 897089 -2 0 1 2 3
Allreduce 897107 897110 -2 0 1 2 3
Allgatherv 897151 897155 -2 0 1 2 3
Allreduce 897173 897176 -2 0 1 2 3
Allgatherv 897217 897221 -2 0 1 2 3
Allreduce 897238 897242 -2 0 1 2 3
Allgatherv 897285 897292 -2 0 1 2 3
Allreduce 897310 897313 -2 0 1 2 3
Allgatherv 897354 897359 -2 0 1 2 3
Allreduce 897379 897381 -2 0 1 2 3
Allgatherv 897422 897426 -2 0 1 2 3
Allreduce 897444 897447 -2 0 1 2 3
Allgatherv 897489 897492 -2 0 1 2 3
Allreduce 897510 897513 -2 0 1 2 3
Allgatherv 897554 897559 -2 0 1 2 3
Allreduce 897577 897609 -2 0 1 2 3
Allgatherv 897651 897658 -2 0 1 2 3
Allreduce 897678 897680 -2 0 1 2 3
Allgatherv 897721 897741 -2 0 1 2 3
Allreduce 897758 897774 -2 0 1 2 3
Allgatherv 897817 897845 -2 0 1 2 3
Allreduce 897864 897888 -2 0 1 2 3
Allgatherv 897930 897944 -2 0 1 2 3
Allreduce 897962 897975 -2 0 1 2 3
Allgatherv 898018 898032 -2 0 1 2 3
Allreduce 898051 898064 -2 0 1 2 3
Allgatherv 898106 898114 -2 0 1 2 3
Allreduce 898134 898143 -2 0 1 2 3
Allgatherv 898185 898197 -2 0 1 2 3
Allreduce 898216 898225 -2 0 1 2 3
Allgatherv 898271 898286 -2 0 1 2 3
Allreduce 898300 898317 -2 0 1 2 3
Allgatherv 898342 898373 -2 0 1 2 3
Allreduce 898384 898405 -2 0 1 2 3
Allgatherv 898431 898467 -2 0 1 2 3
Allreduce 898478 898496 -2 0 1 2 3
Allgatherv 898520 898549 -2 0 1 2 3
Allreduce 898560 898581 -2 0 1 2 3
Allgatherv 898605 898640 -2 0 1 2 3
Allreduce 898650 898663 -2 0 1 2 3
Allgatherv 898687 898709 -2 0 1 2 3
Allreduce 898720 898733 -2 0 1 2 3
Allgatherv 898757 898779 -2 0 1 2 3
Allreduce 898790 898801 -2 0 1 2 3
Allgatherv 898825 898847 -2 0 1 2 3
Allreduce 898858 898869 -2 0 1 2 3
Allgatherv 898893 898916 -2 0 1 2 3
Allreduce 898927 898938 -2 0 1 2 3
Allgatherv 898962 898984 -2 0 1 2 3
Allreduce 898995 899005 -2 0 1 2 3
Allgatherv 899029 899054 -2 0 1 2 3
Allreduce 899066 899076 -2 0 1 2 3
Allgatherv 899100 899123 -2 0 1 2 3
Allreduce 899133 899144 -2 0 1 2 3
Allgatherv 899168 899191 -2 0 1 2 3
Allreduce 899202 899213 -2 0 1 2 3
Allgatherv 899237 899262 -2 0 1 2 3
Allreduce 899273 899286 -2 0 1 2 3
Allgatherv 899310 899332 -2 0 1 2 3
Allreduce 899343 899354 -2 0 1 2 3
Allgatherv 899378 899401 -2 0 1 2 3
Allreduce 899412 899423 -2 0 1 2 3
Allgatherv 899447 899470 -2 0 1 2 3
Allreduce 899480 899491 -2 0 1 2 3
Allgatherv 899516 899538 -2 0 1 2 3
Allreduce 899548 899560 -2 0 1 2 3
Allgatherv 899584 899625 -2 0 1 2 3
Allreduce 899645 899654 -2 0 1 2 3
Allgatherv 899703 899709 -2 0 1 2 3
Allreduce 899738 899745 -2 0 1 2 3
Allgatherv 899800 899813 -2 0 1 2 3
Allreduce 899847 899852 -2 0 1 2 3
Allgatherv 899902 899909 -2 0 1 2 3
Allreduce 899937 899941 -2 0 1 2 3
Allgatherv 899994 900000 -2 0 1 2 3
Allreduce 900027 900031 -2 0 1 2 3
Allgatherv 900076 900081 -2 0 1 2 3
Allreduce 900108 900112 -2 0 1 2 3
Allgatherv 900161 900167 -2 0 1 2 3
Allreduce 900191 900195 -2 0 1 2 3
Allgatherv 900243 900251 -2 0 1 2 3
Allreduce 900302 900306 -2 0 1 2 3
Allgatherv 900361 900367 -2 0 1 2 3
Allreduce 900396 900400 -2 0 1 2 3
Allgatherv 900452 900458 -2 0 1 2 3
Allreduce 900485 900488 -2 0 1 2 3
Allgatherv 900536 900542 -2 0 1 2 3
Allreduce 900571 900575 -2 0 1 2 3
Allgatherv 900627 900632 -2 0 1 2 3
Allreduce 900645 900655 -2 0 1 2 3
Allgatherv 900693 900714 -2 0 1 2 3
Allreduce 900725 900738 -2 0 1 2 3
Allgatherv 900763 900785 -2 0 1 2 3
Allreduce 900796 900808 -2 0 1 2 3
Allgatherv 900832 900855 -2 0 1 2 3
Allreduce 900866 900877 -2 0 1 2 3
Allgatherv 900902 900926 -2 0 1 2 3
Allreduce 900937 900949 -2 0 1 2 3
Allgatherv 900974 900996 -2 0 1 2 3
Allreduce 901007 901019 -2 0 1 2 3
Allgatherv 901044 901067 -2 0 1 2 3
Allreduce 901077 901089 -2 0 1 2 3
Allgatherv 901114 901136 -2 0 1 2 3
Allreduce 901147 901160 -2 0 1 2 3
Allgatherv 901187 901208 -2 0 1 2 3
Allreduce 901218 901230 -2 0 1 2 3
Allgatherv 901255 901278 -2 0 1 2 3
Allreduce 901288 901300 -2 0 1 2 3
Allgatherv 901325 901347 -2 0 1 2 3
Allreduce 901361 901375 -2 0 1 2 3
Allgatherv 901400 901422 -2 0 1 2 3
Allreduce 901433 901444 -2 0 1 2 3
Allgatherv 901469 901491 -2 0 1 2 3
Allreduce 901502 901515 -2 0 1 2 3
Allgatherv 901540 901562 -2 0 1 2 3
Allreduce 901573 901604 -2 0 1 2 3
Allgatherv 901658 901664 -2 0 1 2 3
Allreduce 901683 901688 -2 0 1 2 3
Allgatherv 901714 901737 -2 0 1 2 3
Allreduce 901747 901758 -2 0 1 2 3
Allgatherv 901783 901806 -2 0 1 2 3
Allreduce 901818 901831 -2 0 1 2 3
Allgatherv 901855 901878 -2 0 1 2 3
Allreduce 901888 901900 -2 0 1 2 3
Allgatherv 901925 901949 -2 0 1 2 3
Allreduce 901959 901972 -2 0 1 2 3
Allgatherv 901997 902020 -2 0 1 2 3
Allreduce 902029 902042 -2 0 1 2 3
Allgatherv 902067 902089 -2 0 1 2 3
Allreduce 902099 902112 -2 0 1 2 3
Allgatherv 902136 902159 -2 0 1 2 3
Allreduce 902169 902183 -2 0 1 2 3
Allgatherv 902207 902232 -2 0 1 2 3
Allreduce 902242 902254 -2 0 1 2 3
Allgatherv 902278 902302 -2 0 1 2 3
Allreduce 902312 902326 -2 0 1 2 3
Allgatherv 902352 902376 -2 0 1 2 3
Allreduce 902386 902398 -2 0 1 2 3
Allgatherv 902422 902449 -2 0 1 2 3
Allreduce 902460 902470 -2 0 1 2 3
Allgatherv 902494 902519 -2 0 1 2 3
Allreduce 902529 902541 -2 0 1 2 3
Allgatherv 902566 902589 -2 0 1 2 3
Allreduce 902599 902613 -2 0 1 2 3
Allgatherv 902637 902660 -2 0 1 2 3
Allreduce 902670 902683 -2 0 1 2 3
Allgatherv 902707 902730 -2 0 1 2 3
Allreduce 902739 902752 -2 0 1 2 3
Allgatherv 902776 902800 -2 0 1 2 3
Allreduce 902810 902824 -2 0 1 2 3
Allgatherv 902848 902871 -2 0 1 2 3
Allreduce 902881 902894 -2 0 1 2 3
Allgatherv 902918 902942 -2 0 1 2 3
Allreduce 902952 902966 -2 0 1 2 3
Allgatherv 902990 903013 -2 0 1 2 3
Allreduce 903022 903034 -2 0 1 2 3
Allgatherv 903059 903085 -2 0 1 2 3
Allreduce 903096 903106 -2 0 1 2 3
Allgatherv 903131 903156 -2 0 1 2 3
Allreduce 903165 903177 -2 0 1 2 3
Allgatherv 903201 903227 -2 0 1 2 3
Allreduce 903237 903257 -2 0 1 2 3
Allgatherv 903281 903303 -2 0 1 2 3
Allreduce 903313 903327 -2 0 1 2 3
Allgatherv 903353 903385 -2 0 1 2 3
Allreduce 903395 903407 -2 0 1 2 3
Allgatherv 903431 903454 -2 0 1 2 3
Allreduce 903464 903476 -2 0 1 2 3
Allgatherv 903501 903524 -2 0 1 2 3
Allreduce 903533 903547 -2 0 1 2 3
Allgatherv 903572 903595 -2 0 1 2 3
Allreduce 903614 903617 -2 0 1 2 3
Allgatherv 903651 903676 -2 0 1 2 3
Allreduce 903708 903714 -2 0 1 2 3
Allgatherv 903761 903783 -2 0 1 2 3
Allreduce 903813 903825 -2 0 1 2 3
Allgatherv 903882 903889 -2 0 1 2 3
Allreduce 903921 903925 -2 0 1 2 3
Allgatherv 903978 903985 -2 0 1 2 3
Allreduce 904012 904016 -2 0 1 2 3
Allgatherv 904064 904069 -2 0 1 2 3
Allreduce 904093 904098 -2 0 1 2 3
Allgatherv 904148 904155 -2 0 1 2 3
Allreduce 904184 904187 -2 0 1 2 3
Allgatherv 904236 904242 -2 0 1 2 3
Allreduce 904271 904275 -2 0 1 2 3
Allgatherv 904327 904334 -2 0 1 2 3
Allreduce 904435 904449 -2 0 1 2 3
Allgatherv 904497 904557 -2 0 1 2 3
Allreduce 904584 904599 -2 0 1 2 3
Allgatherv 904645 904659 -2 0 1 2 3
Allreduce 904681 904684 -2 0 1 2 3
Allgatherv 904743 904746 -2 0 1 2 3
Allreduce 904765 904768 -2 0 1 2 3
Allgatherv 904812 904815 -2 0 1 2 3
Allreduce 904835 904837 -2 0 1 2 3
Allgatherv 904881 904885 -2 0 1 2 3
Allreduce 904903 904906 -2 0 1 2 3
Allgatherv 904949 904953 -2 0 1 2 3
Allreduce 904972 904974 -2 0 1 2 3
Allgatherv 905018 905021 -2 0 1 2 3
Allreduce 905041 905043 -2 0 1 2 3
Allgatherv 905087 905090 -2 0 1 2 3
Allreduce 905109 905112 -2 0 1 2 3
Allgatherv 905157 905161 -2 0 1 2 3
Allreduce 905179 905182 -2 0 1 2 3
Allgatherv 905225 905229 -2 0 1 2 3
Allreduce 905248 905250 -2 0 1 2 3
Allgatherv 905294 905297 -2 0 1 2 3
Allreduce 905318 905321 -2 0 1 2 3
Allgatherv 905367 905371 -2 0 1 2 3
Allreduce 905390 905395 -2 0 1 2 3
Allgatherv 905438 905442 -2 0 1 2 3
Allreduce 905461 905467 -2 0 1 2 3
Allgatherv 905510 905514 -2 0 1 2 3
Allreduce 905532 905535 -2 0 1 2 3
Allgatherv 905578 905582 -2 0 1 2 3
Allreduce 905600 905603 -2 0 1 2 3
Allgatherv 905646 905658 -2 0 1 2 3
Allreduce 905675 905697 -2 0 1 2 3
Allgatherv 905740 905766 -2 0 1 2 3
Allreduce 905785 905811 -2 0 1 2 3
Allgatherv 905852 905865 -2 0 1 2 3
Allreduce 905883 905900 -2 0 1 2 3
Allgatherv 905941 905953 -2 0 1 2 3
Allreduce 905971 905984 -2 0 1 2 3
Allgatherv 906028 906038 -2 0 1 2 3
Allreduce 906056 906066 -2 0 1 2 3
Allgatherv 906109 906117 -2 0 1 2 3
Allreduce 906135 906145 -2 0 1 2 3
Allgatherv 908006 908891 -2 0 1 2 3
Allreduce 908938 908951 -2 0 1 2 3
Allgatherv 909003 909010 -2 0 1 2 3
Allreduce 909041 909046 -2 0 1 2 3
Allgatherv 909096 909210 -2 0 1 2 3
Allreduce 909236 909241 -2 0 1 2 3
Allgatherv 909288 909334 -2 0 1 2 3
Allreduce 909355 909364 -2 0 1 2 3
Allgatherv 909409 909416 -2 0 1 2 3
Allreduce 909435 909447 -2 0 1 2 3
Allgatherv 909492 909504 -2 0 1 2 3
Allreduce 909523 909535 -2 0 1 2 3
Allgatherv 909579 909585 -2 0 1 2 3
Allreduce 909603 909663 -2 0 1 2 3
Allgatherv 909741 909766 -2 0 1 2 3
Allreduce 909786 909802 -2 0 1 2 3
Allgatherv 909884 909893 -2 0 1 2 3
Allreduce 909932 909939 -2 0 1 2 3
Allgatherv 909992 910003 -2 0 1 2 3
Allreduce 910017 910027 -2 0 1 2 3
Allgatherv 910052 910074 -2 0 1 2 3
Allreduce 910114 910119 -2 0 1 2 3
Allgatherv 910168 910221 -2 0 1 2 3
Allreduce 910241 910251 -2 0 1 2 3
Allgatherv 910296 910300 -2 0 1 2 3
Allreduce 910320 910323 -2 0 1 2 3
Allgatherv 910376 910385 -2 0 1 2 3
Allreduce 910404 910421 -2 0 1 2 3
Allgatherv 910468 910483 -2 0 1 2 3
Allreduce 910502 910505 -2 0 1 2 3
Allgatherv 910550 910554 -2 0 1 2 3
Allreduce 910573 910576 -2 0 1 2 3
Allgatherv 910621 910625 -2 0 1 2 3
Allreduce 910643 910647 -2 0 1 2 3
Allgatherv 910691 910695 -2 0 1 2 3
Allreduce 910714 910716 -2 0 1 2 3
Allgatherv 910776 910779 -2 0 1 2 3
Allreduce 910797 910801 -2 0 1 2 3
Allgatherv 910844 910848 -2 0 1 2 3
Allreduce 910867 910871 -2 0 1 2 3
Allgatherv 910914 910918 -2 0 1 2 3
Allreduce 910938 910941 -2 0 1 2 3
Allgatherv 910987 910994 -2 0 1 2 3
Allreduce 911021 911030 -2 0 1 2 3
Allgatherv 911080 911091 -2 0 1 2 3
Allreduce 911119 911128 -2 0 1 2 3
Allgatherv 911178 911183 -2 0 1 2 3
Allreduce 911201 911203 -2 0 1 2 3
Allgatherv 911248 911251 -2 0 1 2 3
Allreduce 911269 911272 -2 0 1 2 3
Allgatherv 911315 911319 -2 0 1 2 3
Allreduce 911337 911340 -2 0 1 2 3
Allgatherv 911384 911388 -2 0 1 2 3
Allreduce 911406 911409 -2 0 1 2 3
Allgatherv 911456 911460 -2 0 1 2 3
Allreduce 911479 911481 -2 0 1 2 3
Allgatherv 911526 911530 -2 0 1 2 3
Allreduce 911551 911554 -2 0 1 2 3
Allgatherv 911599 911603 -2 0 1 2 3
Allreduce 911621 911641 -2 0 1 2 3
Allgatherv 911684 911689 -2 0 1 2 3
Allreduce 911707 911711 -2 0 1 2 3
Allgatherv 911755 911759 -2 0 1 2 3
Allreduce 911777 911796 -2 0 1 2 3
Allgatherv 911836 911840 -2 0 1 2 3
Allreduce 911856 911860 -2 0 1 2 3
Allgatherv 911899 911903 -2 0 1 2 3
Allreduce 911919 911921 -2 0 1 2 3
Allgatherv 911961 911964 -2 0 1 2 3
Allreduce 911981 911984 -2 0 1 2 3
Allgatherv 912024 912027 -2 0 1 2 3
Allreduce 912044 912047 -2 0 1 2 3
Allgatherv 912086 912089 -2 0 1 2 3
Allreduce 912106 912108 -2 0 1 2 3
Allgatherv 912149 912152 -2 0 1 2 3
Allreduce 912171 912173 -2 0 1 2 3
Allgatherv 912213 912216 -2 0 1 2 3
Allreduce 912233 912235 -2 0 1 2 3
Allgatherv 912275 912278 -2 0 1 2 3
Allreduce 912294 912297 -2 0 1 2 3
Allgatherv 912337 912340 -2 0 1 2 3
Allreduce 912357 912359 -2 0 1 2 3
Allgatherv 912399 912402 -2 0 1 2 3
Allreduce 912419 912422 -2 0 1 2 3
Allgatherv 912465 912468 -2 0 1 2 3
Allreduce 912485 912487 -2 0 1 2 3
Allgatherv 912527 912530 -2 0 1 2 3
Allreduce 912547 912550 -2 0 1 2 3
Allgatherv 912590 912593 -2 0 1 2 3
Allreduce 912609 912612 -2 0 1 2 3
Allgatherv 912652 912655 -2 0 1 2 3
Allreduce 912671 912674 -2 0 1 2 3
Allgatherv 912715 912718 -2 0 1 2 3
Allreduce 912737 912739 -2 0 1 2 3
Allgatherv 912779 912782 -2 0 1 2 3
Allreduce 912799 912801 -2 0 1 2 3
Allgatherv 912841 912844 -2 0 1 2 3
Allreduce 912860 912863 -2 0 1 2 3
Allgatherv 912903 912906 -2 0 1 2 3
Allreduce 912923 912925 -2 0 1 2 3
Allgatherv 912965 912968 -2 0 1 2 3
Allreduce 912985 912987 -2 0 1 2 3
Allgatherv 913027 913030 -2 0 1 2 3
Allreduce 913046 913049 -2 0 1 2 3
Allgatherv 913088 913092 -2 0 1 2 3
Allreduce 913108 913112 -2 0 1 2 3
Allgatherv 913151 913154 -2 0 1 2 3
Allreduce 913171 913173 -2 0 1 2 3
Allgatherv 913213 913216 -2 0 1 2 3
Allreduce 913234 913237 -2 0 1 2 3
Allgatherv 913278 913281 -2 0 1 2 3
Allreduce 913297 913300 -2 0 1 2 3
Allgatherv 913340 913343 -2 0 1 2 3
Allreduce 913360 913362 -2 0 1 2 3
Allgatherv 913402 913405 -2 0 1 2 3
Allreduce 913421 913423 -2 0 1 2 3
Allgatherv 913465 913468 -2 0 1 2 3
Allreduce 913485 913489 -2 0 1 2 3
Allgatherv 913528 913532 -2 0 1 2 3
Allreduce 913548 913551 -2 0 1 2 3
Allgatherv 913590 913593 -2 0 1 2 3
Allreduce 913610 913612 -2 0 1 2 3
Allgatherv 913652 913656 -2 0 1 2 3
Allreduce 913673 913713 -2 0 1 2 3
Allgatherv 913754 913758 -2 0 1 2 3
Allreduce 913775 913783 -2 0 1 2 3
Allgatherv 913823 913826 -2 0 1 2 3
Allreduce 913845 913850 -2 0 1 2 3
Allgatherv 913890 913900 -2 0 1 2 3
Allreduce 913916 913928 -2 0 1 2 3
Allgatherv 913968 913972 -2 0 1 2 3
Allreduce 913989 913991 -2 0 1 2 3
Allgatherv 914031 914034 -2 0 1 2 3
Allreduce 914051 914053 -2 0 1 2 3
Allgatherv 914093 914096 -2 0 1 2 3
Allreduce 914112 914116 -2 0 1 2 3
Allgatherv 914156 914159 -2 0 1 2 3
Allreduce 914175 914178 -2 0 1 2 3
Allgatherv 914217 914221 -2 0 1 2 3
Allreduce 914237 914239 -2 0 1 2 3
Allgatherv 914279 914282 -2 0 1 2 3
Allreduce 914299 914301 -2 0 1 2 3
Allgatherv 914341 914344 -2 0 1 2 3
Allreduce 914361 914363 -2 0 1 2 3
Allgatherv 914403 914406 -2 0 1 2 3
Allreduce 914425 914428 -2 0 1 2 3
Allgatherv 914471 914475 -2 0 1 2 3
Allreduce 914491 914495 -2 0 1 2 3
Allgatherv 914534 914537 -2 0 1 2 3
Allreduce 914554 914556 -2 0 1 2 3
Allgatherv 914596 914599 -2 0 1 2 3
Allreduce 914615 914618 -2 0 1 2 3
Allgatherv 914658 914661 -2 0 1 2 3
Allreduce 914678 914680 -2 0 1 2 3
Allgatherv 914720 914723 -2 0 1 2 3
Allreduce 914740 914743 -2 0 1 2 3
Allgatherv 914782 914786 -2 0 1 2 3
Allreduce 914802 914805 -2 0 1 2 3
Allgatherv 914845 914848 -2 0 1 2 3
Allreduce 914864 914867 -2 0 1 2 3
Allgatherv 914907 914910 -2 0 1 2 3
Allreduce 914926 914929 -2 0 1 2 3
Allgatherv 914970 914973 -2 0 1 2 3
Allreduce 914991 914994 -2 0 1 2 3
Allgatherv 915034 915037 -2 0 1 2 3
Allreduce 915053 915056 -2 0 1 2 3
Allgatherv 915095 915098 -2 0 1 2 3
Allreduce 915115 915117 -2 0 1 2 3
Allgatherv 915157 915161 -2 0 1 2 3
Allreduce 915177 915180 -2 0 1 2 3
Allgatherv 915219 915223 -2 0 1 2 3
Allreduce 915239 915242 -2 0 1 2 3
Allgatherv 915282 915285 -2 0 1 2 3
Allreduce 915301 915304 -2 0 1 2 3
Allgatherv 915344 915347 -2 0 1 2 3
Allreduce 915364 915367 -2 0 1 2 3
Allgatherv 915406 915409 -2 0 1 2 3
Allreduce 915426 915428 -2 0 1 2 3
Allgatherv 915470 915473 -2 0 1 2 3
Allreduce 915490 915492 -2 0 1 2 3
Allgatherv 915535 915538 -2 0 1 2 3
Allreduce 915554 915557 -2 0 1 2 3
Allgatherv 915597 915600 -2 0 1 2 3
Allreduce 915616 915618 -2 0 1 2 3
Allgatherv 915658 915666 -2 0 1 2 3
Allreduce 915683 915689 -2 0 1 2 3
Allgatherv 915728 915732 -2 0 1 2 3
Allreduce 915748 915760 -2 0 1 2 3
Allgatherv 915799 915803 -2 0 1 2 3
Allreduce 915819 915834 -2 0 1 2 3
Allgatherv 915873 915877 -2 0 1 2 3
Allreduce 915893 915896 -2 0 1 2 3
Allgatherv 915936 915939 -2 0 1 2 3
Allreduce 915955 915959 -2 0 1 2 3
Allgatherv 915999 916002 -2 0 1 2 3
Allreduce 916018 916021 -2 0 1 2 3
Allgatherv 916060 916064 -2 0 1 2 3
Allreduce 916082 916085 -2 0 1 2 3
Allgatherv 916126 916129 -2 0 1 2 3
Allreduce 916146 916148 -2 0 1 2 3
Allgatherv 916188 916191 -2 0 1 2 3
Allreduce 916208 916211 -2 0 1 2 3
Allgatherv 916251 916254 -2 0 1 2 3
Allreduce 916270 916273 -2 0 1 2 3
Allgatherv 916313 916316 -2 0 1 2 3
Allreduce 916333 916336 -2 0 1 2 3
Allgatherv 916376 916379 -2 0 1 2 3
Allreduce 916395 916398 -2 0 1 2 3
Allgatherv 916440 916443 -2 0 1 2 3
Allreduce 916460 916463 -2 0 1 2 3
Allgatherv 916502 916505 -2 0 1 2 3
Allreduce 916522 916525 -2 0 1 2 3
Allgatherv 916565 916568 -2 0 1 2 3
Allreduce 916585 916587 -2 0 1 2 3
Allgatherv 916627 916630 -2 0 1 2 3
Allreduce 916649 916652 -2 0 1 2 3
Allgatherv 916692 916695 -2 0 1 2 3
Allreduce 916712 916714 -2 0 1 2 3
Allgatherv 916766 916769 -2 0 1 2 3
Allreduce 916784 916786 -2 0 1 2 3
Allgatherv 916824 916827 -2 0 1 2 3
Allreduce 916843 916846 -2 0 1 2 3
Allgatherv 916884 916887 -2 0 1 2 3
Allreduce 916902 916904 -2 0 1 2 3
Allgatherv 916942 916945 -2 0 1 2 3
Allreduce 916961 916963 -2 0 1 2 3
Allgatherv 917001 917004 -2 0 1 2 3
Allreduce 917019 917022 -2 0 1 2 3
Allgatherv 917059 917063 -2 0 1 2 3
Allreduce 917078 917080 -2 0 1 2 3
Allgatherv 917118 917121 -2 0 1 2 3
Allreduce 917137 917139 -2 0 1 2 3
Allgatherv 917179 917182 -2 0 1 2 3
Allreduce 917198 917201 -2 0 1 2 3
Allgatherv 917239 917242 -2 0 1 2 3
Allreduce 917257 917260 -2 0 1 2 3
Allgatherv 917297 917300 -2 0 1 2 3
Allreduce 917316 917318 -2 0 1 2 3
Allgatherv 917356 917359 -2 0 1 2 3
Allreduce 917375 917378 -2 0 1 2 3
Allgatherv 917415 917418 -2 0 1 2 3
Allreduce 917436 917439 -2 0 1 2 3
Allgatherv 917477 917480 -2 0 1 2 3
Allreduce 917495 917497 -2 0 1 2 3
Allgatherv 917535 917538 -2 0 1 2 3
Allreduce 917554 917557 -2 0 1 2 3
Allgatherv 917595 917598 -2 0 1 2 3
Allreduce 917613 917615 -2 0 1 2 3
Allgatherv 917653 917657 -2 0 1 2 3
Allreduce 917674 917681 -2 0 1 2 3
Allgatherv 917719 917722 -2 0 1 2 3
Allreduce 917739 917742 -2 0 1 2 3
Allgatherv 917780 917783 -2 0 1 2 3
Allreduce 917798 917800 -2 0 1 2 3
Allgatherv 917838 917841 -2 0 1 2 3
Allreduce 917857 917859 -2 0 1 2 3
Allgatherv 917897 917900 -2 0 1 2 3
Allreduce 917916 917919 -2 0 1 2 3
Allgatherv 917957 917960 -2 0 1 2 3
Allreduce 917975 917977 -2 0 1 2 3
Allgatherv 918015 918018 -2 0 1 2 3
Allreduce 918034 918036 -2 0 1 2 3
Allgatherv 918074 918077 -2 0 1 2 3
Allreduce 918092 918095 -2 0 1 2 3
Allgatherv 918132 918135 -2 0 1 2 3
Allreduce 918151 918153 -2 0 1 2 3
Allgatherv 918191 918194 -2 0 1 2 3
Allreduce 918211 918214 -2 0 1 2 3
Allgatherv 918253 918256 -2 0 1 2 3
Allreduce 918271 918274 -2 0 1 2 3
Allgatherv 918311 918315 -2 0 1 2 3
Allreduce 918330 918332 -2 0 1 2 3
Allgatherv 918370 918373 -2 0 1 2 3
Allreduce 918389 918391 -2 0 1 2 3
Allgatherv 918431 918434 -2 0 1 2 3
Allreduce 918450 918454 -2 0 1 2 3
Allgatherv 918492 918495 -2 0 1 2 3
Allreduce 918510 918513 -2 0 1 2 3
Allgatherv 918550 918553 -2 0 1 2 3
Allreduce 918569 918571 -2 0 1 2 3
Allgatherv 918609 918612 -2 0 1 2 3
Allreduce 918627 918631 -2 0 1 2 3
Allgatherv 918669 918672 -2 0 1 2 3
Allreduce 918687 918689 -2 0 1 2 3
Allgatherv 918727 918730 -2 0 1 2 3
Allreduce 918747 918750 -2 0 1 2 3
Allgatherv 918789 918792 -2 0 1 2 3
Allreduce 918808 918811 -2 0 1 2 3
Allgatherv 918848 918851 -2 0 1 2 3
Allreduce 918867 918869 -2 0 1 2 3
Allgatherv 918907 918910 -2 0 1 2 3
Allreduce 918925 918928 -2 0 1 2 3
Allgatherv 918966 918969 -2 0 1 2 3
Allreduce 918984 918987 -2 0 1 2 3
Allgatherv 919025 919028 -2 0 1 2 3
Allreduce 919043 919046 -2 0 1 2 3
Allgatherv 919084 919087 -2 0 1 2 3
Allreduce 919102 919105 -2 0 1 2 3
Allgatherv 919143 919146 -2 0 1 2 3
Allreduce 919162 919165 -2 0 1 2 3
Allgatherv 919202 919205 -2 0 1 2 3
Allreduce 919221 919223 -2 0 1 2 3
Allgatherv 919262 919265 -2 0 1 2 3
Allreduce 919281 919283 -2 0 1 2 3
Allgatherv 919322 919325 -2 0 1 2 3
Allreduce 919341 919343 -2 0 1 2 3
Allgatherv 919381 919384 -2 0 1 2 3
Allreduce 919399 919402 -2 0 1 2 3
Allgatherv 919441 919444 -2 0 1 2 3
Allreduce 919460 919463 -2 0 1 2 3
Allgatherv 919501 919504 -2 0 1 2 3
Allreduce 919519 919522 -2 0 1 2 3
Allgatherv 919559 919562 -2 0 1 2 3
Allreduce 919578 919580 -2 0 1 2 3
Allgatherv 919618 919622 -2 0 1 2 3
Allreduce 919638 919652 -2 0 1 2 3
Allgatherv 919690 919703 -2 0 1 2 3
Allreduce 919719 919726 -2 0 1 2 3
Allgatherv 919764 919768 -2 0 1 2 3
Allreduce 919785 919791 -2 0 1 2 3
Allgatherv 919828 919832 -2 0 1 2 3
Allreduce 919848 919851 -2 0 1 2 3
Allgatherv 919889 919892 -2 0 1 2 3
Allreduce 919907 919910 -2 0 1 2 3
Allgatherv 919948 919951 -2 0 1 2 3
Allreduce 919966 919969 -2 0 1 2 3
Allgatherv 920006 920009 -2 0 1 2 3
Allreduce 920025 920028 -2 0 1 2 3
Allgatherv 920066 920069 -2 0 1 2 3
Allreduce 920085 920087 -2 0 1 2 3
Allgatherv 920125 920128 -2 0 1 2 3
Allreduce 920143 920146 -2 0 1 2 3
Allgatherv 920184 920186 -2 0 1 2 3
Allreduce 920202 920204 -2 0 1 2 3
Allgatherv 920242 920245 -2 0 1 2 3
Allreduce 920261 920263 -2 0 1 2 3
Allgatherv 920301 920304 -2 0 1 2 3
Allreduce 920321 920324 -2 0 1 2 3
Allgatherv 920361 920364 -2 0 1 2 3
Allreduce 920382 920384 -2 0 1 2 3
Allgatherv 920429 920484 -2 0 1 2 3
Allreduce 920532 920535 -2 0 1 2 3
Allgatherv 920574 920589 -2 0 1 2 3
Allreduce 920605 920611 -2 0 1 2 3
Allgatherv 920649 920660 -2 0 1 2 3
Allreduce 920676 920680 -2 0 1 2 3
Allgatherv 920718 920721 -2 0 1 2 3
Allreduce 920737 920739 -2 0 1 2 3
Allgatherv 920777 920780 -2 0 1 2 3
Allreduce 920796 920799 -2 0 1 2 3
Allgatherv 920836 920839 -2 0 1 2 3
Allreduce 920855 920857 -2 0 1 2 3
Allgatherv 920895 920898 -2 0 1 2 3
Allreduce 920914 920916 -2 0 1 2 3
Allgatherv 920956 920959 -2 0 1 2 3
Allreduce 922988 922991 -2 0 1 2 3
Allgatherv 923031 923039 -2 0 1 2 3
Allreduce 923053 923055 -2 0 1 2 3
Allgatherv 923093 923096 -2 0 1 2 3
Allreduce 923112 923114 -2 0 1 2 3
Allgatherv 923152 923155 -2 0 1 2 3
Allreduce 923171 923173 -2 0 1 2 3
Allgatherv 923211 923214 -2 0 1 2 3
Allreduce 923230 923233 -2 0 1 2 3
Allgatherv 923271 923274 -2 0 1 2 3
Allreduce 923291 923294 -2 0 1 2 3
Allgatherv 923331 923335 -2 0 1 2 3
Allreduce 923350 923353 -2 0 1 2 3
Allgatherv 923392 923395 -2 0 1 2 3
Allreduce 923411 923414 -2 0 1 2 3
Allgatherv 923451 923454 -2 0 1 2 3
Allreduce 923470 923472 -2 0 1 2 3
Allgatherv 923510 923513 -2 0 1 2 3
Allreduce 923529 923532 -2 0 1 2 3
Allgatherv 923570 923574 -2 0 1 2 3
Allreduce 923597 923600 -2 0 1 2 3
Allgatherv 923638 923717 -2 0 1 2 3
Allreduce 923745 923772 -2 0 1 2 3
Allgatherv 923811 923852 -2 0 1 2 3
Allreduce 923868 923871 -2 0 1 2 3
Allgatherv 923908 923912 -2 0 1 2 3
Allreduce 923938 923940 -2 0 1 2 3
Allgatherv 923978 924089 -2 0 1 2 3
Allreduce 924105 924186 -2 0 1 2 3
Allgatherv 924222 924235 -2 0 1 2 3
Allreduce 924250 924255 -2 0 1 2 3
Allgatherv 924294 924298 -2 0 1 2 3
Allreduce 924378 924404 -2 0 1 2 3
Allgatherv 924443 924608 -2 0 1 2 3
Allreduce 924630 924643 -2 0 1 2 3
Allgatherv 924681 924691 -2 0 1 2 3
Allreduce 924714 924725 -2 0 1 2 3
Allgatherv 924769 924786 -2 0 1 2 3
Allreduce 924809 924824 -2 0 1 2 3
Allgatherv 924869 924886 -2 0 1 2 3
Allreduce 924910 924926 -2 0 1 2 3
Allgatherv 924971 924989 -2 0 1 2 3
Allreduce 925010 925030 -2 0 1 2 3
Allgatherv 925074 925087 -2 0 1 2 3
Allreduce 925116 925135 -2 0 1 2 3
Allgatherv 925180 925193 -2 0 1 2 3
Allreduce 925218 925223 -2 0 1 2 3
Allgatherv 925269 925282 -2 0 1 2 3
Allreduce 925309 925325 -2 0 1 2 3
Allgatherv 925369 925390 -2 0 1 2 3
Allreduce 925406 925413 -2 0 1 2 3
Allgatherv 925450 925455 -2 0 1 2 3
Allreduce 925470 925480 -2 0 1 2 3
Allgatherv 925518 925522 -2 0 1 2 3
Allreduce 925538 925540 -2 0 1 2 3
Allgatherv 925580 925584 -2 0 1 2 3
Allreduce 925601 925603 -2 0 1 2 3
Allgatherv 925641 925644 -2 0 1 2 3
Allreduce 925660 925662 -2 0 1 2 3
Allgatherv 925699 925702 -2 0 1 2 3
Allreduce 925718 925720 -2 0 1 2 3
Allgatherv 925768 925772 -2 0 1 2 3
Allreduce 925788 925878 -2 0 1 2 3
Allgatherv 925924 925929 -2 0 1 2 3
Allreduce 925946 925961 -2 0 1 2 3
Allgatherv 925993 926018 -2 0 1 2 3
Allreduce 926065 926074 -2 0 1 2 3
Allgatherv 926130 926159 -2 0 1 2 3
Allreduce 926188 926211 -2 0 1 2 3
Allgatherv 926233 926257 -2 0 1 2 3
Allreduce 926266 926285 -2 0 1 2 3
Allgatherv 926305 926334 -2 0 1 2 3
Allreduce 926343 926361 -2 0 1 2 3
Allgatherv 926382 926406 -2 0 1 2 3
Allreduce 926415 926431 -2 0 1 2 3
Allgatherv 926451 926472 -2 0 1 2 3
Allreduce 926480 926498 -2 0 1 2 3
Allgatherv 926518 926542 -2 0 1 2 3
Allreduce 926551 926579 -2 0 1 2 3
Allgatherv 926600 926621 -2 0 1 2 3
Allreduce 926629 926649 -2 0 1 2 3
Allgatherv 926670 926698 -2 0 1 2 3
Allreduce 926707 926723 -2 0 1 2 3
Allgatherv 926743 926769 -2 0 1 2 3
Allreduce 926779 926842 -2 0 1 2 3
Allgatherv 926863 926891 -2 0 1 2 3
Allreduce 926899 926915 -2 0 1 2 3
Allgatherv 926936 926961 -2 0 1 2 3
Allreduce 926969 926987 -2 0 1 2 3
Allgatherv 927008 927035 -2 0 1 2 3
Allreduce 927043 927055 -2 0 1 2 3
Allgatherv 927075 927094 -2 0 1 2 3
Allreduce 927102 927112 -2 0 1 2 3
Allgatherv 927132 927151 -2 0 1 2 3
Allreduce 927159 927169 -2 0 1 2 3
Allgatherv 927189 927207 -2 0 1 2 3
Allreduce 927215 927226 -2 0 1 2 3
Allgatherv 927246 927265 -2 0 1 2 3
Allreduce 927273 927284 -2 0 1 2 3
Allgatherv 927303 927322 -2 0 1 2 3
Allreduce 927330 927340 -2 0 1 2 3
Allgatherv 927360 927379 -2 0 1 2 3
Allreduce 927388 927399 -2 0 1 2 3
Allgatherv 927419 927438 -2 0 1 2 3
Allreduce 927446 927457 -2 0 1 2 3
Allgatherv 927477 927495 -2 0 1 2 3
Allreduce 927504 927513 -2 0 1 2 3
Allgatherv 927533 927552 -2 0 1 2 3
Allreduce 927560 927573 -2 0 1 2 3
Allgatherv 927593 927647 -2 0 1 2 3
Allreduce 927670 927686 -2 0 1 2 3
Allgatherv 927724 927728 -2 0 1 2 3
Allreduce 927751 927754 -2 0 1 2 3
Allgatherv 927787 927808 -2 0 1 2 3
Allreduce 927824 927845 -2 0 1 2 3
Allgatherv 927885 927896 -2 0 1 2 3
Allreduce 927908 927926 -2 0 1 2 3
Allgatherv 927948 927971 -2 0 1 2 3
Allreduce 927980 928000 -2 0 1 2 3
Allgatherv 928022 928046 -2 0 1 2 3
Allreduce 928055 928075 -2 0 1 2 3
Allgatherv 928095 928114 -2 0 1 2 3
Allreduce 928123 928142 -2 0 1 2 3
Allgatherv 928162 928187 -2 0 1 2 3
Allreduce 928196 928213 -2 0 1 2 3
Allgatherv 928234 928259 -2 0 1 2 3
Allreduce 928268 928288 -2 0 1 2 3
Allgatherv 928309 928334 -2 0 1 2 3
Allreduce 928343 928364 -2 0 1 2 3
Allgatherv 928384 928408 -2 0 1 2 3
Allreduce 928417 928438 -2 0 1 2 3
Allgatherv 928459 928485 -2 0 1 2 3
Allreduce 928494 928514 -2 0 1 2 3
Allgatherv 928535 928558 -2 0 1 2 3
Allreduce 928570 928590 -2 0 1 2 3
Allgatherv 928611 928628 -2 0 1 2 3
Allreduce 928638 928647 -2 0 1 2 3
Allgatherv 928669 928686 -2 0 1 2 3
Allreduce 928695 928706 -2 0 1 2 3
Allgatherv 928726 928744 -2 0 1 2 3
Allreduce 928753 928762 -2 0 1 2 3
Allgatherv 928782 928801 -2 0 1 2 3
Allreduce 928809 928819 -2 0 1 2 3
Allgatherv 928839 928857 -2 0 1 2 3
Allreduce 928866 928875 -2 0 1 2 3
Allgatherv 928896 928914 -2 0 1 2 3
Allreduce 928923 928933 -2 0 1 2 3
Allgatherv 928953 928971 -2 0 1 2 3
Allreduce 928980 928989 -2 0 1 2 3
Allgatherv 929009 929027 -2 0 1 2 3
Allreduce 929037 929047 -2 0 1 2 3
Allgatherv 929067 929086 -2 0 1 2 3
Allreduce 929094 929104 -2 0 1 2 3
Allgatherv 929124 929142 -2 0 1 2 3
Allreduce 929153 929160 -2 0 1 2 3
Allgatherv 929181 929199 -2 0 1 2 3
Allreduce 929208 929218 -2 0 1 2 3
Allgatherv 929239 929257 -2 0 1 2 3
Allreduce 929266 929275 -2 0 1 2 3
Allgatherv 929295 929313 -2 0 1 2 3
Allreduce 929322 929331 -2 0 1 2 3
Allgatherv 929351 929370 -2 0 1 2 3
Allreduce 929379 929387 -2 0 1 2 3
Allgatherv 929408 929426 -2 0 1 2 3
Allreduce 929435 929444 -2 0 1 2 3
Allgatherv 929465 929483 -2 0 1 2 3
Allreduce 929492 929501 -2 0 1 2 3
Allgatherv 929522 929542 -2 0 1 2 3
Allreduce 929551 929560 -2 0 1 2 3
Allgatherv 929589 929614 -2 0 1 2 3
Allreduce 929627 929641 -2 0 1 2 3
Allgatherv 929684 929687 -2 0 1 2 3
Allreduce 929700 929719 -2 0 1 2 3
Allgatherv 929749 929772 -2 0 1 2 3
Allreduce 929797 929806 -2 0 1 2 3
Allgatherv 929830 929858 -2 0 1 2 3
Allreduce 929869 929889 -2 0 1 2 3
Allgatherv 929909 929935 -2 0 1 2 3
Allreduce 929944 929963 -2 0 1 2 3
Allgatherv 929983 930005 -2 0 1 2 3
Allreduce 930014 930030 -2 0 1 2 3
Allgatherv 930051 930076 -2 0 1 2 3
Allreduce 930085 930102 -2 0 1 2 3
Allgatherv 930123 930148 -2 0 1 2 3
Allreduce 930157 930177 -2 0 1 2 3
Allgatherv 930197 930223 -2 0 1 2 3
Allreduce 930232 930252 -2 0 1 2 3
Allgatherv 930273 930302 -2 0 1 2 3
Allreduce 930311 930330 -2 0 1 2 3
Allgatherv 930351 930373 -2 0 1 2 3
Allreduce 930384 930403 -2 0 1 2 3
Allgatherv 930424 930448 -2 0 1 2 3
Allreduce 930457 930468 -2 0 1 2 3
Allgatherv 930488 930506 -2 0 1 2 3
Allreduce 930515 930524 -2 0 1 2 3
Allgatherv 930545 930565 -2 0 1 2 3
Allreduce 930575 930595 -2 0 1 2 3
Allgatherv 930630 930634 -2 0 1 2 3
Allreduce 930645 930659 -2 0 1 2 3
Allgatherv 930692 930699 -2 0 1 2 3
Allreduce 930710 930718 -2 0 1 2 3
Allgatherv 930738 930756 -2 0 1 2 3
Allreduce 930764 930776 -2 0 1 2 3
Allgatherv 930796 930815 -2 0 1 2 3
Allreduce 930823 930833 -2 0 1 2 3
Allgatherv 930853 930871 -2 0 1 2 3
Allreduce 930880 930889 -2 0 1 2 3
Allgatherv 930910 930928 -2 0 1 2 3
Allreduce 930936 930948 -2 0 1 2 3
Allgatherv 930968 930987 -2 0 1 2 3
Allreduce 930995 931005 -2 0 1 2 3
Allgatherv 931025 931044 -2 0 1 2 3
Allreduce 931052 931061 -2 0 1 2 3
Allgatherv 931082 931100 -2 0 1 2 3
Allreduce 931109 931119 -2 0 1 2 3
Allgatherv 931139 931157 -2 0 1 2 3
Allreduce 931165 931176 -2 0 1 2 3
Allgatherv 931196 931214 -2 0 1 2 3
Allreduce 931222 931233 -2 0 1 2 3
Allgatherv 931253 931271 -2 0 1 2 3
Allreduce 931279 931291 -2 0 1 2 3
Allgatherv 931311 931330 -2 0 1 2 3
Allreduce 931338 931348 -2 0 1 2 3
Allgatherv 931368 931387 -2 0 1 2 3
Allreduce 931395 931405 -2 0 1 2 3
Allgatherv 931426 931443 -2 0 1 2 3
Allreduce 931451 931463 -2 0 1 2 3
Allgatherv 931483 931501 -2 0 1 2 3
Allreduce 931509 931519 -2 0 1 2 3
Allgatherv 931539 931558 -2 0 1 2 3
Allreduce 931566 931576 -2 0 1 2 3
Allgatherv 931596 931615 -2 0 1 2 3
Allreduce 931630 931643 -2 0 1 2 3
Allgatherv 931693 931697 -2 0 1 2 3
Allreduce 931721 931733 -2 0 1 2 3
Allgatherv 931767 931789 -2 0 1 2 3
Allreduce 931805 931822 -2 0 1 2 3
Allgatherv 931843 931868 -2 0 1 2 3
Allreduce 931877 931898 -2 0 1 2 3
Allgatherv 931918 931944 -2 0 1 2 3
Allreduce 931952 931973 -2 0 1 2 3
Allgatherv 931993 932014 -2 0 1 2 3
Allreduce 932022 932040 -2 0 1 2 3
Allgatherv 932061 932085 -2 0 1 2 3
Allreduce 932093 932114 -2 0 1 2 3
Allgatherv 932134 932163 -2 0 1 2 3
Allreduce 932172 932193 -2 0 1 2 3
Allgatherv 932213 932241 -2 0 1 2 3
Allreduce 932250 932271 -2 0 1 2 3
Allgatherv 932291 932316 -2 0 1 2 3
Allreduce 932324 932343 -2 0 1 2 3
Allgatherv 932363 932390 -2 0 1 2 3
Allreduce 932398 932418 -2 0 1 2 3
Allgatherv 932439 932457 -2 0 1 2 3
Allreduce 932465 932476 -2 0 1 2 3
Allgatherv 932496 932514 -2 0 1 2 3
Allreduce 932522 932533 -2 0 1 2 3
Allgatherv 932553 932572 -2 0 1 2 3
Allreduce 932580 932590 -2 0 1 2 3
Allgatherv 932610 932628 -2 0 1 2 3
Allreduce 932638 932646 -2 0 1 2 3
Allgatherv 932670 932687 -2 0 1 2 3
Allreduce 932710 932721 -2 0 1 2 3
Allgatherv 932741 932761 -2 0 1 2 3
Allreduce 932769 932779 -2 0 1 2 3
Allgatherv 932799 932819 -2 0 1 2 3
Allreduce 932827 932837 -2 0 1 2 3
Allgatherv 932858 932877 -2 0 1 2 3
Allreduce 932885 932897 -2 0 1 2 3
Allgatherv 932917 932936 -2 0 1 2 3
Allreduce 932944 932954 -2 0 1 2 3
Allgatherv 932975 932994 -2 0 1 2 3
Allreduce 933002 933012 -2 0 1 2 3
Allgatherv 933033 933054 -2 0 1 2 3
Allreduce 933062 933072 -2 0 1 2 3
Allgatherv 933093 933112 -2 0 1 2 3
Allreduce 933120 933130 -2 0 1 2 3
Allgatherv 933151 933170 -2 0 1 2 3
Allreduce 933180 933189 -2 0 1 2 3
Allgatherv 933210 933230 -2 0 1 2 3
Allreduce 933239 933249 -2 0 1 2 3
Allgatherv 933270 933289 -2 0 1 2 3
Allreduce 933297 933307 -2 0 1 2 3
Allgatherv 933328 933347 -2 0 1 2 3
Allreduce 933356 933366 -2 0 1 2 3
Allgatherv 933386 933405 -2 0 1 2 3
Allreduce 933414 933424 -2 0 1 2 3
Allgatherv 933445 933464 -2 0 1 2 3
Allreduce 933472 933482 -2 0 1 2 3
Allgatherv 933502 933521 -2 0 1 2 3
Allreduce 933530 933540 -2 0 1 2 3
Allgatherv 933561 933581 -2 0 1 2 3
Allreduce 933589 933600 -2 0 1 2 3
Allgatherv 933645 933650 -2 0 1 2 3
Allreduce 933681 933684 -2 0 1 2 3
Allgatherv 933721 933754 -2 0 1 2 3
Allreduce 933773 933797 -2 0 1 2 3
Allgatherv 933828 933848 -2 0 1 2 3
Allreduce 933859 933880 -2 0 1 2 3
Allgatherv 933902 933933 -2 0 1 2 3
Allreduce 933943 933963 -2 0 1 2 3
Allgatherv 933985 934008 -2 0 1 2 3
Allreduce 934017 934032 -2 0 1 2 3
Allgatherv 934054 934078 -2 0 1 2 3
Allreduce 934088 934110 -2 0 1 2 3
Allgatherv 934131 934156 -2 0 1 2 3
Allreduce 934166 934187 -2 0 1 2 3
Allgatherv 934209 934235 -2 0 1 2 3
Allreduce 934245 934267 -2 0 1 2 3
Allgatherv 934288 934313 -2 0 1 2 3
Allreduce 934323 934345 -2 0 1 2 3
Allgatherv 934366 934392 -2 0 1 2 3
Allreduce 934401 934421 -2 0 1 2 3
Allgatherv 934444 934473 -2 0 1 2 3
Allreduce 934482 934497 -2 0 1 2 3
Allgatherv 934519 934538 -2 0 1 2 3
Allreduce 934547 934557 -2 0 1 2 3
Allgatherv 934579 934598 -2 0 1 2 3
Allreduce 934607 934617 -2 0 1 2 3
Allgatherv 934638 934660 -2 0 1 2 3
Allreduce 934670 934679 -2 0 1 2 3
Allgatherv 934701 934720 -2 0 1 2 3
Allreduce 934729 934738 -2 0 1 2 3
Allgatherv 934760 934779 -2 0 1 2 3
Allreduce 934789 934798 -2 0 1 2 3
Allgatherv 934819 934839 -2 0 1 2 3
Allreduce 934848 934859 -2 0 1 2 3
Allgatherv 934881 934900 -2 0 1 2 3
Allreduce 934909 934918 -2 0 1 2 3
Allgatherv 934940 934959 -2 0 1 2 3
Allreduce 934969 934978 -2 0 1 2 3
Allgatherv 935001 935018 -2 0 1 2 3
Allreduce 935028 935039 -2 0 1 2 3
Allgatherv 935061 935080 -2 0 1 2 3
Allreduce 935089 935098 -2 0 1 2 3
Allgatherv 935120 935139 -2 0 1 2 3
Allreduce 935148 935158 -2 0 1 2 3
Allgatherv 935179 935199 -2 0 1 2 3
Allreduce 935208 935217 -2 0 1 2 3
Allgatherv 935239 935258 -2 0 1 2 3
Allreduce 935268 935277 -2 0 1 2 3
Allgatherv 935298 935318 -2 0 1 2 3
Allreduce 935327 935336 -2 0 1 2 3
Allgatherv 935358 935377 -2 0 1 2 3
Allreduce 935387 935398 -2 0 1 2 3
Allgatherv 935419 935438 -2 0 1 2 3
Allreduce 935448 935457 -2 0 1 2 3
Allgatherv 935479 935498 -2 0 1 2 3
Allreduce 935508 935517 -2 0 1 2 3
Allgatherv 935539 935558 -2 0 1 2 3
Allreduce 935568 935579 -2 0 1 2 3
Allgatherv 935600 935620 -2 0 1 2 3
Allreduce 935671 935675 -2 0 1 2 3
Allgatherv 935718 935853 -2 0 1 2 3
Allreduce 935901 935917 -2 0 1 2 3
Allgatherv 935958 935964 -2 0 1 2 3
Allreduce 935981 935984 -2 0 1 2 3
Allgatherv 936023 936026 -2 0 1 2 3
Allreduce 936043 936046 -2 0 1 2 3
Allgatherv 936085 936089 -2 0 1 2 3
Allreduce 936106 936122 -2 0 1 2 3
Allgatherv 936163 936169 -2 0 1 2 3
Allreduce 936186 936192 -2 0 1 2 3
Allgatherv 936231 936235 -2 0 1 2 3
Allreduce 936252 936255 -2 0 1 2 3
Allgatherv 936294 936298 -2 0 1 2 3
Allreduce 936316 936318 -2 0 1 2 3
Allgatherv 936357 936361 -2 0 1 2 3
Allreduce 936379 936384 -2 0 1 2 3
Allgatherv 936423 936426 -2 0 1 2 3
Allreduce 936443 936445 -2 0 1 2 3
Allgatherv 936484 936487 -2 0 1 2 3
Allreduce 936504 936507 -2 0 1 2 3
Allgatherv 936545 936549 -2 0 1 2 3
Allreduce 936565 936567 -2 0 1 2 3
Allgatherv 936606 936610 -2 0 1 2 3
Allreduce 936627 936629 -2 0 1 2 3
Allgatherv 936670 936674 -2 0 1 2 3
Allreduce 936691 936693 -2 0 1 2 3
Allgatherv 936733 936737 -2 0 1 2 3
Allreduce 936754 936756 -2 0 1 2 3
Allgatherv 936794 936798 -2 0 1 2 3
Allreduce 936815 936817 -2 0 1 2 3
Allgatherv 936855 936859 -2 0 1 2 3
Allreduce 936877 936879 -2 0 1 2 3
Allgatherv 936918 936925 -2 0 1 2 3
Allreduce 936941 936943 -2 0 1 2 3
Allgatherv 936982 936986 -2 0 1 2 3
Allreduce 937002 937004 -2 0 1 2 3
Allgatherv 937043 937047 -2 0 1 2 3
Allreduce 937063 937065 -2 0 1 2 3
Allgatherv 937104 937107 -2 0 1 2 3
Allreduce 937124 937126 -2 0 1 2 3
Allgatherv 937165 937168 -2 0 1 2 3
Allreduce 937185 937187 -2 0 1 2 3
Allgatherv 937225 937229 -2 0 1 2 3
Allreduce 937247 937249 -2 0 1 2 3
Allgatherv 937288 937291 -2 0 1 2 3
Allreduce 937308 937310 -2 0 1 2 3
Allgatherv 937349 937352 -2 0 1 2 3
Allreduce 937369 937371 -2 0 1 2 3
Allgatherv 937411 937415 -2 0 1 2 3
Allreduce 937432 937434 -2 0 1 2 3
Allgatherv 937474 937479 -2 0 1 2 3
Allreduce 937496 937498 -2 0 1 2 3
Allgatherv 937537 937540 -2 0 1 2 3
Allreduce 937556 937559 -2 0 1 2 3
Allgatherv 937598 937601 -2 0 1 2 3
Allreduce 937617 937620 -2 0 1 2 3
Allgatherv 937661 937664 -2 0 1 2 3
Allreduce 937681 937683 -2 0 1 2 3
Allgatherv 937722 937725 -2 0 1 2 3
Allreduce 937742 937744 -2 0 1 2 3
Allgatherv 937783 937786 -2 0 1 2 3
Allreduce 937804 937806 -2 0 1 2 3
Allgatherv 937845 937849 -2 0 1 2 3
Allreduce 937865 937867 -2 0 1 2 3
Allgatherv 937906 937909 -2 0 1 2 3
Allreduce 937925 937927 -2 0 1 2 3
Allgatherv 937968 937971 -2 0 1 2 3
Allreduce 937988 937992 -2 0 1 2 3
Allgatherv 938031 938035 -2 0 1 2 3
Allreduce 938051 938054 -2 0 1 2 3
Allgatherv 938093 938096 -2 0 1 2 3
Allreduce 938113 938115 -2 0 1 2 3
Allgatherv 938154 938157 -2 0 1 2 3
Allreduce 938174 938176 -2 0 1 2 3
Allgatherv 938214 938218 -2 0 1 2 3
Allreduce 938234 938236 -2 0 1 2 3
Allgatherv 938275 938279 -2 0 1 2 3
Allreduce 938295 938297 -2 0 1 2 3
Allgatherv 938336 938339 -2 0 1 2 3
Allreduce 938358 938360 -2 0 1 2 3
Allgatherv 938399 938402 -2 0 1 2 3
Allreduce 938418 938420 -2 0 1 2 3
Allgatherv 938459 938463 -2 0 1 2 3
Allreduce 938481 938483 -2 0 1 2 3
Allgatherv 938522 938525 -2 0 1 2 3
Allreduce 938542 938548 -2 0 1 2 3
Allgatherv 938586 938590 -2 0 1 2 3
Allreduce 938606 938608 -2 0 1 2 3
Allgatherv 938649 938653 -2 0 1 2 3
Allreduce 938670 938672 -2 0 1 2 3
Allgatherv 938711 938714 -2 0 1 2 3
Allreduce 938731 938733 -2 0 1 2 3
Allgatherv 938787 938791 -2 0 1 2 3
Allreduce 938808 938810 -2 0 1 2 3
Allgatherv 938851 938855 -2 0 1 2 3
Allreduce 938873 938875 -2 0 1 2 3
Allgatherv 938917 938921 -2 0 1 2 3
Allreduce 938938 938941 -2 0 1 2 3
Allgatherv 938982 938985 -2 0 1 2 3
Allreduce 939003 939005 -2 0 1 2 3
Allgatherv 939046 939050 -2 0 1 2 3
Allreduce 939068 939071 -2 0 1 2 3
Allgatherv 939112 939117 -2 0 1 2 3
Allreduce 939134 939139 -2 0 1 2 3
Allgatherv 939180 939183 -2 0 1 2 3
Allreduce 939201 939203 -2 0 1 2 3
Allgatherv 939244 939248 -2 0 1 2 3
Allreduce 939265 939267 -2 0 1 2 3
Allgatherv 939308 939312 -2 0 1 2 3
Allreduce 939329 939332 -2 0 1 2 3
Allgatherv 939373 939377 -2 0 1 2 3
Allreduce 939394 939396 -2 0 1 2 3
Allgatherv 939437 939441 -2 0 1 2 3
Allreduce 939458 939461 -2 0 1 2 3
Allgatherv 939503 939507 -2 0 1 2 3
Allreduce 939524 939527 -2 0 1 2 3
Allgatherv 939568 939571 -2 0 1 2 3
Allreduce 939589 939591 -2 0 1 2 3
Allgatherv 939646 939651 -2 0 1 2 3
Allreduce 939674 939679 -2 0 1 2 3
Allgatherv 939723 939729 -2 0 1 2 3
Allreduce 939746 939766 -2 0 1 2 3
Allgatherv 939807 939822 -2 0 1 2 3
Allreduce 939840 939855 -2 0 1 2 3
Allgatherv 939896 939908 -2 0 1 2 3
Allreduce 939926 939937 -2 0 1 2 3
Allgatherv 939978 939991 -2 0 1 2 3
Allreduce 940009 940020 -2 0 1 2 3
Allgatherv 940061 940068 -2 0 1 2 3
Allreduce 940085 940096 -2 0 1 2 3
Allgatherv 940137 940148 -2 0 1 2 3
Allreduce 940165 940174 -2 0 1 2 3
Allgatherv 940214 940289 -2 0 1 2 3
Allreduce 940422 940426 -2 0 1 2 3
Allgatherv 940471 940481 -2 0 1 2 3
Allreduce 940501 940506 -2 0 1 2 3
Allgatherv 940547 940551 -2 0 1 2 3
Allreduce 940569 940572 -2 0 1 2 3
Allgatherv 940615 940618 -2 0 1 2 3
Allreduce 940640 940710 -2 0 1 2 3
Allgatherv 940752 940774 -2 0 1 2 3
Allreduce 940793 940798 -2 0 1 2 3
Allgatherv 940839 940843 -2 0 1 2 3
Allreduce 940861 940930 -2 0 1 2 3
Allgatherv 940982 941011 -2 0 1 2 3
Allreduce 941031 941034 -2 0 1 2 3
Allgatherv 941114 941120 -2 0 1 2 3
Allreduce 941140 941188 -2 0 1 2 3
Allgatherv 941248 941252 -2 0 1 2 3
Allreduce 941269 941276 -2 0 1 2 3
Allgatherv 941318 941321 -2 0 1 2 3
Allreduce 941342 941350 -2 0 1 2 3
Allgatherv 941394 941405 -2 0 1 2 3
Allreduce 941434 941437 -2 0 1 2 3
Allgatherv 941484 941493 -2 0 1 2 3
Allreduce 941519 941524 -2 0 1 2 3
Allgatherv 941571 941583 -2 0 1 2 3
Allreduce 941607 941844 -2 0 1 2 3
Allgatherv 941975 942039 -2 0 1 2 3
Allreduce 942086 942113 -2 0 1 2 3
Allgatherv 942155 942162 -2 0 1 2 3
Allreduce 942181 942184 -2 0 1 2 3
Allgatherv 942222 942229 -2 0 1 2 3
Allreduce 942248 942251 -2 0 1 2 3
Allgatherv 942289 942396 -2 0 1 2 3
Allreduce 942419 942422 -2 0 1 2 3
Allgatherv 942460 942468 -2 0 1 2 3
Allreduce 942490 942513 -2 0 1 2 3
Allgatherv 942552 942603 -2 0 1 2 3
Allreduce 942627 942638 -2 0 1 2 3
Allgatherv 942665 942695 -2 0 1 2 3
Allreduce 942706 942726 -2 0 1 2 3
Allgatherv 942750 942787 -2 0 1 2 3
Allreduce 942803 942842 -2 0 1 2 3
Allgatherv 942872 942949 -2 0 1 2 3
Allreduce 942959 942969 -2 0 1 2 3
Allgatherv 942991 943014 -2 0 1 2 3
Allreduce 943024 943043 -2 0 1 2 3
Allgatherv 943065 943089 -2 0 1 2 3
Allreduce 943098 943119 -2 0 1 2 3
Allgatherv 944972 946585 -2 0 1 2 3
Allreduce 946629 946635 -2 0 1 2 3
Allgatherv 946686 946693 -2 0 1 2 3
Allreduce 946720 946724 -2 0 1 2 3
Allgatherv 946771 946776 -2 0 1 2 3
Allreduce 946801 946804 -2 0 1 2 3
Allgatherv 946846 946853 -2 0 1 2 3
Allreduce 946878 946882 -2 0 1 2 3
Allgatherv 946928 946932 -2 0 1 2 3
Allreduce 946945 946954 -2 0 1 2 3
Allgatherv 946977 946996 -2 0 1 2 3
Allreduce 947007 947017 -2 0 1 2 3
Allgatherv 947040 947061 -2 0 1 2 3
Allreduce 947071 947081 -2 0 1 2 3
Allgatherv 947104 947125 -2 0 1 2 3
Allreduce 947135 947146 -2 0 1 2 3
Allgatherv 947169 947189 -2 0 1 2 3
Allreduce 947201 947212 -2 0 1 2 3
Allgatherv 947234 947255 -2 0 1 2 3
Allreduce 947265 947278 -2 0 1 2 3
Allgatherv 947301 947322 -2 0 1 2 3
Allreduce 947332 947342 -2 0 1 2 3
Allgatherv 947365 947385 -2 0 1 2 3
Allreduce 947395 947406 -2 0 1 2 3
Allgatherv 947429 947450 -2 0 1 2 3
Allreduce 947460 947470 -2 0 1 2 3
Allgatherv 947493 947514 -2 0 1 2 3
Allreduce 947524 947534 -2 0 1 2 3
Allgatherv 947557 947578 -2 0 1 2 3
Allreduce 947588 947599 -2 0 1 2 3
Allgatherv 947639 947645 -2 0 1 2 3
Allreduce 947658 947676 -2 0 1 2 3
Allgatherv 947725 947732 -2 0 1 2 3
Allreduce 947767 947773 -2 0 1 2 3
Allgatherv 947824 947832 -2 0 1 2 3
Allreduce 947862 947867 -2 0 1 2 3
Allgatherv 947914 947920 -2 0 1 2 3
Allreduce 947947 947950 -2 0 1 2 3
Allgatherv 947997 948003 -2 0 1 2 3
Allreduce 948026 948030 -2 0 1 2 3
Allgatherv 948073 948079 -2 0 1 2 3
Allreduce 948104 948108 -2 0 1 2 3
Allgatherv 948153 948159 -2 0 1 2 3
Allreduce 948187 948191 -2 0 1 2 3
Allgatherv 948241 948247 -2 0 1 2 3
Allreduce 948274 948278 -2 0 1 2 3
Allgatherv 948325 948332 -2 0 1 2 3
Allreduce 948359 948363 -2 0 1 2 3
Allgatherv 948410 948416 -2 0 1 2 3
Allreduce 948443 948447 -2 0 1 2 3
Allgatherv 948492 948497 -2 0 1 2 3
Allreduce 948525 948529 -2 0 1 2 3
Allgatherv 948575 948581 -2 0 1 2 3
Allreduce 948607 948611 -2 0 1 2 3
Allgatherv 948665 948671 -2 0 1 2 3
Allreduce 948710 948713 -2 0 1 2 3
Allgatherv 948739 948760 -2 0 1 2 3
Allreduce 948770 948781 -2 0 1 2 3
Allgatherv 948804 948825 -2 0 1 2 3
Allreduce 948836 948847 -2 0 1 2 3
Allgatherv 948870 948891 -2 0 1 2 3
Allreduce 948902 948912 -2 0 1 2 3
Allgatherv 948936 948957 -2 0 1 2 3
Allreduce 948967 948978 -2 0 1 2 3
Allgatherv 949002 949023 -2 0 1 2 3
Allreduce 949033 949044 -2 0 1 2 3
Allgatherv 949068 949089 -2 0 1 2 3
Allreduce 949099 949110 -2 0 1 2 3
Allgatherv 949134 949156 -2 0 1 2 3
Allreduce 949169 949178 -2 0 1 2 3
Allgatherv 949201 949222 -2 0 1 2 3
Allreduce 949232 949245 -2 0 1 2 3
Allgatherv 949268 949289 -2 0 1 2 3
Allreduce 949300 949311 -2 0 1 2 3
Allgatherv 949334 949355 -2 0 1 2 3
Allreduce 949366 949377 -2 0 1 2 3
Allgatherv 949400 949421 -2 0 1 2 3
Allreduce 949431 949442 -2 0 1 2 3
Allgatherv 949466 949487 -2 0 1 2 3
Allreduce 949497 949508 -2 0 1 2 3
Allgatherv 949531 949553 -2 0 1 2 3
Allreduce 949563 949574 -2 0 1 2 3
Allgatherv 949602 949622 -2 0 1 2 3
Allreduce 949642 949653 -2 0 1 2 3
Allgatherv 949704 949710 -2 0 1 2 3
Allreduce 949738 949757 -2 0 1 2 3
Allgatherv 949810 949815 -2 0 1 2 3
Allreduce 949849 949854 -2 0 1 2 3
Allgatherv 949902 949908 -2 0 1 2 3
Allreduce 949935 949939 -2 0 1 2 3
Allgatherv 949987 949993 -2 0 1 2 3
Allreduce 950020 950024 -2 0 1 2 3
Allgatherv 950065 950070 -2 0 1 2 3
Allreduce 950095 950098 -2 0 1 2 3
Allgatherv 950145 950150 -2 0 1 2 3
Allreduce 950174 950178 -2 0 1 2 3
Allgatherv 950223 950228 -2 0 1 2 3
Allreduce 950254 950258 -2 0 1 2 3
Allgatherv 950304 950310 -2 0 1 2 3
Allreduce 950338 950341 -2 0 1 2 3
Allgatherv 950390 950396 -2 0 1 2 3
Allreduce 950424 950428 -2 0 1 2 3
Allgatherv 950475 950480 -2 0 1 2 3
Allreduce 950509 950513 -2 0 1 2 3
Allgatherv 950559 950564 -2 0 1 2 3
Allreduce 950589 950593 -2 0 1 2 3
Allgatherv 950648 950654 -2 0 1 2 3
Allreduce 950677 950682 -2 0 1 2 3
Allgatherv 950722 950729 -2 0 1 2 3
Allreduce 950742 950749 -2 0 1 2 3
Allgatherv 950772 950793 -2 0 1 2 3
Allreduce 950803 950813 -2 0 1 2 3
Allgatherv 950836 950857 -2 0 1 2 3
Allreduce 950867 950877 -2 0 1 2 3
Allgatherv 950900 950921 -2 0 1 2 3
Allreduce 950931 950941 -2 0 1 2 3
Allgatherv 950964 950984 -2 0 1 2 3
Allreduce 950995 951005 -2 0 1 2 3
Allgatherv 951028 951048 -2 0 1 2 3
Allreduce 951058 951070 -2 0 1 2 3
Allgatherv 951093 951114 -2 0 1 2 3
Allreduce 951126 951135 -2 0 1 2 3
Allgatherv 951158 951178 -2 0 1 2 3
Allreduce 951188 951200 -2 0 1 2 3
Allgatherv 951223 951244 -2 0 1 2 3
Allreduce 951255 951265 -2 0 1 2 3
Allgatherv 951288 951308 -2 0 1 2 3
Allreduce 951319 951329 -2 0 1 2 3
Allgatherv 951352 951372 -2 0 1 2 3
Allreduce 951382 951393 -2 0 1 2 3
Allgatherv 951416 951437 -2 0 1 2 3
Allreduce 951447 951457 -2 0 1 2 3
Allgatherv 951480 951501 -2 0 1 2 3
Allreduce 951511 951521 -2 0 1 2 3
Allgatherv 951544 951565 -2 0 1 2 3
Allreduce 951575 951587 -2 0 1 2 3
Allgatherv 951624 951632 -2 0 1 2 3
Allreduce 951646 951665 -2 0 1 2 3
Allgatherv 951718 951726 -2 0 1 2 3
Allreduce 951753 951852 -2 0 1 2 3
Allgatherv 951894 951929 -2 0 1 2 3
Allreduce 951946 951952 -2 0 1 2 3
Allgatherv 951993 951998 -2 0 1 2 3
Allreduce 952014 952032 -2 0 1 2 3
Allgatherv 952073 952077 -2 0 1 2 3
Allreduce 952094 952097 -2 0 1 2 3
Allgatherv 952138 952142 -2 0 1 2 3
Allreduce 952160 952162 -2 0 1 2 3
Allgatherv 952203 952207 -2 0 1 2 3
Allreduce 952224 952227 -2 0 1 2 3
Allgatherv 952268 952271 -2 0 1 2 3
Allreduce 952290 952293 -2 0 1 2 3
Allgatherv 952334 952337 -2 0 1 2 3
Allreduce 952355 952358 -2 0 1 2 3
Allgatherv 952399 952403 -2 0 1 2 3
Allreduce 952420 952423 -2 0 1 2 3
Allgatherv 952465 952469 -2 0 1 2 3
Allreduce 952486 952491 -2 0 1 2 3
Allgatherv 952531 952535 -2 0 1 2 3
Allreduce 952552 952555 -2 0 1 2 3
Allgatherv 952595 952599 -2 0 1 2 3
Allreduce 952616 952621 -2 0 1 2 3
Allgatherv 952661 952664 -2 0 1 2 3
Allreduce 952681 952685 -2 0 1 2 3
Allgatherv 952728 952732 -2 0 1 2 3
Allreduce 952749 952752 -2 0 1 2 3
Allgatherv 952793 952797 -2 0 1 2 3
Allreduce 952814 952816 -2 0 1 2 3
Allgatherv 952857 952861 -2 0 1 2 3
Allreduce 952880 952882 -2 0 1 2 3
Allgatherv 952923 952927 -2 0 1 2 3
Allreduce 952944 952947 -2 0 1 2 3
Allgatherv 952988 952991 -2 0 1 2 3
Allreduce 953009 953012 -2 0 1 2 3
Allgatherv 953054 953057 -2 0 1 2 3
Allreduce 953075 953079 -2 0 1 2 3
Allgatherv 953119 953123 -2 0 1 2 3
Allreduce 953140 953143 -2 0 1 2 3
Allgatherv 953183 953187 -2 0 1 2 3
Allreduce 953205 953209 -2 0 1 2 3
Allgatherv 953249 953253 -2 0 1 2 3
Allreduce 953271 953273 -2 0 1 2 3
Allgatherv 953314 953318 -2 0 1 2 3
Allreduce 953335 953338 -2 0 1 2 3
Allgatherv 953379 953382 -2 0 1 2 3
Allreduce 953400 953403 -2 0 1 2 3
Allgatherv 953444 953447 -2 0 1 2 3
Allreduce 953467 953469 -2 0 1 2 3
Allgatherv 953510 953513 -2 0 1 2 3
Allreduce 953531 953533 -2 0 1 2 3
Allgatherv 953574 953578 -2 0 1 2 3
Allreduce 953597 953599 -2 0 1 2 3
Allgatherv 953641 953644 -2 0 1 2 3
Allreduce 953662 953664 -2 0 1 2 3
Allgatherv 953705 953709 -2 0 1 2 3
Allreduce 953743 953745 -2 0 1 2 3
Allgatherv 953783 953787 -2 0 1 2 3
Allreduce 953803 953805 -2 0 1 2 3
Allgatherv 953843 953846 -2 0 1 2 3
Allreduce 953862 953864 -2 0 1 2 3
Allgatherv 953902 953905 -2 0 1 2 3
Allreduce 953921 953924 -2 0 1 2 3
Allgatherv 953961 953965 -2 0 1 2 3
Allreduce 953981 953983 -2 0 1 2 3
Allgatherv 954022 954025 -2 0 1 2 3
Allreduce 954042 954044 -2 0 1 2 3
Allgatherv 954082 954085 -2 0 1 2 3
Allreduce 954101 954103 -2 0 1 2 3
Allgatherv 954141 954145 -2 0 1 2 3
Allreduce 954162 954164 -2 0 1 2 3
Allgatherv 954202 954206 -2 0 1 2 3
Allreduce 954222 954224 -2 0 1 2 3
Allgatherv 954262 954266 -2 0 1 2 3
Allreduce 954282 954284 -2 0 1 2 3
Allgatherv 954322 954325 -2 0 1 2 3
Allreduce 954341 954344 -2 0 1 2 3
Allgatherv 954381 954385 -2 0 1 2 3
Allreduce 954401 954403 -2 0 1 2 3
Allgatherv 954440 954444 -2 0 1 2 3
Allreduce 954460 954462 -2 0 1 2 3
Allgatherv 954500 954503 -2 0 1 2 3
Allreduce 954519 954521 -2 0 1 2 3
Allgatherv 954561 954564 -2 0 1 2 3
Allreduce 954580 954582 -2 0 1 2 3
Allgatherv 954620 954623 -2 0 1 2 3
Allreduce 954640 954642 -2 0 1 2 3
Allgatherv 954680 954683 -2 0 1 2 3
Allreduce 954701 954703 -2 0 1 2 3
Allgatherv 954756 954760 -2 0 1 2 3
Allreduce 954776 954779 -2 0 1 2 3
Allgatherv 954815 954818 -2 0 1 2 3
Allreduce 954834 954837 -2 0 1 2 3
Allgatherv 954874 954877 -2 0 1 2 3
Allreduce 954893 954895 -2 0 1 2 3
Allgatherv 954932 954935 -2 0 1 2 3
Allreduce 954951 954953 -2 0 1 2 3
Allgatherv 954990 954993 -2 0 1 2 3
Allreduce 955009 955011 -2 0 1 2 3
Allgatherv 955047 955051 -2 0 1 2 3
Allreduce 955067 955069 -2 0 1 2 3
Allgatherv 955106 955109 -2 0 1 2 3
Allreduce 955125 955127 -2 0 1 2 3
Allgatherv 955164 955167 -2 0 1 2 3
Allreduce 955183 955185 -2 0 1 2 3
Allgatherv 955223 955227 -2 0 1 2 3
Allreduce 955243 955246 -2 0 1 2 3
Allgatherv 955283 955286 -2 0 1 2 3
Allreduce 955302 955304 -2 0 1 2 3
Allgatherv 955341 955344 -2 0 1 2 3
Allreduce 955359 955363 -2 0 1 2 3
Allgatherv 955400 955403 -2 0 1 2 3
Allreduce 955419 955421 -2 0 1 2 3
Allgatherv 955458 955461 -2 0 1 2 3
Allreduce 955476 955478 -2 0 1 2 3
Allgatherv 955515 955519 -2 0 1 2 3
Allreduce 955534 955537 -2 0 1 2 3
Allgatherv 955573 955576 -2 0 1 2 3
Allreduce 955594 955596 -2 0 1 2 3
Allgatherv 955633 955636 -2 0 1 2 3
Allreduce 955652 955654 -2 0 1 2 3
Allgatherv 955691 955695 -2 0 1 2 3
Allreduce 955713 955715 -2 0 1 2 3
Allgatherv 955754 955757 -2 0 1 2 3
Allreduce 955773 955776 -2 0 1 2 3
Allgatherv 955813 955816 -2 0 1 2 3
Allreduce 955832 955834 -2 0 1 2 3
Allgatherv 955871 955874 -2 0 1 2 3
Allreduce 955890 955894 -2 0 1 2 3
Allgatherv 955930 955933 -2 0 1 2 3
Allreduce 955949 955951 -2 0 1 2 3
Allgatherv 955988 955991 -2 0 1 2 3
Allreduce 956006 956009 -2 0 1 2 3
Allgatherv 956046 956049 -2 0 1 2 3
Allreduce 956064 956067 -2 0 1 2 3
Allgatherv 956105 956108 -2 0 1 2 3
Allreduce 956124 956126 -2 0 1 2 3
Allgatherv 956163 956167 -2 0 1 2 3
Allreduce 956182 956185 -2 0 1 2 3
Allgatherv 956221 956224 -2 0 1 2 3
Allreduce 956241 956244 -2 0 1 2 3
Allgatherv 956281 956284 -2 0 1 2 3
Allreduce 956300 956302 -2 0 1 2 3
Allgatherv 956339 956342 -2 0 1 2 3
Allreduce 956358 956360 -2 0 1 2 3
Allgatherv 956397 956400 -2 0 1 2 3
Allreduce 956416 956419 -2 0 1 2 3
Allgatherv 956456 956459 -2 0 1 2 3
Allreduce 956475 956477 -2 0 1 2 3
Allgatherv 956513 956517 -2 0 1 2 3
Allreduce 956532 956534 -2 0 1 2 3
Allgatherv 956571 956574 -2 0 1 2 3
Allreduce 956590 956592 -2 0 1 2 3
Allgatherv 956630 956634 -2 0 1 2 3
Allreduce 956649 956652 -2 0 1 2 3
Allgatherv 956688 956692 -2 0 1 2 3
Allreduce 956709 956712 -2 0 1 2 3
Allgatherv 956749 956752 -2 0 1 2 3
Allreduce 956769 956771 -2 0 1 2 3
Allgatherv 956809 956812 -2 0 1 2 3
Allreduce 956827 956830 -2 0 1 2 3
Allgatherv 956866 956870 -2 0 1 2 3
Allreduce 956885 956887 -2 0 1 2 3
Allgatherv 956925 956929 -2 0 1 2 3
Allreduce 956944 956949 -2 0 1 2 3
Allgatherv 956986 957104 -2 0 1 2 3
Allreduce 957125 957129 -2 0 1 2 3
Allgatherv 957151 957169 -2 0 1 2 3
Allreduce 957180 957191 -2 0 1 2 3
Allgatherv 957211 957230 -2 0 1 2 3
Allreduce 957238 957251 -2 0 1 2 3
Allgatherv 957271 957290 -2 0 1 2 3
Allreduce 957299 957309 -2 0 1 2 3
Allgatherv 957329 957394 -2 0 1 2 3
Allreduce 957417 957419 -2 0 1 2 3
Allgatherv 957457 957460 -2 0 1 2 3
Allreduce 957480 957482 -2 0 1 2 3
Allgatherv 957574 957579 -2 0 1 2 3
Allreduce 957597 957599 -2 0 1 2 3
Allgatherv 957636 957639 -2 0 1 2 3
Allreduce 957655 957657 -2 0 1 2 3
Allgatherv 957726 957735 -2 0 1 2 3
Allreduce 957753 957756 -2 0 1 2 3
Allgatherv 957793 957796 -2 0 1 2 3
Allreduce 957812 957814 -2 0 1 2 3
Allgatherv 957850 957853 -2 0 1 2 3
Allreduce 957869 957871 -2 0 1 2 3
Allgatherv 957908 957913 -2 0 1 2 3
Allreduce 957935 957943 -2 0 1 2 3
Allgatherv 957988 957995 -2 0 1 2 3
Allreduce 958016 958019 -2 0 1 2 3
Allgatherv 958062 958070 -2 0 1 2 3
Allreduce 958091 958095 -2 0 1 2 3
Allgatherv 958139 958147 -2 0 1 2 3
Allreduce 958172 958178 -2 0 1 2 3
Allgatherv 958219 958226 -2 0 1 2 3
Allreduce 958250 958254 -2 0 1 2 3
Allgatherv 958298 958303 -2 0 1 2 3
Allreduce 958324 958332 -2 0 1 2 3
Allgatherv 958372 958380 -2 0 1 2 3
Allreduce 958402 958405 -2 0 1 2 3
Allgatherv 958448 958456 -2 0 1 2 3
Allreduce 958479 958483 -2 0 1 2 3
Allgatherv 958526 958540 -2 0 1 2 3
Allreduce 958560 958564 -2 0 1 2 3
Allgatherv 958600 958604 -2 0 1 2 3
Allreduce 958620 958623 -2 0 1 2 3
Allgatherv 958659 958662 -2 0 1 2 3
Allreduce 958678 958680 -2 0 1 2 3
Allgatherv 958722 958725 -2 0 1 2 3
Allreduce 958741 958743 -2 0 1 2 3
Allgatherv 958783 958788 -2 0 1 2 3
Allreduce 958806 958888 -2 0 1 2 3
Allgatherv 958925 958928 -2 0 1 2 3
Allreduce 958944 958948 -2 0 1 2 3
Allgatherv 958984 958987 -2 0 1 2 3
Allreduce 959003 959007 -2 0 1 2 3
Allgatherv 959043 959046 -2 0 1 2 3
Allreduce 959062 959064 -2 0 1 2 3
Allgatherv 959100 959104 -2 0 1 2 3
Allreduce 959120 959122 -2 0 1 2 3
Allgatherv 959158 959162 -2 0 1 2 3
Allreduce 959177 959180 -2 0 1 2 3
Allgatherv 959216 959219 -2 0 1 2 3
Allreduce 959235 959238 -2 0 1 2 3
Allgatherv 959274 959278 -2 0 1 2 3
Allreduce 959293 959295 -2 0 1 2 3
Allgatherv 959332 959335 -2 0 1 2 3
Allreduce 959351 959355 -2 0 1 2 3
Allgatherv 959392 959395 -2 0 1 2 3
Allreduce 959411 959413 -2 0 1 2 3
Allgatherv 959449 959453 -2 0 1 2 3
Allreduce 959468 959471 -2 0 1 2 3
Allgatherv 959507 959510 -2 0 1 2 3
Allreduce 959526 959530 -2 0 1 2 3
Allgatherv 959566 959569 -2 0 1 2 3
Allreduce 959585 959647 -2 0 1 2 3
Allgatherv 959684 959718 -2 0 1 2 3
Allreduce 959738 959756 -2 0 1 2 3
Allgatherv 959801 959838 -2 0 1 2 3
Allreduce 959851 959863 -2 0 1 2 3
Allgatherv 959884 959910 -2 0 1 2 3
Allreduce 959919 959941 -2 0 1 2 3
Allgatherv 959967 960000 -2 0 1 2 3
Allreduce 960026 960032 -2 0 1 2 3
Allgatherv 960058 960081 -2 0 1 2 3
Allreduce 960093 960110 -2 0 1 2 3
Allgatherv 960131 960160 -2 0 1 2 3
Allreduce 960168 960187 -2 0 1 2 3
Allgatherv 960207 960229 -2 0 1 2 3
Allreduce 960238 960258 -2 0 1 2 3
Allgatherv 960278 960297 -2 0 1 2 3
Allreduce 960306 960322 -2 0 1 2 3
Allgatherv 960343 960368 -2 0 1 2 3
Allreduce 960376 960396 -2 0 1 2 3
Allgatherv 960416 960437 -2 0 1 2 3
Allreduce 960445 960466 -2 0 1 2 3
Allgatherv 960486 960515 -2 0 1 2 3
Allreduce 960523 960544 -2 0 1 2 3
Allgatherv 960564 960591 -2 0 1 2 3
Allreduce 960599 960619 -2 0 1 2 3
Allgatherv 960639 960666 -2 0 1 2 3
Allreduce 960674 960701 -2 0 1 2 3
Allgatherv 960736 960752 -2 0 1 2 3
Allreduce 960773 960782 -2 0 1 2 3
Allgatherv 960810 960826 -2 0 1 2 3
Allreduce 960836 960849 -2 0 1 2 3
Allgatherv 960869 960894 -2 0 1 2 3
Allreduce 960903 960921 -2 0 1 2 3
Allgatherv 960941 960962 -2 0 1 2 3
Allreduce 960971 960980 -2 0 1 2 3
Allgatherv 961001 961019 -2 0 1 2 3
Allreduce 961028 961037 -2 0 1 2 3
Allgatherv 961058 961076 -2 0 1 2 3
Allreduce 961085 961094 -2 0 1 2 3
Allgatherv 961115 961133 -2 0 1 2 3
Allreduce 961142 961152 -2 0 1 2 3
Allgatherv 961172 961191 -2 0 1 2 3
Allreduce 961200 961209 -2 0 1 2 3
Allgatherv 961229 961247 -2 0 1 2 3
Allreduce 961256 961265 -2 0 1 2 3
Allgatherv 961286 961304 -2 0 1 2 3
Allreduce 961315 961323 -2 0 1 2 3
Allgatherv 961343 961362 -2 0 1 2 3
Allreduce 961371 961379 -2 0 1 2 3
Allgatherv 961400 961418 -2 0 1 2 3
Allreduce 961427 961436 -2 0 1 2 3
Allgatherv 961456 961476 -2 0 1 2 3
Allreduce 961485 961494 -2 0 1 2 3
Allgatherv 961514 961532 -2 0 1 2 3
Allreduce 961541 961550 -2 0 1 2 3
Allgatherv 961571 961589 -2 0 1 2 3
Allreduce 961598 961633 -2 0 1 2 3
Allgatherv 961667 961693 -2 0 1 2 3
Allreduce 961705 961728 -2 0 1 2 3
Allgatherv 961775 961808 -2 0 1 2 3
Allreduce 961837 961842 -2 0 1 2 3
Allgatherv 961892 961898 -2 0 1 2 3
Allreduce 961924 961927 -2 0 1 2 3
Allgatherv 961973 961979 -2 0 1 2 3
Allreduce 962002 962005 -2 0 1 2 3
Allgatherv 962046 962050 -2 0 1 2 3
Allreduce 962071 962074 -2 0 1 2 3
Allgatherv 962119 962125 -2 0 1 2 3
Allreduce 962150 962154 -2 0 1 2 3
Allgatherv 962195 962200 -2 0 1 2 3
Allreduce 962225 962228 -2 0 1 2 3
Allgatherv 962274 962279 -2 0 1 2 3
Allreduce 962304 962308 -2 0 1 2 3
Allgatherv 962355 962360 -2 0 1 2 3
Allreduce 962386 962389 -2 0 1 2 3
Allgatherv 962432 962437 -2 0 1 2 3
Allreduce 962463 962467 -2 0 1 2 3
Allgatherv 962510 962516 -2 0 1 2 3
Allreduce 962537 962541 -2 0 1 2 3
Allgatherv 962584 962589 -2 0 1 2 3
Allreduce 962617 962620 -2 0 1 2 3
Allgatherv 962665 962669 -2 0 1 2 3
Allreduce 962681 962689 -2 0 1 2 3
Allgatherv 962711 962729 -2 0 1 2 3
Allreduce 962739 962748 -2 0 1 2 3
Allgatherv 962770 962791 -2 0 1 2 3
Allreduce 962801 962812 -2 0 1 2 3
Allgatherv 962834 962853 -2 0 1 2 3
Allreduce 962862 962872 -2 0 1 2 3
Allgatherv 962894 962913 -2 0 1 2 3
Allreduce 962923 962932 -2 0 1 2 3
Allgatherv 962953 962973 -2 0 1 2 3
Allreduce 962982 962993 -2 0 1 2 3
Allgatherv 963015 963034 -2 0 1 2 3
Allreduce 963043 963053 -2 0 1 2 3
Allgatherv 963075 963094 -2 0 1 2 3
Allreduce 963103 963113 -2 0 1 2 3
Allgatherv 963135 963154 -2 0 1 2 3
Allreduce 963166 963173 -2 0 1 2 3
Allgatherv 963195 963214 -2 0 1 2 3
Allreduce 963224 963233 -2 0 1 2 3
Allgatherv 963255 963274 -2 0 1 2 3
Allreduce 963284 963293 -2 0 1 2 3
Allgatherv 963315 963334 -2 0 1 2 3
Allreduce 963344 963354 -2 0 1 2 3
Allgatherv 963376 963395 -2 0 1 2 3
Allreduce 963404 963414 -2 0 1 2 3
Allgatherv 963435 963454 -2 0 1 2 3
Allreduce 963464 963473 -2 0 1 2 3
Allgatherv 963495 963514 -2 0 1 2 3
Allreduce 963524 963535 -2 0 1 2 3
Allgatherv 963556 963576 -2 0 1 2 3
Allreduce 963585 963612 -2 0 1 2 3
Allgatherv 963648 963661 -2 0 1 2 3
Allreduce 963675 963695 -2 0 1 2 3
Allgatherv 963745 963753 -2 0 1 2 3
Allreduce 963779 963795 -2 0 1 2 3
Allgatherv 963846 963852 -2 0 1 2 3
Allreduce 963879 963883 -2 0 1 2 3
Allgatherv 963930 963935 -2 0 1 2 3
Allreduce 963960 963963 -2 0 1 2 3
Allgatherv 964005 964009 -2 0 1 2 3
Allreduce 964033 964036 -2 0 1 2 3
Allgatherv 964081 964086 -2 0 1 2 3
Allreduce 964108 964112 -2 0 1 2 3
Allgatherv 964157 964162 -2 0 1 2 3
Allreduce 964187 964190 -2 0 1 2 3
Allgatherv 964235 964240 -2 0 1 2 3
Allreduce 964266 964269 -2 0 1 2 3
Allgatherv 964314 964319 -2 0 1 2 3
Allreduce 964345 964349 -2 0 1 2 3
Allgatherv 964396 964401 -2 0 1 2 3
Allreduce 964429 964432 -2 0 1 2 3
Allgatherv 964475 964480 -2 0 1 2 3
Allreduce 964504 964506 -2 0 1 2 3
Allgatherv 964551 964557 -2 0 1 2 3
Allreduce 964581 964585 -2 0 1 2 3
Allgatherv 964619 964626 -2 0 1 2 3
Allreduce 964638 964646 -2 0 1 2 3
Allgatherv 964668 964687 -2 0 1 2 3
Allreduce 964696 964706 -2 0 1 2 3
Allgatherv 964741 964761 -2 0 1 2 3
Allreduce 964770 964782 -2 0 1 2 3
Allgatherv 964804 964825 -2 0 1 2 3
Allreduce 964835 964845 -2 0 1 2 3
Allgatherv 964867 964888 -2 0 1 2 3
Allreduce 964897 964908 -2 0 1 2 3
Allgatherv 964929 964950 -2 0 1 2 3
Allreduce 964958 964969 -2 0 1 2 3
Allgatherv 964991 965011 -2 0 1 2 3
Allreduce 965022 965032 -2 0 1 2 3
Allgatherv 965053 965073 -2 0 1 2 3
Allreduce 965082 965093 -2 0 1 2 3
Allgatherv 965115 965135 -2 0 1 2 3
Allreduce 965144 965154 -2 0 1 2 3
Allgatherv 965176 965196 -2 0 1 2 3
Allreduce 965205 965216 -2 0 1 2 3
Allgatherv 965238 965259 -2 0 1 2 3
Allreduce 965268 965279 -2 0 1 2 3
Allgatherv 965300 965320 -2 0 1 2 3
Allreduce 965329 965340 -2 0 1 2 3
Allgatherv 965361 965382 -2 0 1 2 3
Allreduce 965390 965402 -2 0 1 2 3
Allgatherv 965424 965444 -2 0 1 2 3
Allreduce 965453 965464 -2 0 1 2 3
Allgatherv 965485 965506 -2 0 1 2 3
Allreduce 965515 965526 -2 0 1 2 3
Allgatherv 965547 965567 -2 0 1 2 3
Allreduce 965578 965598 -2 0 1 2 3
Allgatherv 965636 965641 -2 0 1 2 3
Allreduce 965661 965664 -2 0 1 2 3
Allgatherv 965704 965709 -2 0 1 2 3
Allreduce 965726 965749 -2 0 1 2 3
Allgatherv 965791 965805 -2 0 1 2 3
Allreduce 965823 965827 -2 0 1 2 3
Allgatherv 965867 965870 -2 0 1 2 3
Allreduce 965888 965890 -2 0 1 2 3
Allgatherv 965929 965932 -2 0 1 2 3
Allreduce 965949 965951 -2 0 1 2 3
Allgatherv 965991 965994 -2 0 1 2 3
Allreduce 966011 966015 -2 0 1 2 3
Allgatherv 966054 966058 -2 0 1 2 3
Allreduce 966075 966077 -2 0 1 2 3
Allgatherv 966116 966120 -2 0 1 2 3
Allreduce 966137 966139 -2 0 1 2 3
Allgatherv 966181 966184 -2 0 1 2 3
Allreduce 966202 966204 -2 0 1 2 3
Allgatherv 966243 966246 -2 0 1 2 3
Allreduce 966263 966265 -2 0 1 2 3
Allgatherv 966305 966308 -2 0 1 2 3
Allreduce 966325 966327 -2 0 1 2 3
Allgatherv 966367 966370 -2 0 1 2 3
Allreduce 966387 966391 -2 0 1 2 3
Allgatherv 966430 966433 -2 0 1 2 3
Allreduce 966450 966452 -2 0 1 2 3
Allgatherv 966491 966495 -2 0 1 2 3
Allreduce 966512 966514 -2 0 1 2 3
Allgatherv 966553 966556 -2 0 1 2 3
Allreduce 966573 966577 -2 0 1 2 3
Allgatherv 966616 966619 -2 0 1 2 3
Allreduce 966636 966638 -2 0 1 2 3
Allgatherv 966677 966680 -2 0 1 2 3
Allreduce 966697 966700 -2 0 1 2 3
Allgatherv 966742 966745 -2 0 1 2 3
Allreduce 966762 966764 -2 0 1 2 3
Allgatherv 966806 966809 -2 0 1 2 3
Allreduce 966826 966828 -2 0 1 2 3
Allgatherv 966868 966871 -2 0 1 2 3
Allreduce 966888 966890 -2 0 1 2 3
Allgatherv 966929 966933 -2 0 1 2 3
Allreduce 966949 966953 -2 0 1 2 3
Allgatherv 966992 966996 -2 0 1 2 3
Allreduce 967012 967015 -2 0 1 2 3
Allgatherv 967054 967057 -2 0 1 2 3
Allreduce 967074 967076 -2 0 1 2 3
Allgatherv 967116 967119 -2 0 1 2 3
Allreduce 967136 967139 -2 0 1 2 3
Allgatherv 967178 967181 -2 0 1 2 3
Allreduce 967198 967200 -2 0 1 2 3
Allgatherv 967239 967243 -2 0 1 2 3
Allreduce 967262 967264 -2 0 1 2 3
Allgatherv 967304 967307 -2 0 1 2 3
Allreduce 967324 967326 -2 0 1 2 3
Allgatherv 967365 967368 -2 0 1 2 3
Allreduce 967385 967387 -2 0 1 2 3
Allgatherv 967426 967430 -2 0 1 2 3
Allreduce 967447 967449 -2 0 1 2 3
Allgatherv 967488 967492 -2 0 1 2 3
Allreduce 967509 967512 -2 0 1 2 3
Allgatherv 967551 967554 -2 0 1 2 3
Allreduce 967571 967573 -2 0 1 2 3
Allgatherv 967612 967615 -2 0 1 2 3
Allreduce 967632 967634 -2 0 1 2 3
Allgatherv 967674 967678 -2 0 1 2 3
Allreduce 967695 967697 -2 0 1 2 3
Allgatherv 967750 967754 -2 0 1 2 3
Allreduce 967772 967776 -2 0 1 2 3
Allgatherv 967819 967919 -2 0 1 2 3
Allreduce 967939 967953 -2 0 1 2 3
Allgatherv 967995 968017 -2 0 1 2 3
Allreduce 968034 968046 -2 0 1 2 3
Allgatherv 968090 968101 -2 0 1 2 3
Allreduce 968124 968135 -2 0 1 2 3
Allgatherv 968183 968198 -2 0 1 2 3
Allreduce 968219 968233 -2 0 1 2 3
Allgatherv 968277 968297 -2 0 1 2 3
Allreduce 968319 968333 -2 0 1 2 3
Allgatherv 968377 968392 -2 0 1 2 3
Allreduce 968410 968422 -2 0 1 2 3
Allgatherv 968462 968476 -2 0 1 2 3
Allreduce 968494 968508 -2 0 1 2 3
Allgatherv 968548 968561 -2 0 1 2 3
Allreduce 968579 968633 -2 0 1 2 3
Allgatherv 968673 968712 -2 0 1 2 3
Allreduce 968731 968743 -2 0 1 2 3
Allgatherv 968781 968808 -2 0 1 2 3
Allreduce 968828 968840 -2 0 1 2 3
Allgatherv 968864 968894 -2 0 1 2 3
Allreduce 968905 968926 -2 0 1 2 3
Allgatherv 968949 968978 -2 0 1 2 3
Allreduce 968988 969009 -2 0 1 2 3
Allgatherv 969032 969059 -2 0 1 2 3
Allreduce 969070 969089 -2 0 1 2 3
Allgatherv 969112 969147 -2 0 1 2 3
Allreduce 969158 969176 -2 0 1 2 3
Allgatherv 969199 969220 -2 0 1 2 3
Allreduce 969230 969241 -2 0 1 2 3
Allgatherv 969264 969285 -2 0 1 2 3
Allreduce 969295 969306 -2 0 1 2 3
Allgatherv 969328 969349 -2 0 1 2 3
Allreduce 969359 969370 -2 0 1 2 3
Allgatherv 969393 969413 -2 0 1 2 3
Allreduce 969424 969436 -2 0 1 2 3
Allgatherv 969460 969479 -2 0 1 2 3
Allreduce 969490 969500 -2 0 1 2 3
Allgatherv 969523 969543 -2 0 1 2 3
Allreduce 969553 969566 -2 0 1 2 3
Allgatherv 969589 969610 -2 0 1 2 3
Allreduce 969620 969630 -2 0 1 2 3
Allgatherv 969653 969674 -2 0 1 2 3
Allreduce 969684 969695 -2 0 1 2 3
Allgatherv 969718 969738 -2 0 1 2 3
Allreduce 969748 969759 -2 0 1 2 3
Allgatherv 969784 969809 -2 0 1 2 3
Allreduce 969829 969832 -2 0 1 2 3
Allgatherv 969876 969879 -2 0 1 2 3
Allreduce 969898 969901 -2 0 1 2 3
Allgatherv 969941 969945 -2 0 1 2 3
Allreduce 969963 969966 -2 0 1 2 3
Allgatherv 970007 970010 -2 0 1 2 3
Allreduce 970028 970032 -2 0 1 2 3
Allgatherv 970075 970078 -2 0 1 2 3
Allreduce 970096 970099 -2 0 1 2 3
Allgatherv 970140 970143 -2 0 1 2 3
Allreduce 970161 970164 -2 0 1 2 3
Allgatherv 970205 970208 -2 0 1 2 3
Allreduce 970226 970229 -2 0 1 2 3
Allgatherv 970269 970273 -2 0 1 2 3
Allreduce 970291 970294 -2 0 1 2 3
Allgatherv 970334 970338 -2 0 1 2 3
Allreduce 970355 970358 -2 0 1 2 3
Allgatherv 970398 970402 -2 0 1 2 3
Allreduce 970419 970421 -2 0 1 2 3
Allgatherv 970462 970465 -2 0 1 2 3
Allreduce 970483 970486 -2 0 1 2 3
Allgatherv 970526 970529 -2 0 1 2 3
Allreduce 970547 970550 -2 0 1 2 3
Allgatherv 970590 970595 -2 0 1 2 3
Allreduce 970613 970615 -2 0 1 2 3
Allgatherv 970657 970661 -2 0 1 2 3
Allreduce 970679 970684 -2 0 1 2 3
Allgatherv 970724 970728 -2 0 1 2 3
Allreduce 970759 970762 -2 0 1 2 3
Allgatherv 970804 970807 -2 0 1 2 3
Allreduce 970825 970828 -2 0 1 2 3
Allgatherv 970871 970875 -2 0 1 2 3
Allreduce 970894 970897 -2 0 1 2 3
Allgatherv 970939 970942 -2 0 1 2 3
Allreduce 970960 970963 -2 0 1 2 3
Allgatherv 971005 971008 -2 0 1 2 3
Allreduce 971026 971029 -2 0 1 2 3
Allgatherv 971071 971075 -2 0 1 2 3
Allreduce 971093 971096 -2 0 1 2 3
Allgatherv 971137 971141 -2 0 1 2 3
Allreduce 971159 971164 -2 0 1 2 3
Allgatherv 971206 971209 -2 0 1 2 3
Allreduce 971228 971231 -2 0 1 2 3
Allgatherv 971273 971278 -2 0 1 2 3
Allreduce 971296 971299 -2 0 1 2 3
Allgatherv 971340 971344 -2 0 1 2 3
Allreduce 971361 971364 -2 0 1 2 3
Allgatherv 971406 971409 -2 0 1 2 3
Allreduce 971427 971430 -2 0 1 2 3
Allgatherv 971473 971477 -2 0 1 2 3
Allreduce 971494 971497 -2 0 1 2 3
Allgatherv 971539 971542 -2 0 1 2 3
Allreduce 971560 971563 -2 0 1 2 3
Allgatherv 971604 971638 -2 0 1 2 3
Allreduce 971655 971661 -2 0 1 2 3
Allgatherv 971703 971706 -2 0 1 2 3
Allreduce 971723 971741 -2 0 1 2 3
Allgatherv 971783 971787 -2 0 1 2 3
Allreduce 971806 971810 -2 0 1 2 3
Allgatherv 971856 971860 -2 0 1 2 3
Allreduce 971880 971883 -2 0 1 2 3
Allgatherv 971926 971930 -2 0 1 2 3
Allreduce 971948 971951 -2 0 1 2 3
Allgatherv 971994 971997 -2 0 1 2 3
Allreduce 972015 972019 -2 0 1 2 3
Allgatherv 972061 972065 -2 0 1 2 3
Allreduce 972083 972086 -2 0 1 2 3
Allgatherv 972131 972135 -2 0 1 2 3
Allreduce 972153 972156 -2 0 1 2 3
Allgatherv 972199 972203 -2 0 1 2 3
Allreduce 972221 972224 -2 0 1 2 3
Allgatherv 972267 972270 -2 0 1 2 3
Allreduce 972289 972292 -2 0 1 2 3
Allgatherv 972335 972339 -2 0 1 2 3
Allreduce 972357 972360 -2 0 1 2 3
Allgatherv 972403 972408 -2 0 1 2 3
Allreduce 972427 972430 -2 0 1 2 3
Allgatherv 972473 972478 -2 0 1 2 3
Allreduce 972498 972501 -2 0 1 2 3
Allgatherv 972544 972547 -2 0 1 2 3
Allreduce 972566 972568 -2 0 1 2 3
Allgatherv 972612 972616 -2 0 1 2 3
Allreduce 972634 972637 -2 0 1 2 3
Allgatherv 972680 972683 -2 0 1 2 3
Allreduce 972702 972704 -2 0 1 2 3
Allgatherv 972762 972766 -2 0 1 2 3
Allreduce 972784 972786 -2 0 1 2 3
Allgatherv 972828 972832 -2 0 1 2 3
Allreduce 972852 972855 -2 0 1 2 3
Allgatherv 972897 972901 -2 0 1 2 3
Allreduce 972919 972922 -2 0 1 2 3
Allgatherv 972963 972967 -2 0 1 2 3
Allreduce 972985 972990 -2 0 1 2 3
Allgatherv 973032 973035 -2 0 1 2 3
Allreduce 973053 973058 -2 0 1 2 3
Allgatherv 973101 973105 -2 0 1 2 3
Allreduce 973123 973126 -2 0 1 2 3
Allgatherv 973167 973171 -2 0 1 2 3
Allreduce 973188 973191 -2 0 1 2 3
Allgatherv 973233 973236 -2 0 1 2 3
Allreduce 973254 973256 -2 0 1 2 3
Allgatherv 973298 973302 -2 0 1 2 3
Allreduce 973321 973324 -2 0 1 2 3
Allgatherv 973365 973369 -2 0 1 2 3
Allreduce 973387 973390 -2 0 1 2 3
Allgatherv 973432 973435 -2 0 1 2 3
Allreduce 973453 973456 -2 0 1 2 3
Allgatherv 973498 973501 -2 0 1 2 3
Allreduce 973519 973522 -2 0 1 2 3
Allgatherv 973564 973768 -2 0 1 2 3
Allreduce 973794 973803 -2 0 1 2 3
Allgatherv 973846 973855 -2 0 1 2 3
Allreduce 973874 973881 -2 0 1 2 3
Allgatherv 973921 973927 -2 0 1 2 3
Allreduce 973945 973961 -2 0 1 2 3
Allgatherv 974002 974009 -2 0 1 2 3
Allreduce 974027 974084 -2 0 1 2 3
Allgatherv 974121 974128 -2 0 1 2 3
Allreduce 974140 974151 -2 0 1 2 3
Allgatherv 974177 974269 -2 0 1 2 3
Allreduce 974299 974302 -2 0 1 2 3
Allgatherv 974341 974351 -2 0 1 2 3
Allreduce 974371 974378 -2 0 1 2 3
Allgatherv 974471 974478 -2 0 1 2 3
Allreduce 974499 974510 -2 0 1 2 3
Allgatherv 974550 974556 -2 0 1 2 3
Allreduce 974577 974580 -2 0 1 2 3
Allgatherv 974623 974630 -2 0 1 2 3
Allreduce 974655 974661 -2 0 1 2 3
Allgatherv 974705 974716 -2 0 1 2 3
Allreduce 974748 974754 -2 0 1 2 3
Allgatherv 974795 974817 -2 0 1 2 3
Allreduce 974833 974859 -2 0 1 2 3
Allgatherv 974889 974919 -2 0 1 2 3
Allreduce 974933 974953 -2 0 1 2 3
Allgatherv 974982 975011 -2 0 1 2 3
Allreduce 975024 975041 -2 0 1 2 3
Allgatherv 975068 975093 -2 0 1 2 3
Allreduce 975110 975125 -2 0 1 2 3
Allgatherv 975151 975181 -2 0 1 2 3
Allreduce 981057 981065 -2 0 1 2 3
Allgatherv 981115 981122 -2 0 1 2 3
Allreduce 981144 981148 -2 0 1 2 3
Allgatherv 981192 981196 -2 0 1 2 3
Allreduce 981215 981218 -2 0 1 2 3
Allgatherv 981261 981265 -2 0 1 2 3
Allreduce 981284 981287 -2 0 1 2 3
Allgatherv 981330 981334 -2 0 1 2 3
Allreduce 981353 981356 -2 0 1 2 3
Allgatherv 981400 981407 -2 0 1 2 3
Allreduce 981425 981428 -2 0 1 2 3
Allgatherv 981471 981475 -2 0 1 2 3
Allreduce 981495 981498 -2 0 1 2 3
Allgatherv 981541 981545 -2 0 1 2 3
Allreduce 981564 981567 -2 0 1 2 3
Allgatherv 981610 981614 -2 0 1 2 3
Allreduce 981632 981635 -2 0 1 2 3
Allgatherv 981678 981682 -2 0 1 2 3
Allreduce 981700 981703 -2 0 1 2 3
Allgatherv 981746 981750 -2 0 1 2 3
Allreduce 981770 981773 -2 0 1 2 3
Allgatherv 981816 981820 -2 0 1 2 3
Allreduce 981838 981841 -2 0 1 2 3
Allgatherv 981884 981887 -2 0 1 2 3
Allreduce 981905 981908 -2 0 1 2 3
Allgatherv 981954 981957 -2 0 1 2 3
Allreduce 981976 981981 -2 0 1 2 3
Allgatherv 982024 982029 -2 0 1 2 3
Allreduce 982048 982050 -2 0 1 2 3
Allgatherv 982093 982097 -2 0 1 2 3
Allreduce 982117 982119 -2 0 1 2 3
Allgatherv 982162 982166 -2 0 1 2 3
Allreduce 982185 982187 -2 0 1 2 3
Allgatherv 982230 982234 -2 0 1 2 3
Allreduce 982252 982255 -2 0 1 2 3
Allgatherv 982298 982302 -2 0 1 2 3
Allreduce 982320 982323 -2 0 1 2 3
Barrier 984889 986096
Barrier 986116 986118
Barrier 1160450 1167102
Barrier 1167128 1167143
Finalize 1170650 1176736
