SYSTEM_START_US: 1775660118799315
Bcast 851290 851292 -1 0
Bcast 851310 851311 -1 0
Bcast 851325 851326 -1 0
Barrier 918490 940066
Barrier 940357 940402
Bcast 957234 957237 -1 0
Scatterv 957253 962440 -1 0
Barrier 963316 963805
Sendrecv 963823 963902 -2 2
Sendrecv 963922 963960 -2 2
Barrier 964352 964364
Barrier 964368 964825
Barrier 964832 965458
Sendrecv 965475 965593 -2 4
Sendrecv 965637 965645 -2 4
Barrier 965961 965964
Barrier 965969 966371
Sendrecv 966385 966388 -2 2
Sendrecv 966401 966410 -2 2
Barrier 966750 966754
Barrier 966809 967220
Barrier 967228 967613
Sendrecv 967625 967628 -2 4
Sendrecv 967640 967648 -2 4
Barrier 968014 968020
Barrier 968024 968329
Sendrecv 968338 968339 -2 2
Sendrecv 968354 968363 -2 2
Barrier 968675 968683
Barrier 968742 969123
Barrier 969127 969479
Sendrecv 969493 969495 -2 4
Sendrecv 969508 969516 -2 4
Barrier 969904 969907
Barrier 969913 970321
Sendrecv 970331 970335 -2 2
Sendrecv 970352 970359 -2 2
Barrier 970689 970691
Barrier 970695 971055
Barrier 971060 971415
Sendrecv 971423 971425 -2 4
Sendrecv 971437 971445 -2 4
Barrier 971782 971785
Barrier 971867 972209
Sendrecv 972217 972219 -2 2
Sendrecv 972230 972237 -2 2
Barrier 972561 972563
Barrier 972568 972912
Barrier 972917 973262
Sendrecv 973270 973271 -2 4
Sendrecv 973283 973290 -2 4
Barrier 973610 973612
Barrier 973617 974061
Sendrecv 974070 974072 -2 2
Sendrecv 974083 974090 -2 2
Barrier 974416 974418
Barrier 974422 974778
Barrier 974783 975143
Sendrecv 975151 975152 -2 4
Sendrecv 975166 975173 -2 4
Barrier 975536 975540
Gather 975564 975831 0
Gatherv 975847 976051 0
Barrier 987564 987588
Barrier 987713 987722
Finalize 988283 993098
