SYSTEM_START_US: 1775660118806205
Bcast 839084 839087 -1 0
Bcast 839106 839107 -1 0
Bcast 839121 839122 -1 0
Barrier 909365 933307
Barrier 933465 933509
Bcast 955219 955226 -1 0
Scatterv 955254 955567 -1 0
Barrier 956448 956944
Barrier 956954 957475
Sendrecv 957495 957600 -2 5
Sendrecv 957635 957643 -2 5
Barrier 957925 957930
Barrier 957939 958578
Sendrecv 958592 958677 -2 3
Sendrecv 958724 958756 -2 3
Barrier 959000 959075
Barrier 959079 959482
Barrier 959492 959865
Sendrecv 959884 959893 -2 5
Sendrecv 959910 959920 -2 5
Barrier 960319 960330
Barrier 960336 960724
Sendrecv 960736 960739 -2 3
Sendrecv 960750 960760 -2 3
Barrier 961129 961132
Barrier 961136 961440
Barrier 961444 961793
Sendrecv 961804 961805 -2 5
Sendrecv 961818 961827 -2 5
Barrier 962232 962234
Barrier 962238 962590
Sendrecv 962603 962605 -2 3
Sendrecv 962618 962626 -2 3
Barrier 962988 963018
Barrier 963024 963432
Barrier 963436 963802
Sendrecv 963812 963813 -2 5
Sendrecv 963826 963833 -2 5
Barrier 964163 964166
Barrier 964170 964526
Sendrecv 964534 964536 -2 3
Sendrecv 964548 964555 -2 3
Barrier 964883 964896
Barrier 964978 965320
Barrier 965324 965674
Sendrecv 965684 965685 -2 5
Sendrecv 965697 965704 -2 5
Barrier 966021 966023
Barrier 966027 966373
Sendrecv 966381 966382 -2 3
Sendrecv 966393 966400 -2 3
Barrier 966708 966723
Barrier 966728 967172
Barrier 967177 967529
Sendrecv 967538 967539 -2 5
Sendrecv 967551 967558 -2 5
Barrier 967886 967889
Barrier 967893 968253
Sendrecv 968261 968263 -2 3
Sendrecv 968276 968284 -2 3
Barrier 968629 968651
Gather 968675 968973 0
Gatherv 968994 969034 0
Barrier 980679 980687
Barrier 980807 980832
Finalize 981372 986212
