SYSTEM_START_US: 1776648527845077
Bcast 73241 73245 -1 0
Bcast 73266 73269 -1 0
Bcast 73282 73283 -1 0
Bcast 558772 621415 -1 0
Scatter 643101 644154 -1 0
Scatter 644181 644319 -1 0
Sendrecv_replace 644339 644423 3 -1 5
Sendrecv_replace 644454 645099 1 -1 7
Sendrecv_replace 650093 650125 3 -1 5
Sendrecv_replace 650140 652665 1 -1 7
Sendrecv_replace 657507 658216 3 -1 5
Sendrecv_replace 658228 659286 1 -1 7
Gather 665003 667572 0
Bcast 667913 668968 -1 0
Barrier 675857 679154
Barrier 679181 682972
Barrier 1506456 1526084
Barrier 1526103 1529736
Finalize 1530046 1534980
