SYSTEM_START_US: 1776648527872198
Bcast 46055 46057 -1 0
Bcast 46074 46075 -1 0
Bcast 46085 46086 -1 0
Bcast 545708 594292 -1 0
Scatter 615982 616865 -1 0
Scatter 616894 617028 -1 0
Sendrecv_replace 617044 617121 -2 1
Sendrecv_replace 617148 617719 7 -1 4
Sendrecv_replace 622730 622878 0 -1 2
Sendrecv_replace 622893 625477 7 -1 4
Sendrecv_replace 630524 630554 0 -1 2
Sendrecv_replace 630567 631144 7 -1 4
Gather 635915 637770 0
Bcast 638280 644434 -1 0
Barrier 650841 652277
Barrier 652297 652301
Barrier 1339451 1498952
Barrier 1498968 1502610
Finalize 1502879 1507991
