SYSTEM_START_US: 1776648527857828
Bcast 90170 90172 -1 0
Bcast 90195 90196 -1 0
Bcast 90210 90211 -1 0
Bcast 566919 619228 -1 0
Scatter 630384 631299 -1 0
Scatter 631317 631440 -1 0
Sendrecv_replace 631454 631728 5 -1 4
Sendrecv_replace 631755 631764 -2 3
Sendrecv_replace 636761 637375 5 -1 4
Sendrecv_replace 637389 640175 0 -1 6
Sendrecv_replace 645432 645465 5 -1 4
Sendrecv_replace 645478 646455 0 -1 6
Gather 651369 651406 0
Bcast 651752 656232 -1 0
Barrier 663305 666232
Barrier 666258 666985
Barrier 1355474 1513385
Barrier 1513398 1516986
Finalize 1517313 1522203
