SYSTEM_START_US: 1776648527869812
Bcast 48287 48290 1 2 3 4 5 6 7 8
Bcast 48330 48332 1 2 3 4 5 6 7 8
Bcast 48356 48358 1 2 3 4 5 6 7 8
Bcast 596628 596655 1 2 3 4 5 6 7 8
Scatter 619198 619336 1 2 3 4 5 6 7 8
Scatter 619369 619518 1 2 3 4 5 6 7 8
Sendrecv_replace 619534 619613 -2 0
Sendrecv_replace 619643 619656 -2 0
Sendrecv_replace 624653 625257 2 -1 1
Sendrecv_replace 625270 625657 6 -1 3
Sendrecv_replace 628711 632938 2 -1 1
Sendrecv_replace 632954 634404 6 -1 3
Gather 640076 642875 -1 1 2 3 4 5 6 7 8
Bcast 643584 644638 1 2 3 4 5 6 7 8
Barrier 652073 654394
Barrier 654419 672777
Barrier 1468650 1501305
Barrier 1501335 1505001
Finalize 1505656 1510262
