SYSTEM_START_US: 1776648527849184
Bcast 71508 71511 -1 0
Bcast 71538 71540 -1 0
Bcast 71557 71558 -1 0
Bcast 637826 637830 -1 0
Scatter 639065 640082 -1 0
Scatter 640113 640249 -1 0
Sendrecv_replace 640264 640560 8 -1 6
Sendrecv_replace 640585 645448 4 -1 1
Sendrecv_replace 648458 648507 6 -1 8
Sendrecv_replace 648519 648556 4 -1 1
Sendrecv_replace 653930 655050 6 -1 8
Sendrecv_replace 655064 659042 4 -1 1
Gather 663186 663231 0
Bcast 663587 664842 -1 0
Barrier 673278 675045
Barrier 675067 675875
Barrier 1360781 1521922
Barrier 1521963 1525625
Finalize 1525897 1530846
