SYSTEM_START_US: 1776648527848459
Bcast 70123 70126 -1 0
Bcast 70145 70146 -1 0
Bcast 70157 70158 -1 0
Bcast 619445 619451 -1 0
Scatter 639768 640812 -1 0
Scatter 640839 640974 -1 0
Sendrecv_replace 640989 641091 7 -1 8
Sendrecv_replace 641144 641162 -2 6
Sendrecv_replace 646165 649214 8 -1 7
Sendrecv_replace 649231 650044 3 -1 0
Sendrecv_replace 655723 655775 8 -1 7
Sendrecv_replace 655786 655822 3 -1 0
Gather 661505 664032 0
Bcast 664393 665527 -1 0
Barrier 672586 675768
Barrier 675793 676599
Barrier 1368348 1523494
Barrier 1523504 1526349
Finalize 1526622 1531590
