SYSTEM_START_US: 1776648527855301
Bcast 63183 63185 -1 0
Bcast 63201 63202 -1 0
Bcast 63213 63214 -1 0
Bcast 607315 611203 -1 0
Scatter 632877 633886 -1 0
Scatter 633922 634059 -1 0
Sendrecv_replace 634079 634255 4 -1 3
Sendrecv_replace 634289 634706 8 -1 2
Sendrecv_replace 639613 639901 4 -1 3
Sendrecv_replace 639916 642563 2 -1 8
Sendrecv_replace 647707 647992 4 -1 3
Sendrecv_replace 648004 648973 2 -1 8
Gather 654558 654839 0
Bcast 655311 658733 -1 0
Barrier 668561 668930
Barrier 668949 672748
Barrier 1481260 1516651
Barrier 1516663 1516668
Finalize 1516970 1524779
