SYSTEM_START_US: 1776648527842449
Bcast 103224 103227 -1 0
Bcast 103251 103252 -1 0
Bcast 103265 103266 -1 0
Bcast 594660 624032 -1 0
Scatter 645902 646598 -1 0
Scatter 646630 646762 -1 0
Sendrecv_replace 646776 647111 6 -1 7
Sendrecv_replace 647150 647611 2 -1 5
Sendrecv_replace 652587 655241 7 -1 6
Sendrecv_replace 655256 655428 5 -1 2
Sendrecv_replace 660565 661768 7 -1 6
Sendrecv_replace 661786 661824 5 -1 2
Gather 667512 667613 0
Bcast 668068 671935 -1 0
Barrier 678972 681775
Barrier 681801 717995
Barrier 1528581 1528661
Barrier 1528693 1532364
Finalize 1532629 1537626
