SYSTEM_START_US: 1776648527871727
Bcast 55206 55211 -1 0
Bcast 55230 55231 -1 0
Bcast 55243 55244 -1 0
Bcast 605306 605315 -1 0
Scatter 616476 617406 -1 0
Scatter 617426 617548 -1 0
Sendrecv_replace 617561 617583 -2 2
Sendrecv_replace 617616 618310 5 -1 8
Sendrecv_replace 623315 623347 1 -1 0
Sendrecv_replace 623358 623657 8 -1 5
Sendrecv_replace 626682 631097 1 -1 0
Sendrecv_replace 631106 631648 8 -1 5
Gather 636399 638295 0
Bcast 638749 642974 -1 0
Barrier 648249 652547
Barrier 652564 653085
Barrier 1491394 1499482
Barrier 1499495 1503080
Finalize 1503366 1508347
