SYSTEM_START_US: 1775665669996030
Bcast 733481 733487 -1 0
Bcast 733508 733508 -1 0
Bcast 733517 733517 -1 0
Allreduce 772374 772685 -2 0 2 3
Allgather 773111 773134 -2 0 2 3
Allreduce 773164 773262 -2 0 2 3
Allgather 773283 773290 -2 0 2 3
Allreduce 773315 773383 -2 0 2 3
Allgather 773400 773443 -2 0 2 3
Allreduce 773468 773476 -2 0 2 3
Allgather 773496 773499 -2 0 2 3
Allreduce 773516 773520 -2 0 2 3
Allgather 773528 773529 -2 0 2 3
Allreduce 773549 773551 -2 0 2 3
Allgather 773571 773575 -2 0 2 3
Allreduce 773596 773598 -2 0 2 3
Allgather 773605 773607 -2 0 2 3
Allreduce 773627 773629 -2 0 2 3
Allgather 773636 773638 -2 0 2 3
Allreduce 773665 773671 -2 0 2 3
Allgather 773696 773701 -2 0 2 3
Allreduce 773756 773759 -2 0 2 3
Allgather 773770 773771 -2 0 2 3
Allreduce 773802 773809 -2 0 2 3
Allgather 773817 773818 -2 0 2 3
Allreduce 773850 773853 -2 0 2 3
Allgather 773860 773862 -2 0 2 3
Allreduce 773898 773900 -2 0 2 3
Allgather 773909 773911 -2 0 2 3
Allreduce 773974 773979 -2 0 2 3
Allgather 773987 773988 -2 0 2 3
Allreduce 774032 774034 -2 0 2 3
Allgather 774043 774047 -2 0 2 3
Allreduce 774087 774089 -2 0 2 3
Allgather 774097 774099 -2 0 2 3
Allreduce 774141 774142 -2 0 2 3
Allgather 774150 774153 -2 0 2 3
Allreduce 774198 774201 -2 0 2 3
Allgather 774208 774210 -2 0 2 3
Allreduce 774262 774263 -2 0 2 3
Allgather 774271 774272 -2 0 2 3
Allreduce 774327 774329 -2 0 2 3
Allgather 774336 774345 -2 0 2 3
Allreduce 774440 774457 -2 0 2 3
Allgather 774465 774472 -2 0 2 3
Allreduce 774535 774536 -2 0 2 3
Allgather 774544 774546 -2 0 2 3
Allreduce 774607 774610 -2 0 2 3
Allgather 774618 774619 -2 0 2 3
Allreduce 774684 774687 -2 0 2 3
Allgather 774695 774696 -2 0 2 3
Allreduce 774773 774775 -2 0 2 3
Allgather 774782 774783 -2 0 2 3
Allreduce 774857 774858 -2 0 2 3
Allgather 774866 774867 -2 0 2 3
Allreduce 774945 774947 -2 0 2 3
Allgather 774957 774958 -2 0 2 3
Allreduce 775038 775084 -2 0 2 3
Allgather 775113 775118 -2 0 2 3
Allreduce 775248 775250 -2 0 2 3
Allgather 775265 775277 -2 0 2 3
Allreduce 775402 775404 -2 0 2 3
Allgather 775419 775422 -2 0 2 3
Allreduce 775547 775550 -2 0 2 3
Allgather 775674 775681 -2 0 2 3
Allreduce 775810 775812 -2 0 2 3
Allgather 775828 775830 -2 0 2 3
Allreduce 775962 776016 -2 0 2 3
Allgather 776030 776039 -2 0 2 3
Allreduce 776189 776203 -2 0 2 3
Allgather 776219 776222 -2 0 2 3
Allreduce 776373 776375 -2 0 2 3
Allgather 776390 776398 -2 0 2 3
Allreduce 776557 776559 -2 0 2 3
Allgather 776573 776576 -2 0 2 3
Allreduce 776732 776735 -2 0 2 3
Allgather 776754 776758 -2 0 2 3
Allreduce 776953 776955 -2 0 2 3
Allgather 776969 776984 -2 0 2 3
Allreduce 777154 777157 -2 0 2 3
Allgather 777171 777173 -2 0 2 3
Allreduce 777334 777336 -2 0 2 3
Allgather 777351 777353 -2 0 2 3
Allreduce 777529 777531 -2 0 2 3
Allgather 777546 777548 -2 0 2 3
Allreduce 777731 777733 -2 0 2 3
Allgather 777747 777755 -2 0 2 3
Allreduce 777924 777927 -2 0 2 3
Allgather 777941 777943 -2 0 2 3
Allreduce 778135 778138 -2 0 2 3
Allgather 778152 778157 -2 0 2 3
Allreduce 778341 778343 -2 0 2 3
Allgather 778358 778360 -2 0 2 3
Allreduce 778557 778559 -2 0 2 3
Allgather 778574 778576 -2 0 2 3
Allreduce 778930 778932 -2 0 2 3
Allgather 778947 778951 -2 0 2 3
Allreduce 779155 779157 -2 0 2 3
Allgather 779172 779174 -2 0 2 3
Allreduce 779381 779383 -2 0 2 3
Allgather 779397 779399 -2 0 2 3
Allreduce 779612 779614 -2 0 2 3
Allgather 779628 779630 -2 0 2 3
Allreduce 779833 779835 -2 0 2 3
Allgather 779849 779852 -2 0 2 3
Allreduce 780085 780087 -2 0 2 3
Allgather 780101 780103 -2 0 2 3
Allreduce 780338 780341 -2 0 2 3
Allgather 780354 780357 -2 0 2 3
Allreduce 780578 780580 -2 0 2 3
Allgather 780595 780597 -2 0 2 3
Allreduce 780848 780850 -2 0 2 3
Allgather 780864 780866 -2 0 2 3
Allreduce 781101 781103 -2 0 2 3
Allgather 781119 781121 -2 0 2 3
Allreduce 781358 781360 -2 0 2 3
Allgather 781374 781376 -2 0 2 3
Allreduce 781629 781632 -2 0 2 3
Allgather 781646 781648 -2 0 2 3
Allreduce 781894 781896 -2 0 2 3
Allgather 781910 781912 -2 0 2 3
Allreduce 782175 782178 -2 0 2 3
Allgather 782192 782194 -2 0 2 3
Allreduce 782464 782467 -2 0 2 3
Allgather 782481 782487 -2 0 2 3
Allreduce 782775 782777 -2 0 2 3
Allgather 782792 782795 -2 0 2 3
Allreduce 783068 783070 -2 0 2 3
Allgather 783086 783092 -2 0 2 3
Allreduce 783387 783395 -2 0 2 3
Allgather 783409 783411 -2 0 2 3
Allreduce 783708 783710 -2 0 2 3
Allgather 783725 783727 -2 0 2 3
Allreduce 784006 784008 -2 0 2 3
Allgather 784025 784028 -2 0 2 3
Allreduce 784312 784315 -2 0 2 3
Allgather 784330 784332 -2 0 2 3
Allreduce 784638 784640 -2 0 2 3
Allgather 784655 784657 -2 0 2 3
Allreduce 784966 784968 -2 0 2 3
Allgather 784983 784985 -2 0 2 3
Allreduce 785298 785301 -2 0 2 3
Allgather 785580 785585 -2 0 2 3
Allreduce 785910 785913 -2 0 2 3
Allgather 785928 785930 -2 0 2 3
Allreduce 786250 786252 -2 0 2 3
Allgather 786268 786270 -2 0 2 3
Allreduce 786596 786598 -2 0 2 3
Allgather 786613 786615 -2 0 2 3
Allreduce 786957 786959 -2 0 2 3
Allgather 786974 786976 -2 0 2 3
Allreduce 787307 787310 -2 0 2 3
Allgather 787325 787327 -2 0 2 3
Allreduce 787691 787694 -2 0 2 3
Allgather 787709 787711 -2 0 2 3
Allreduce 788098 788100 -2 0 2 3
Allgather 788116 788120 -2 0 2 3
Allreduce 788473 788475 -2 0 2 3
Allgather 788491 788493 -2 0 2 3
Allreduce 788911 788913 -2 0 2 3
Allgather 788929 788931 -2 0 2 3
Allreduce 789349 789352 -2 0 2 3
Allgather 789368 789370 -2 0 2 3
Allreduce 789776 789779 -2 0 2 3
Allgather 789796 789798 -2 0 2 3
Allreduce 790211 790213 -2 0 2 3
Allgather 790229 790231 -2 0 2 3
Allreduce 790641 790643 -2 0 2 3
Allgather 790658 790661 -2 0 2 3
Allreduce 791092 791160 -2 0 2 3
Allgather 791179 791183 -2 0 2 3
Allreduce 791486 791634 -2 0 2 3
Allgather 791665 791670 -2 0 2 3
Allreduce 791955 792104 -2 0 2 3
Allgather 792120 792123 -2 0 2 3
Allreduce 792436 792580 -2 0 2 3
Allgather 792589 792603 -2 0 2 3
Allreduce 792946 793070 -2 0 2 3
Allgather 793082 793087 -2 0 2 3
Allreduce 793400 793541 -2 0 2 3
Allgather 793550 793559 -2 0 2 3
Allreduce 793868 794012 -2 0 2 3
Allgather 794021 794029 -2 0 2 3
Allreduce 794323 794461 -2 0 2 3
Allgather 794470 794478 -2 0 2 3
Allreduce 794785 794914 -2 0 2 3
Allgather 794922 794930 -2 0 2 3
Allreduce 795216 795347 -2 0 2 3
Allgather 795356 795369 -2 0 2 3
Allreduce 795677 795817 -2 0 2 3
Allgather 795826 795835 -2 0 2 3
Allreduce 796139 796278 -2 0 2 3
Allgather 796286 796298 -2 0 2 3
Allreduce 796599 796740 -2 0 2 3
Allgather 796749 796757 -2 0 2 3
Allreduce 797085 797236 -2 0 2 3
Allgather 797245 797253 -2 0 2 3
Allreduce 797555 797693 -2 0 2 3
Allgather 797703 797711 -2 0 2 3
Allreduce 798012 798151 -2 0 2 3
Allgather 798161 798170 -2 0 2 3
Allreduce 798503 798658 -2 0 2 3
Allgather 798667 798675 -2 0 2 3
Allreduce 798974 799115 -2 0 2 3
Allgather 799124 799132 -2 0 2 3
Allreduce 799469 799622 -2 0 2 3
Allgather 799631 799639 -2 0 2 3
Allreduce 799958 800103 -2 0 2 3
Allgather 800112 800120 -2 0 2 3
Allreduce 800445 800593 -2 0 2 3
Allgather 800601 800611 -2 0 2 3
Allreduce 800938 801094 -2 0 2 3
Allgather 801387 801584 -2 0 2 3
Allreduce 801911 802069 -2 0 2 3
Allgather 802078 802090 -2 0 2 3
Allreduce 802434 802591 -2 0 2 3
Allgather 802600 802608 -2 0 2 3
Allreduce 802968 803127 -2 0 2 3
Allgather 803135 803143 -2 0 2 3
Allreduce 803513 803694 -2 0 2 3
Allgather 803703 803711 -2 0 2 3
Allreduce 804059 804220 -2 0 2 3
Allgather 804229 804237 -2 0 2 3
Allreduce 804599 804762 -2 0 2 3
Allgather 804771 804779 -2 0 2 3
Allreduce 805130 805240 -2 0 2 3
Allgather 805249 805255 -2 0 2 3
Allreduce 805601 805611 -2 0 2 3
Allgather 805619 805621 -2 0 2 3
Allreduce 805996 806001 -2 0 2 3
Allgather 806010 806012 -2 0 2 3
Allreduce 806350 806356 -2 0 2 3
Allgather 806365 806366 -2 0 2 3
Allreduce 806759 806763 -2 0 2 3
Allgather 806772 806773 -2 0 2 3
Allreduce 807173 807213 -2 0 2 3
Allgather 807225 807231 -2 0 2 3
Allreduce 807608 807815 -2 0 2 3
Allgather 807824 807832 -2 0 2 3
Allreduce 808237 808406 -2 0 2 3
Allgather 808417 808423 -2 0 2 3
Allreduce 808816 808992 -2 0 2 3
Allgather 809001 809009 -2 0 2 3
Allreduce 809403 809561 -2 0 2 3
Allgather 809573 809586 -2 0 2 3
Allreduce 809994 810153 -2 0 2 3
Allgather 810164 810170 -2 0 2 3
Allreduce 810548 810719 -2 0 2 3
Allgather 810728 810735 -2 0 2 3
Allreduce 811143 811333 -2 0 2 3
Allgather 811342 811350 -2 0 2 3
Allreduce 811743 811919 -2 0 2 3
Allgather 811928 811948 -2 0 2 3
Allreduce 812348 812529 -2 0 2 3
Allgather 812538 812546 -2 0 2 3
Barrier 814343 815718
Barrier 815734 815902
Barrier 863099 863104
Barrier 863112 863152
Finalize 868022 870242
