SYSTEM_START_US: 1775665670113003
Bcast 608444 608449 -1 0
Bcast 608469 608469 -1 0
Bcast 608480 608480 -1 0
Allreduce 642874 655718 -2 0 1 2
Allgather 656128 656207 -2 0 1 2
Allreduce 656242 656251 -2 0 1 2
Allgather 656260 656320 -2 0 1 2
Allreduce 656352 656405 -2 0 1 2
Allgather 656434 656473 -2 0 1 2
Allreduce 656498 656503 -2 0 1 2
Allgather 656524 656525 -2 0 1 2
Allreduce 656542 656546 -2 0 1 2
Allgather 656554 656556 -2 0 1 2
Allreduce 656574 656577 -2 0 1 2
Allgather 656599 656601 -2 0 1 2
Allreduce 656622 656624 -2 0 1 2
Allgather 656632 656633 -2 0 1 2
Allreduce 656653 656655 -2 0 1 2
Allgather 656663 656664 -2 0 1 2
Allreduce 656691 656697 -2 0 1 2
Allgather 656723 656726 -2 0 1 2
Allreduce 656782 656785 -2 0 1 2
Allgather 656796 656798 -2 0 1 2
Allreduce 656829 656835 -2 0 1 2
Allgather 656843 656844 -2 0 1 2
Allreduce 656877 656879 -2 0 1 2
Allgather 656887 656888 -2 0 1 2
Allreduce 656924 656926 -2 0 1 2
Allgather 656934 656937 -2 0 1 2
Allreduce 657003 657005 -2 0 1 2
Allgather 657014 657015 -2 0 1 2
Allreduce 657058 657060 -2 0 1 2
Allgather 657071 657073 -2 0 1 2
Allreduce 657114 657115 -2 0 1 2
Allgather 657123 657125 -2 0 1 2
Allreduce 657167 657168 -2 0 1 2
Allgather 657178 657179 -2 0 1 2
Allreduce 657225 657227 -2 0 1 2
Allgather 657234 657236 -2 0 1 2
Allreduce 657288 657289 -2 0 1 2
Allgather 657297 657298 -2 0 1 2
Allreduce 657354 657355 -2 0 1 2
Allgather 657363 657370 -2 0 1 2
Allreduce 657467 657483 -2 0 1 2
Allgather 657491 657498 -2 0 1 2
Allreduce 657560 657563 -2 0 1 2
Allgather 657571 657572 -2 0 1 2
Allreduce 657634 657636 -2 0 1 2
Allgather 657644 657645 -2 0 1 2
Allreduce 657712 657713 -2 0 1 2
Allgather 657721 657722 -2 0 1 2
Allreduce 657799 657801 -2 0 1 2
Allgather 657808 657809 -2 0 1 2
Allreduce 657883 657885 -2 0 1 2
Allgather 657892 657894 -2 0 1 2
Allreduce 657972 657973 -2 0 1 2
Allgather 657981 657984 -2 0 1 2
Allreduce 658106 658109 -2 0 1 2
Allgather 658124 658149 -2 0 1 2
Allreduce 658266 658277 -2 0 1 2
Allgather 658297 658303 -2 0 1 2
Allreduce 658395 658431 -2 0 1 2
Allgather 658440 658448 -2 0 1 2
Allreduce 658535 658576 -2 0 1 2
Allgather 658647 658707 -2 0 1 2
Allreduce 658797 658839 -2 0 1 2
Allgather 658848 658857 -2 0 1 2
Allreduce 658963 659042 -2 0 1 2
Allgather 659062 659065 -2 0 1 2
Allreduce 659204 659230 -2 0 1 2
Allgather 659246 659248 -2 0 1 2
Allreduce 659397 659401 -2 0 1 2
Allgather 659421 659424 -2 0 1 2
Allreduce 659554 659585 -2 0 1 2
Allgather 659596 659602 -2 0 1 2
Allreduce 659705 659762 -2 0 1 2
Allgather 659772 659784 -2 0 1 2
Allreduce 659921 659981 -2 0 1 2
Allgather 660009 660010 -2 0 1 2
Allreduce 660125 660183 -2 0 1 2
Allgather 660191 660200 -2 0 1 2
Allreduce 660307 660363 -2 0 1 2
Allgather 660371 660379 -2 0 1 2
Allreduce 660497 660558 -2 0 1 2
Allgather 660566 660574 -2 0 1 2
Allreduce 660697 660759 -2 0 1 2
Allgather 660767 660782 -2 0 1 2
Allreduce 660896 660953 -2 0 1 2
Allgather 660962 660970 -2 0 1 2
Allreduce 661097 661165 -2 0 1 2
Allgather 661180 661183 -2 0 1 2
Allreduce 661315 661370 -2 0 1 2
Allgather 661379 661386 -2 0 1 2
Allreduce 661523 661586 -2 0 1 2
Allgather 661594 661602 -2 0 1 2
Allreduce 661892 661959 -2 0 1 2
Allgather 661968 661977 -2 0 1 2
Allreduce 662118 662184 -2 0 1 2
Allgather 662192 662200 -2 0 1 2
Allreduce 662342 662409 -2 0 1 2
Allgather 662418 662425 -2 0 1 2
Allreduce 662572 662640 -2 0 1 2
Allgather 662648 662656 -2 0 1 2
Allreduce 662798 662862 -2 0 1 2
Allgather 662870 662878 -2 0 1 2
Allreduce 663037 663113 -2 0 1 2
Allgather 663122 663129 -2 0 1 2
Allreduce 663294 663367 -2 0 1 2
Allgather 663375 663383 -2 0 1 2
Allreduce 663535 663607 -2 0 1 2
Allgather 663615 663623 -2 0 1 2
Allreduce 663798 663876 -2 0 1 2
Allgather 663885 663893 -2 0 1 2
Allreduce 664054 664129 -2 0 1 2
Allgather 664138 664147 -2 0 1 2
Allreduce 664311 664386 -2 0 1 2
Allgather 664395 664403 -2 0 1 2
Allreduce 664580 664658 -2 0 1 2
Allgather 664666 664674 -2 0 1 2
Allreduce 664841 664922 -2 0 1 2
Allgather 664930 664938 -2 0 1 2
Allreduce 665119 665204 -2 0 1 2
Allgather 665212 665220 -2 0 1 2
Allreduce 665409 665493 -2 0 1 2
Allgather 665501 665513 -2 0 1 2
Allreduce 665713 665803 -2 0 1 2
Allgather 665812 665821 -2 0 1 2
Allreduce 666006 666096 -2 0 1 2
Allgather 666105 666119 -2 0 1 2
Allreduce 666321 666422 -2 0 1 2
Allgather 666431 666437 -2 0 1 2
Allreduce 666645 666737 -2 0 1 2
Allgather 666745 666754 -2 0 1 2
Allreduce 666944 667034 -2 0 1 2
Allgather 667044 667054 -2 0 1 2
Allreduce 667252 667341 -2 0 1 2
Allgather 667350 667358 -2 0 1 2
Allreduce 667568 667666 -2 0 1 2
Allgather 667675 667683 -2 0 1 2
Allreduce 667896 667994 -2 0 1 2
Allgather 668003 668011 -2 0 1 2
Allreduce 668226 668327 -2 0 1 2
Allgather 668468 668616 -2 0 1 2
Allreduce 668849 668939 -2 0 1 2
Allgather 668949 668957 -2 0 1 2
Allreduce 669173 669279 -2 0 1 2
Allgather 669287 669296 -2 0 1 2
Allreduce 669517 669624 -2 0 1 2
Allgather 669633 669641 -2 0 1 2
Allreduce 669876 669985 -2 0 1 2
Allgather 669994 670003 -2 0 1 2
Allreduce 670226 670336 -2 0 1 2
Allgather 670344 670353 -2 0 1 2
Allreduce 670601 670720 -2 0 1 2
Allgather 670728 670737 -2 0 1 2
Allreduce 670996 671127 -2 0 1 2
Allgather 671144 671146 -2 0 1 2
Allreduce 671393 671502 -2 0 1 2
Allgather 671512 671520 -2 0 1 2
Allreduce 671811 671940 -2 0 1 2
Allgather 671951 671958 -2 0 1 2
Allreduce 672247 672378 -2 0 1 2
Allgather 672388 672396 -2 0 1 2
Allreduce 672689 672805 -2 0 1 2
Allgather 672815 672824 -2 0 1 2
Allreduce 673109 673240 -2 0 1 2
Allgather 673249 673257 -2 0 1 2
Allreduce 673542 673669 -2 0 1 2
Allgather 673678 673687 -2 0 1 2
Allreduce 673987 674186 -2 0 1 2
Allgather 674204 674210 -2 0 1 2
Allreduce 674649 674660 -2 0 1 2
Allgather 674688 674697 -2 0 1 2
Allreduce 675119 675130 -2 0 1 2
Allgather 675144 675149 -2 0 1 2
Allreduce 675604 675606 -2 0 1 2
Allgather 675622 675630 -2 0 1 2
Allreduce 676094 676096 -2 0 1 2
Allgather 676112 676114 -2 0 1 2
Allreduce 676564 676567 -2 0 1 2
Allgather 676583 676585 -2 0 1 2
Allreduce 677035 677038 -2 0 1 2
Allgather 677053 677055 -2 0 1 2
Allreduce 677483 677487 -2 0 1 2
Allgather 677502 677504 -2 0 1 2
Allreduce 677937 677940 -2 0 1 2
Allgather 677954 677956 -2 0 1 2
Allreduce 678371 678374 -2 0 1 2
Allgather 678388 678396 -2 0 1 2
Allreduce 678841 678843 -2 0 1 2
Allgather 678860 678861 -2 0 1 2
Allreduce 679302 679304 -2 0 1 2
Allgather 679319 679324 -2 0 1 2
Allreduce 679764 679766 -2 0 1 2
Allgather 679781 679783 -2 0 1 2
Allreduce 680259 680263 -2 0 1 2
Allgather 680277 680279 -2 0 1 2
Allreduce 680717 680720 -2 0 1 2
Allgather 680735 680737 -2 0 1 2
Allreduce 681175 681178 -2 0 1 2
Allgather 681194 681196 -2 0 1 2
Allreduce 681682 681684 -2 0 1 2
Allgather 681699 681701 -2 0 1 2
Allreduce 682139 682141 -2 0 1 2
Allgather 682156 682158 -2 0 1 2
Allreduce 682646 682648 -2 0 1 2
Allgather 682663 682665 -2 0 1 2
Allreduce 683127 683129 -2 0 1 2
Allgather 683144 683146 -2 0 1 2
Allreduce 683617 683619 -2 0 1 2
Allgather 683635 683637 -2 0 1 2
Allreduce 684118 684120 -2 0 1 2
Allgather 684549 684610 -2 0 1 2
Allreduce 685092 685095 -2 0 1 2
Allgather 685110 685117 -2 0 1 2
Allreduce 685615 685617 -2 0 1 2
Allgather 685632 685634 -2 0 1 2
Allreduce 686151 686153 -2 0 1 2
Allgather 686168 686169 -2 0 1 2
Allreduce 686718 686721 -2 0 1 2
Allgather 686735 686737 -2 0 1 2
Allreduce 687244 687246 -2 0 1 2
Allgather 687261 687263 -2 0 1 2
Allreduce 687786 687788 -2 0 1 2
Allgather 687803 687805 -2 0 1 2
Allreduce 688222 688266 -2 0 1 2
Allgather 688279 688281 -2 0 1 2
Allreduce 688630 688637 -2 0 1 2
Allgather 688646 688647 -2 0 1 2
Allreduce 689021 689028 -2 0 1 2
Allgather 689037 689038 -2 0 1 2
Allreduce 689376 689382 -2 0 1 2
Allgather 689391 689392 -2 0 1 2
Allreduce 689785 689790 -2 0 1 2
Allgather 689798 689799 -2 0 1 2
Allreduce 690192 690240 -2 0 1 2
Allgather 690251 690257 -2 0 1 2
Allreduce 690642 690841 -2 0 1 2
Allgather 690850 690858 -2 0 1 2
Allreduce 691258 691432 -2 0 1 2
Allgather 691441 691449 -2 0 1 2
Allreduce 691839 692018 -2 0 1 2
Allgather 692027 692035 -2 0 1 2
Allreduce 692455 692588 -2 0 1 2
Allgather 692608 692612 -2 0 1 2
Allreduce 693022 693179 -2 0 1 2
Allgather 693191 693196 -2 0 1 2
Allreduce 693566 693745 -2 0 1 2
Allgather 693754 693761 -2 0 1 2
Allreduce 694159 694359 -2 0 1 2
Allgather 694367 694377 -2 0 1 2
Allreduce 694760 694945 -2 0 1 2
Allgather 694954 694974 -2 0 1 2
Allreduce 695365 695555 -2 0 1 2
Allgather 695564 695572 -2 0 1 2
Barrier 697300 698743
Barrier 698760 698928
Barrier 746091 746130
Barrier 746137 746178
Finalize 751053 753261
