SYSTEM_START_US: 1775665669982576
Bcast 738755 738763 -1 0
Bcast 738789 738790 -1 0
Bcast 738799 738800 -1 0
Allreduce 780161 786045 -2 0 1 3
Allgather 786548 786587 -2 0 1 3
Allreduce 786619 786681 -2 0 1 3
Allgather 786696 786786 -2 0 1 3
Allreduce 786821 786827 -2 0 1 3
Allgather 786841 786890 -2 0 1 3
Allreduce 786905 786928 -2 0 1 3
Allgather 786945 786952 -2 0 1 3
Allreduce 786972 786974 -2 0 1 3
Allgather 786982 786983 -2 0 1 3
Allreduce 787001 787004 -2 0 1 3
Allgather 787025 787028 -2 0 1 3
Allreduce 787049 787051 -2 0 1 3
Allgather 787059 787060 -2 0 1 3
Allreduce 787080 787082 -2 0 1 3
Allgather 787090 787091 -2 0 1 3
Allreduce 787118 787124 -2 0 1 3
Allgather 787152 787153 -2 0 1 3
Allreduce 787195 787212 -2 0 1 3
Allgather 787221 787225 -2 0 1 3
Allreduce 787255 787262 -2 0 1 3
Allgather 787270 787272 -2 0 1 3
Allreduce 787303 787306 -2 0 1 3
Allgather 787314 787315 -2 0 1 3
Allreduce 787350 787353 -2 0 1 3
Allgather 787361 787364 -2 0 1 3
Allreduce 787428 787432 -2 0 1 3
Allgather 787440 787442 -2 0 1 3
Allreduce 787486 787487 -2 0 1 3
Allgather 787497 787499 -2 0 1 3
Allreduce 787540 787542 -2 0 1 3
Allgather 787551 787553 -2 0 1 3
Allreduce 787594 787596 -2 0 1 3
Allgather 787603 787606 -2 0 1 3
Allreduce 787651 787654 -2 0 1 3
Allgather 787662 787663 -2 0 1 3
Allreduce 787715 787717 -2 0 1 3
Allgather 787725 787726 -2 0 1 3
Allreduce 787780 787788 -2 0 1 3
Allgather 787796 787797 -2 0 1 3
Allreduce 787908 787910 -2 0 1 3
Allgather 787918 787923 -2 0 1 3
Allreduce 787985 787990 -2 0 1 3
Allgather 787998 787999 -2 0 1 3
Allreduce 788062 788063 -2 0 1 3
Allgather 788071 788072 -2 0 1 3
Allreduce 788138 788140 -2 0 1 3
Allgather 788148 788149 -2 0 1 3
Allreduce 788226 788228 -2 0 1 3
Allgather 788235 788237 -2 0 1 3
Allreduce 788310 788312 -2 0 1 3
Allgather 788320 788321 -2 0 1 3
Allreduce 788398 788400 -2 0 1 3
Allgather 788408 788411 -2 0 1 3
Allreduce 788491 788541 -2 0 1 3
Allgather 788567 788571 -2 0 1 3
Allreduce 788692 788704 -2 0 1 3
Allgather 788721 788727 -2 0 1 3
Allreduce 788816 788858 -2 0 1 3
Allgather 788866 788874 -2 0 1 3
Allreduce 788958 789003 -2 0 1 3
Allgather 789067 789134 -2 0 1 3
Allreduce 789222 789265 -2 0 1 3
Allgather 789274 789283 -2 0 1 3
Allreduce 789466 789469 -2 0 1 3
Allgather 789480 789491 -2 0 1 3
Allreduce 789623 789657 -2 0 1 3
Allgather 789669 789674 -2 0 1 3
Allreduce 789776 789828 -2 0 1 3
Allgather 789837 789850 -2 0 1 3
Allreduce 789955 790012 -2 0 1 3
Allgather 790020 790028 -2 0 1 3
Allreduce 790129 790189 -2 0 1 3
Allgather 790202 790210 -2 0 1 3
Allreduce 790347 790408 -2 0 1 3
Allgather 790416 790437 -2 0 1 3
Allreduce 790552 790610 -2 0 1 3
Allgather 790618 790626 -2 0 1 3
Allreduce 790733 790789 -2 0 1 3
Allgather 790797 790805 -2 0 1 3
Allreduce 790923 790984 -2 0 1 3
Allgather 790993 791006 -2 0 1 3
Allreduce 791128 791186 -2 0 1 3
Allgather 791194 791202 -2 0 1 3
Allreduce 791316 791380 -2 0 1 3
Allgather 791389 791396 -2 0 1 3
Allreduce 791526 791591 -2 0 1 3
Allgather 791599 791609 -2 0 1 3
Allreduce 791734 791797 -2 0 1 3
Allgather 791805 791812 -2 0 1 3
Allreduce 791945 792013 -2 0 1 3
Allgather 792021 792028 -2 0 1 3
Allreduce 792232 792386 -2 0 1 3
Allgather 792402 792404 -2 0 1 3
Allreduce 792549 792611 -2 0 1 3
Allgather 792619 792626 -2 0 1 3
Allreduce 792767 792836 -2 0 1 3
Allgather 792844 792852 -2 0 1 3
Allreduce 792998 793067 -2 0 1 3
Allgather 793075 793083 -2 0 1 3
Allreduce 793221 793289 -2 0 1 3
Allgather 793297 793304 -2 0 1 3
Allreduce 793462 793541 -2 0 1 3
Allgather 793549 793556 -2 0 1 3
Allreduce 793719 793794 -2 0 1 3
Allgather 793802 793809 -2 0 1 3
Allreduce 793959 794034 -2 0 1 3
Allgather 794041 794050 -2 0 1 3
Allreduce 794223 794303 -2 0 1 3
Allgather 794311 794319 -2 0 1 3
Allreduce 794479 794556 -2 0 1 3
Allgather 794564 794573 -2 0 1 3
Allreduce 794736 794813 -2 0 1 3
Allgather 794821 794829 -2 0 1 3
Allreduce 795003 795085 -2 0 1 3
Allgather 795093 795100 -2 0 1 3
Allreduce 795266 795349 -2 0 1 3
Allgather 795357 795364 -2 0 1 3
Allreduce 795547 795631 -2 0 1 3
Allgather 795639 795647 -2 0 1 3
Allreduce 795832 795920 -2 0 1 3
Allgather 795928 795938 -2 0 1 3
Allreduce 796134 796230 -2 0 1 3
Allgather 796239 796252 -2 0 1 3
Allreduce 796432 796523 -2 0 1 3
Allgather 796532 796547 -2 0 1 3
Allreduce 796745 796843 -2 0 1 3
Allgather 796852 796864 -2 0 1 3
Allreduce 797066 797163 -2 0 1 3
Allgather 797171 797180 -2 0 1 3
Allreduce 797365 797463 -2 0 1 3
Allgather 797472 797480 -2 0 1 3
Allreduce 797672 797768 -2 0 1 3
Allgather 797776 797785 -2 0 1 3
Allreduce 797989 798093 -2 0 1 3
Allgather 798101 798110 -2 0 1 3
Allreduce 798317 798421 -2 0 1 3
Allgather 798430 798438 -2 0 1 3
Allreduce 798649 798754 -2 0 1 3
Allgather 798893 799036 -2 0 1 3
Allreduce 799254 799366 -2 0 1 3
Allgather 799375 799383 -2 0 1 3
Allreduce 799596 799706 -2 0 1 3
Allgather 799714 799723 -2 0 1 3
Allreduce 799940 800051 -2 0 1 3
Allgather 800059 800068 -2 0 1 3
Allreduce 800299 800412 -2 0 1 3
Allgather 800421 800429 -2 0 1 3
Allreduce 800651 800763 -2 0 1 3
Allgather 800771 800780 -2 0 1 3
Allreduce 801023 801147 -2 0 1 3
Allgather 801155 801164 -2 0 1 3
Allreduce 801420 801553 -2 0 1 3
Allgather 801563 801573 -2 0 1 3
Allreduce 801809 801929 -2 0 1 3
Allgather 801939 801946 -2 0 1 3
Allreduce 802229 802367 -2 0 1 3
Allgather 802375 802384 -2 0 1 3
Allreduce 802666 802805 -2 0 1 3
Allgather 802814 802823 -2 0 1 3
Allreduce 803086 803232 -2 0 1 3
Allgather 803241 803251 -2 0 1 3
Allreduce 803528 803666 -2 0 1 3
Allgather 803675 803684 -2 0 1 3
Allreduce 803960 804096 -2 0 1 3
Allgather 804105 804113 -2 0 1 3
Allreduce 804406 804615 -2 0 1 3
Allgather 804634 804636 -2 0 1 3
Allreduce 804942 805082 -2 0 1 3
Allgather 805092 805120 -2 0 1 3
Allreduce 805408 805552 -2 0 1 3
Allgather 805561 805576 -2 0 1 3
Allreduce 805890 806035 -2 0 1 3
Allgather 806054 806056 -2 0 1 3
Allreduce 806431 806523 -2 0 1 3
Allgather 806536 806541 -2 0 1 3
Allreduce 806847 806994 -2 0 1 3
Allgather 807003 807012 -2 0 1 3
Allreduce 807314 807465 -2 0 1 3
Allgather 807474 807482 -2 0 1 3
Allreduce 807769 807914 -2 0 1 3
Allgather 807923 807931 -2 0 1 3
Allreduce 808230 808367 -2 0 1 3
Allgather 808375 808383 -2 0 1 3
Allreduce 808663 808801 -2 0 1 3
Allgather 808809 808820 -2 0 1 3
Allreduce 809121 809270 -2 0 1 3
Allgather 809279 809288 -2 0 1 3
Allreduce 809586 809731 -2 0 1 3
Allgather 809739 809752 -2 0 1 3
Allreduce 810045 810193 -2 0 1 3
Allgather 810201 810210 -2 0 1 3
Allreduce 810531 810690 -2 0 1 3
Allgather 810698 810706 -2 0 1 3
Allreduce 811001 811147 -2 0 1 3
Allgather 811156 811163 -2 0 1 3
Allreduce 811460 811605 -2 0 1 3
Allgather 811614 811623 -2 0 1 3
Allreduce 811949 812111 -2 0 1 3
Allgather 812120 812128 -2 0 1 3
Allreduce 812416 812568 -2 0 1 3
Allgather 812577 812585 -2 0 1 3
Allreduce 812915 813075 -2 0 1 3
Allgather 813083 813092 -2 0 1 3
Allreduce 813403 813556 -2 0 1 3
Allgather 813565 813573 -2 0 1 3
Allreduce 813890 814046 -2 0 1 3
Allgather 814054 814064 -2 0 1 3
Allreduce 814384 814547 -2 0 1 3
Allgather 814745 815043 -2 0 1 3
Allreduce 815371 815522 -2 0 1 3
Allgather 815532 815541 -2 0 1 3
Allreduce 815877 816044 -2 0 1 3
Allgather 816053 816061 -2 0 1 3
Allreduce 816415 816580 -2 0 1 3
Allgather 816588 816596 -2 0 1 3
Allreduce 816958 817148 -2 0 1 3
Allgather 817156 817164 -2 0 1 3
Allreduce 817504 817674 -2 0 1 3
Allgather 817682 817690 -2 0 1 3
Allreduce 818044 818215 -2 0 1 3
Allgather 818225 818232 -2 0 1 3
Allreduce 818576 818694 -2 0 1 3
Allgather 818702 818708 -2 0 1 3
Allreduce 819046 819064 -2 0 1 3
Allgather 819072 819074 -2 0 1 3
Allreduce 819439 819454 -2 0 1 3
Allgather 819462 819465 -2 0 1 3
Allreduce 819795 819809 -2 0 1 3
Allgather 819817 819819 -2 0 1 3
Allreduce 820203 820217 -2 0 1 3
Allgather 820225 820227 -2 0 1 3
Allreduce 820646 820667 -2 0 1 3
Allgather 820683 820685 -2 0 1 3
Allreduce 821266 821268 -2 0 1 3
Allgather 821283 821285 -2 0 1 3
Allreduce 821857 821860 -2 0 1 3
Allgather 821875 821876 -2 0 1 3
Allreduce 822443 822445 -2 0 1 3
Allgather 822460 822462 -2 0 1 3
Allreduce 823012 823014 -2 0 1 3
Allgather 823031 823038 -2 0 1 3
Allreduce 823604 823606 -2 0 1 3
Allgather 823621 823623 -2 0 1 3
Allreduce 824170 824172 -2 0 1 3
Allgather 824187 824189 -2 0 1 3
Allreduce 824784 824786 -2 0 1 3
Allgather 824801 824803 -2 0 1 3
Allreduce 825370 825372 -2 0 1 3
Allgather 825390 825399 -2 0 1 3
Allreduce 825981 825983 -2 0 1 3
Allgather 825998 826005 -2 0 1 3
Barrier 829154 829329
Barrier 829353 829355
Barrier 874518 876579
Barrier 876593 876602
Finalize 881504 883689
