SYSTEM_START_US: 1774567069819493
Bcast 105049 105051 -1 0
Bcast 105064 105065 -1 0
Bcast 105074 105075 -1 0
Bcast 126221 126590 -1 0
Scatterv 126657 126668 -1 0
Sendrecv 126692 127019 -2 2
Sendrecv 127031 127115 -2 2
Barrier 127140 127308
Barrier 127321 127511
Sendrecv 127521 127522 -2 2
Sendrecv 127538 127539 -2 2
Barrier 127546 127602
Barrier 127610 127698
Send 127712 127941 0
Send 127984 127985 0
Bcast 127995 128046 -1 0
Bcast 128062 128094 -1 0
Barrier 130045 130050
Barrier 130063 130107
Barrier 146594 146769
Barrier 146797 146798
Finalize 147896 149145
