SYSTEM_START_US: 1774567069733645
Bcast 190740 190743 -1 0
Bcast 190765 190766 -1 0
Bcast 190776 190776 -1 0
Bcast 212243 212249 -1 0
Scatterv 212268 212274 -1 0
Sendrecv 212291 212921 -2 3
Sendrecv 212934 212936 -2 3
Barrier 212963 213120
Sendrecv 213131 213233 -2 1
Sendrecv 213245 213316 -2 1
Barrier 213349 213355
Sendrecv 213360 213370 -2 3
Sendrecv 213375 213387 -2 3
Barrier 213402 213444
Sendrecv 213466 213484 -2 1
Sendrecv 213489 213491 -2 1
Barrier 213498 213502
Send 213519 213789 0
Send 213815 213817 0
Bcast 213831 213890 -1 0
Bcast 213940 213941 -1 0
Barrier 215711 215936
Barrier 215953 215954
Barrier 232613 232619
Barrier 232625 232647
Finalize 233814 235049
