SYSTEM_START_US: 1774567069740323
Bcast 170676 170678 1 2 3
Bcast 170698 170699 1 2 3
Bcast 170712 170713 1 2 3
Bcast 191008 191012 1 2 3
Scatterv 191041 191244 1 2 3
Sendrecv 191276 199936 -2 1
Sendrecv 199949 199951 -2 1
Barrier 199979 206461
Barrier 206474 206715
Sendrecv 206728 206731 -2 1
Sendrecv 206748 206749 -2 1
Barrier 206757 206765
Barrier 206767 206827
Recv 206864 207127 -1 1
Recv 207177 207180 -1 1
Recv 207187 207188 -1 2
Recv 207192 207192 -1 2
Recv 207196 207196 -1 3
Recv 207201 207201 -1 3
Bcast 207207 207210 1 2 3
Bcast 207235 207235 1 2 3
Barrier 209090 209218
Barrier 209231 209275
Barrier 225870 225939
Barrier 225944 225967
Finalize 227746 228315
