SYSTEM_START_US: 1774567069731438
Bcast 194334 194336 -1 0
Bcast 194347 194348 -1 0
Bcast 194354 194355 -1 0
Bcast 208521 208523 -1 0
Scatterv 208538 208542 -1 0
Sendrecv 208556 208796 -2 0
Sendrecv 208808 208875 -2 0
Barrier 208900 215392
Sendrecv 215406 215460 -2 2
Sendrecv 215473 215476 -2 2
Barrier 215494 215571
Sendrecv 215586 215617 -2 0
Sendrecv 215633 215635 -2 0
Barrier 215646 215651
Sendrecv 215689 215691 -2 2
Sendrecv 215697 215698 -2 2
Barrier 215705 215753
Send 215766 215996 0
Send 216013 216014 0
Bcast 216028 216144 -1 0
Bcast 216180 216181 -1 0
Barrier 217917 218111
Barrier 218125 218162
Barrier 233436 234823
Barrier 234832 234853
Finalize 235772 237195
