SYSTEM_START_US: 1775663253189705
Bcast 764664 764667 1 2 3 4 5 6
Bcast 764870 764871 1 2 3 4 5 6
Bcast 764885 764886 1 2 3 4 5 6
Bcast 821473 821478 1 2 3 4 5 6
Scatterv 821525 821849 1 2 3 4 5 6
Sendrecv 821897 851052 -2 1
Sendrecv 851085 866800 -2 1
Sendrecv 866831 866835 -2 1
Sendrecv 866842 866900 -2 1
Sendrecv 866918 866925 -2 1
Sendrecv 866959 867015 -2 1
Sendrecv 867029 867032 -2 1
Sendrecv 867039 867053 -2 1
Sendrecv 867059 867227 -2 1
Sendrecv 867256 867259 -2 1
Sendrecv 867266 867281 -2 1
Sendrecv 867288 867303 -2 1
Sendrecv 867309 867387 -2 1
Sendrecv 867406 867408 -2 1
Sendrecv 867420 867431 -2 1
Sendrecv 867498 867499 -2 1
Sendrecv 867511 867523 -2 1
Sendrecv 867534 867543 -2 1
Sendrecv 867555 867565 -2 1
Sendrecv 867578 867673 -2 1
Sendrecv 867689 867691 -2 1
Sendrecv 867704 867718 -2 1
Sendrecv 867730 867740 -2 1
Sendrecv 867752 867764 -2 1
Sendrecv 867829 867830 -2 1
Sendrecv 867842 867853 -2 1
Sendrecv 867865 867875 -2 1
Sendrecv 867887 867896 -2 1
Sendrecv 867908 867919 -2 1
Sendrecv 867931 867943 -2 1
Sendrecv 867954 868338 -2 1
Sendrecv 868356 868358 -2 1
Sendrecv 868370 868385 -2 1
Sendrecv 868397 868407 -2 1
Sendrecv 868419 868428 -2 1
Sendrecv 868440 868450 -2 1
Sendrecv 868462 868471 -2 1
Sendrecv 868483 868493 -2 1
Sendrecv 868587 868588 -2 1
Sendrecv 868600 868624 -2 1
Sendrecv 868636 868645 -2 1
Sendrecv 868657 868666 -2 1
Sendrecv 868678 868690 -2 1
Sendrecv 868702 868711 -2 1
Sendrecv 868724 868734 -2 1
Sendrecv 868746 868932 -2 1
Sendrecv 868948 868949 -2 1
Sendrecv 868961 868972 -2 1
Sendrecv 868985 868996 -2 1
Sendrecv 869009 869018 -2 1
Sendrecv 869030 869039 -2 1
Sendrecv 869051 869060 -2 1
Sendrecv 869072 869082 -2 1
Sendrecv 869096 869103 -2 1
Sendrecv 869115 869126 -2 1
Sendrecv 869138 869148 -2 1
Sendrecv 869162 869169 -2 1
Sendrecv 869183 869205 -2 1
Sendrecv 869216 869226 -2 1
Sendrecv 869355 869356 -2 1
Sendrecv 869367 869379 -2 1
Sendrecv 869391 869406 -2 1
Sendrecv 869419 869448 -2 1
Sendrecv 869459 869469 -2 1
Sendrecv 869480 869490 -2 1
Sendrecv 869502 869512 -2 1
Sendrecv 869523 869533 -2 1
Sendrecv 869546 869558 -2 1
Sendrecv 869570 869578 -2 1
Sendrecv 869589 870290 -2 1
Sendrecv 870308 870311 -2 1
Sendrecv 870323 870330 -2 1
Sendrecv 870342 870352 -2 1
Sendrecv 870364 870374 -2 1
Sendrecv 870386 870395 -2 1
Sendrecv 870407 870418 -2 1
Sendrecv 870431 870439 -2 1
Sendrecv 870451 870461 -2 1
Sendrecv 870473 870482 -2 1
Sendrecv 870495 870505 -2 1
Sendrecv 870517 870528 -2 1
Sendrecv 870540 870549 -2 1
Sendrecv 870561 870570 -2 1
Sendrecv 870582 870590 -2 1
Sendrecv 870602 870611 -2 1
Sendrecv 870623 870632 -2 1
Sendrecv 870645 870653 -2 1
Sendrecv 870666 870674 -2 1
Sendrecv 870686 870695 -2 1
Sendrecv 870708 870718 -2 1
Sendrecv 870905 870906 -2 1
Sendrecv 870917 870928 -2 1
Sendrecv 870940 870949 -2 1
Sendrecv 870960 870970 -2 1
Sendrecv 870981 870992 -2 1
Sendrecv 871005 871014 -2 1
Sendrecv 871025 871035 -2 1
Sendrecv 871046 871056 -2 1
Sendrecv 871067 871077 -2 1
Sendrecv 871088 871098 -2 1
Sendrecv 871110 871119 -2 1
Sendrecv 871131 871140 -2 1
Sendrecv 871152 871162 -2 1
Sendrecv 871180 871188 -2 1
Sendrecv 871199 872475 -2 1
Sendrecv 872492 872500 -2 1
Sendrecv 872513 872524 -2 1
Sendrecv 872536 872546 -2 1
Sendrecv 872557 872570 -2 1
Sendrecv 872582 872591 -2 1
Sendrecv 872603 872613 -2 1
Sendrecv 872624 872633 -2 1
Sendrecv 872646 872656 -2 1
Sendrecv 872668 872677 -2 1
Sendrecv 872689 872699 -2 1
Sendrecv 872710 872720 -2 1
Sendrecv 872731 872741 -2 1
Sendrecv 872752 872762 -2 1
Sendrecv 872774 872783 -2 1
Sendrecv 872795 872804 -2 1
Sendrecv 872816 872825 -2 1
Sendrecv 872837 872851 -2 1
Sendrecv 872863 872875 -2 1
Sendrecv 872887 872897 -2 1
Sendrecv 872908 872918 -2 1
Sendrecv 872929 872943 -2 1
Sendrecv 872955 872983 -2 1
Sendrecv 872995 873005 -2 1
Sendrecv 873016 873026 -2 1
Sendrecv 873038 873047 -2 1
Sendrecv 873059 873069 -2 1
Sendrecv 873080 873090 -2 1
Sendrecv 873101 873111 -2 1
Sendrecv 873122 873132 -2 1
Sendrecv 873144 873153 -2 1
Sendrecv 873168 873177 -2 1
Sendrecv 873189 873199 -2 1
Sendrecv 873476 873477 -2 1
Sendrecv 873490 873501 -2 1
Sendrecv 873512 873523 -2 1
Sendrecv 873534 873544 -2 1
Sendrecv 873556 873565 -2 1
Sendrecv 873576 873586 -2 1
Sendrecv 873598 873608 -2 1
Sendrecv 873619 873629 -2 1
Sendrecv 873640 873650 -2 1
Sendrecv 873661 873671 -2 1
Sendrecv 873682 873692 -2 1
Sendrecv 873703 873713 -2 1
Sendrecv 873725 873734 -2 1
Sendrecv 873746 873756 -2 1
Sendrecv 873769 873779 -2 1
Sendrecv 873790 873800 -2 1
Sendrecv 873812 873821 -2 1
Sendrecv 873833 873843 -2 1
Sendrecv 873854 873864 -2 1
Sendrecv 873875 874215 -2 1
Sendrecv 874231 874570 -2 1
Sendrecv 874587 874590 -2 1
Sendrecv 874602 874613 -2 1
Sendrecv 874625 874633 -2 1
Sendrecv 874645 874655 -2 1
Sendrecv 874667 874677 -2 1
Sendrecv 874688 874698 -2 1
Sendrecv 874711 874720 -2 1
Sendrecv 874732 874742 -2 1
Sendrecv 874755 874763 -2 1
Sendrecv 874775 874784 -2 1
Sendrecv 874797 874805 -2 1
Sendrecv 874817 874826 -2 1
Sendrecv 874838 874851 -2 1
Sendrecv 874862 874872 -2 1
Sendrecv 874884 874895 -2 1
Sendrecv 874907 874917 -2 1
Sendrecv 874929 874938 -2 1
Sendrecv 874950 874960 -2 1
Sendrecv 874971 874981 -2 1
Sendrecv 874993 875002 -2 1
Sendrecv 875015 875024 -2 1
Sendrecv 875036 875045 -2 1
Sendrecv 875057 875066 -2 1
Sendrecv 875078 875088 -2 1
Sendrecv 875099 875109 -2 1
Sendrecv 875121 875130 -2 1
Sendrecv 875143 875152 -2 1
Sendrecv 875166 875178 -2 1
Sendrecv 875191 875200 -2 1
Sendrecv 875212 875252 -2 1
Sendrecv 875265 875275 -2 1
Sendrecv 875287 875301 -2 1
Sendrecv 875313 875336 -2 1
Sendrecv 875349 875358 -2 1
Sendrecv 875372 875381 -2 1
Sendrecv 875393 875402 -2 1
Sendrecv 875414 875424 -2 1
Sendrecv 875438 875445 -2 1
Sendrecv 875457 875467 -2 1
Sendrecv 875479 875488 -2 1
Sendrecv 875500 875510 -2 1
Sendrecv 875522 875531 -2 1
Sendrecv 875543 875552 -2 1
Sendrecv 875564 875576 -2 1
Sendrecv 875588 875597 -2 1
Sendrecv 875609 875618 -2 1
Sendrecv 875630 875640 -2 1
Sendrecv 875652 875663 -2 1
Sendrecv 875676 875687 -2 1
Sendrecv 876089 876091 -2 1
Sendrecv 876102 876120 -2 1
Sendrecv 876132 876141 -2 1
Sendrecv 876153 876164 -2 1
Sendrecv 876176 876185 -2 1
Sendrecv 876197 876207 -2 1
Sendrecv 876218 876228 -2 1
Sendrecv 876239 876249 -2 1
Sendrecv 876261 876272 -2 1
Sendrecv 876284 876293 -2 1
Sendrecv 876305 876314 -2 1
Sendrecv 876326 876335 -2 1
Sendrecv 876347 876356 -2 1
Sendrecv 876368 876379 -2 1
Sendrecv 876392 876401 -2 1
Sendrecv 876412 876421 -2 1
Sendrecv 876433 876443 -2 1
Sendrecv 876455 876464 -2 1
Sendrecv 876476 876485 -2 1
Sendrecv 876497 876506 -2 1
Sendrecv 876518 876527 -2 1
Sendrecv 876539 876548 -2 1
Sendrecv 876560 876571 -2 1
Sendrecv 876583 876592 -2 1
Sendrecv 876604 876613 -2 1
Sendrecv 876625 876634 -2 1
Sendrecv 876648 876656 -2 1
Sendrecv 876669 876681 -2 1
Sendrecv 876695 877294 -2 1
Sendrecv 877309 877701 -2 1
Sendrecv 877718 877720 -2 1
Sendrecv 877733 877741 -2 1
Sendrecv 877754 877762 -2 1
Sendrecv 877775 877784 -2 1
Sendrecv 877797 877805 -2 1
Sendrecv 877817 877826 -2 1
Sendrecv 877838 877848 -2 1
Sendrecv 877860 877869 -2 1
Sendrecv 877881 877891 -2 1
Sendrecv 877903 877912 -2 1
Sendrecv 877925 877935 -2 1
Sendrecv 877949 877959 -2 1
Sendrecv 877972 877984 -2 1
Sendrecv 877996 878006 -2 1
Sendrecv 878018 878027 -2 1
Sendrecv 878039 878050 -2 1
Sendrecv 878062 878076 -2 1
Sendrecv 878089 878106 -2 1
Sendrecv 878119 878127 -2 1
Sendrecv 878139 878150 -2 1
Sendrecv 878163 878172 -2 1
Sendrecv 878184 878194 -2 1
Sendrecv 878206 878215 -2 1
Sendrecv 878227 878237 -2 1
Sendrecv 878249 878258 -2 1
Sendrecv 878272 878282 -2 1
Sendrecv 878294 878303 -2 1
Sendrecv 878315 878325 -2 1
Sendrecv 878337 878346 -2 1
Sendrecv 878358 878369 -2 1
Sendrecv 878380 878391 -2 1
Sendrecv 878403 878412 -2 1
Sendrecv 878424 878434 -2 1
Sendrecv 878446 878455 -2 1
Sendrecv 878467 878477 -2 1
Sendrecv 878489 878498 -2 1
Sendrecv 878510 878520 -2 1
Sendrecv 878532 878541 -2 1
Sendrecv 878553 878563 -2 1
Sendrecv 878575 878588 -2 1
Sendrecv 878600 878610 -2 1
Sendrecv 878622 878631 -2 1
Sendrecv 878643 878653 -2 1
Sendrecv 878665 878674 -2 1
Sendrecv 878686 878696 -2 1
Sendrecv 878708 878717 -2 1
Sendrecv 878729 878738 -2 1
Sendrecv 878751 878760 -2 1
Sendrecv 878772 878781 -2 1
Sendrecv 878793 878803 -2 1
Sendrecv 878815 878824 -2 1
Sendrecv 878836 878845 -2 1
Sendrecv 878857 878867 -2 1
Sendrecv 878881 878891 -2 1
Sendrecv 878903 878912 -2 1
Sendrecv 878924 878934 -2 1
Sendrecv 878946 878955 -2 1
Sendrecv 878967 878977 -2 1
Sendrecv 878989 878999 -2 1
Sendrecv 879011 879020 -2 1
Sendrecv 879032 879041 -2 1
Sendrecv 879054 879065 -2 1
Sendrecv 879077 879087 -2 1
Sendrecv 879099 879108 -2 1
Sendrecv 879120 879130 -2 1
Sendrecv 879142 879155 -2 1
Sendrecv 879167 879177 -2 1
Sendrecv 879189 879200 -2 1
Sendrecv 879214 879223 -2 1
Sendrecv 879236 879245 -2 1
Sendrecv 879257 879266 -2 1
Sendrecv 879278 879288 -2 1
Sendrecv 879300 879310 -2 1
Sendrecv 879322 879335 -2 1
Sendrecv 879346 879357 -2 1
Sendrecv 879991 879992 -2 1
Sendrecv 880004 880015 -2 1
Sendrecv 880026 880037 -2 1
Sendrecv 880049 880058 -2 1
Sendrecv 880070 880081 -2 1
Sendrecv 880093 880107 -2 1
Sendrecv 880120 880141 -2 1
Sendrecv 880157 880168 -2 1
Sendrecv 880180 880190 -2 1
Sendrecv 880202 880213 -2 1
Sendrecv 880225 880235 -2 1
Sendrecv 880247 880258 -2 1
Sendrecv 880270 880280 -2 1
Sendrecv 880292 880302 -2 1
Sendrecv 880314 880324 -2 1
Sendrecv 880336 880346 -2 1
Sendrecv 880358 880368 -2 1
Sendrecv 880380 880390 -2 1
Sendrecv 880402 880412 -2 1
Sendrecv 880425 880434 -2 1
Sendrecv 880446 880456 -2 1
Sendrecv 880470 880480 -2 1
Sendrecv 880494 880502 -2 1
Sendrecv 880514 880524 -2 1
Sendrecv 880536 880545 -2 1
Sendrecv 880558 880568 -2 1
Sendrecv 880581 880590 -2 1
Sendrecv 880602 880612 -2 1
Sendrecv 880625 880634 -2 1
Sendrecv 880647 880657 -2 1
Sendrecv 880669 880678 -2 1
Sendrecv 880691 880700 -2 1
Sendrecv 880712 880722 -2 1
Sendrecv 880735 880744 -2 1
Sendrecv 880757 880766 -2 1
Sendrecv 880779 880790 -2 1
Sendrecv 880803 880814 -2 1
Sendrecv 880826 880836 -2 1
Sendrecv 880848 880859 -2 1
Sendrecv 880871 880881 -2 1
Sendrecv 880893 880904 -2 1
Sendrecv 880916 880926 -2 1
Sendrecv 880939 884166 -2 1
Sendrecv 884184 884187 -2 1
Sendrecv 884199 884209 -2 1
Sendrecv 884221 884230 -2 1
Sendrecv 884242 884251 -2 1
Sendrecv 884263 884274 -2 1
Sendrecv 884285 884295 -2 1
Sendrecv 884306 884316 -2 1
Sendrecv 884329 884342 -2 1
Sendrecv 884353 884363 -2 1
Sendrecv 884374 884384 -2 1
Sendrecv 884395 884405 -2 1
Sendrecv 884417 884426 -2 1
Sendrecv 884438 884449 -2 1
Sendrecv 884461 884472 -2 1
Sendrecv 884484 884494 -2 1
Sendrecv 884505 884515 -2 1
Sendrecv 884527 884537 -2 1
Sendrecv 884548 884558 -2 1
Sendrecv 884570 884579 -2 1
Sendrecv 884591 884601 -2 1
Sendrecv 884612 884622 -2 1
Sendrecv 884634 884644 -2 1
Sendrecv 884656 884669 -2 1
Sendrecv 884680 884692 -2 1
Sendrecv 884704 884714 -2 1
Sendrecv 884725 884735 -2 1
Sendrecv 884747 884764 -2 1
Sendrecv 884778 884794 -2 1
Sendrecv 884806 884815 -2 1
Sendrecv 884827 884836 -2 1
Sendrecv 884848 884871 -2 1
Sendrecv 884883 884893 -2 1
Sendrecv 884905 884915 -2 1
Sendrecv 884927 884937 -2 1
Sendrecv 884949 884959 -2 1
Sendrecv 884971 884981 -2 1
Sendrecv 884995 885004 -2 1
Sendrecv 885016 885025 -2 1
Sendrecv 885037 885047 -2 1
Sendrecv 885059 885070 -2 1
Sendrecv 885081 885092 -2 1
Sendrecv 885105 885117 -2 1
Sendrecv 885129 885141 -2 1
Sendrecv 885154 885166 -2 1
Sendrecv 885179 885217 -2 1
Sendrecv 885230 885238 -2 1
Sendrecv 885246 885260 -2 1
Sendrecv 885267 885282 -2 1
Sendrecv 885289 885304 -2 1
Sendrecv 885311 885326 -2 1
Sendrecv 885333 885349 -2 1
Sendrecv 885356 885371 -2 1
Sendrecv 885378 885393 -2 1
Sendrecv 885400 885415 -2 1
Sendrecv 885422 885437 -2 1
Sendrecv 885444 885462 -2 1
Sendrecv 885469 885484 -2 1
Sendrecv 885491 885507 -2 1
Sendrecv 885514 885528 -2 1
Sendrecv 885535 885550 -2 1
Sendrecv 885557 885573 -2 1
Sendrecv 885580 885595 -2 1
Sendrecv 885602 885617 -2 1
Sendrecv 885624 885639 -2 1
Sendrecv 885648 885661 -2 1
Sendrecv 885668 885683 -2 1
Sendrecv 885690 885706 -2 1
Sendrecv 885713 885727 -2 1
Sendrecv 885734 885749 -2 1
Sendrecv 885756 885775 -2 1
Sendrecv 885782 885800 -2 1
Sendrecv 885807 885821 -2 1
Sendrecv 885828 885843 -2 1
Sendrecv 885850 885865 -2 1
Sendrecv 885872 885888 -2 1
Sendrecv 885895 885910 -2 1
Sendrecv 885917 885932 -2 1
Sendrecv 885939 885954 -2 1
Sendrecv 885961 885976 -2 1
Sendrecv 885983 885998 -2 1
Sendrecv 886005 886020 -2 1
Sendrecv 886027 886042 -2 1
Sendrecv 886049 886065 -2 1
Sendrecv 886072 886090 -2 1
Sendrecv 886097 886112 -2 1
Sendrecv 886119 886137 -2 1
Sendrecv 886144 886161 -2 1
Sendrecv 886168 886185 -2 1
Sendrecv 886192 886208 -2 1
Sendrecv 886215 886230 -2 1
Sendrecv 886237 886257 -2 1
Sendrecv 886264 886296 -2 1
Sendrecv 886303 886318 -2 1
Sendrecv 886326 886340 -2 1
Sendrecv 886348 886363 -2 1
Sendrecv 886370 886385 -2 1
Sendrecv 886392 886407 -2 1
Sendrecv 886414 886431 -2 1
Sendrecv 886438 886455 -2 1
Sendrecv 886462 886477 -2 1
Sendrecv 886484 886499 -2 1
Sendrecv 886506 886521 -2 1
Sendrecv 886528 886544 -2 1
Sendrecv 886551 886566 -2 1
Sendrecv 886573 886588 -2 1
Sendrecv 886595 886610 -2 1
Sendrecv 886617 886632 -2 1
Sendrecv 886639 886654 -2 1
Sendrecv 886661 886676 -2 1
Sendrecv 886683 886698 -2 1
Sendrecv 886705 886720 -2 1
Sendrecv 886727 886744 -2 1
Sendrecv 886751 886768 -2 1
Sendrecv 886775 886790 -2 1
Sendrecv 886797 886813 -2 1
Sendrecv 887375 887376 -2 1
Sendrecv 887384 887923 -2 1
Sendrecv 887938 887941 -2 1
Sendrecv 887949 887966 -2 1
Sendrecv 887973 887989 -2 1
Sendrecv 887997 888013 -2 1
Sendrecv 888021 888037 -2 1
Sendrecv 888045 888061 -2 1
Sendrecv 888069 888085 -2 1
Sendrecv 888092 888109 -2 1
Sendrecv 888116 888143 -2 1
Sendrecv 888160 888266 -2 1
Sendrecv 888282 888284 -2 1
Sendrecv 888296 888307 -2 1
Sendrecv 888322 888336 -2 1
Sendrecv 888349 888360 -2 1
Sendrecv 888373 888384 -2 1
Sendrecv 888397 888408 -2 1
Sendrecv 888421 888432 -2 1
Sendrecv 888445 888456 -2 1
Sendrecv 888469 888482 -2 1
Sendrecv 888496 888507 -2 1
Sendrecv 888521 888532 -2 1
Sendrecv 888544 888556 -2 1
Sendrecv 888569 888581 -2 1
Sendrecv 888595 888607 -2 1
Sendrecv 888620 888632 -2 1
Sendrecv 888645 888656 -2 1
Sendrecv 888669 888680 -2 1
Sendrecv 888693 888705 -2 1
Sendrecv 888718 888731 -2 1
Sendrecv 888744 888754 -2 1
Sendrecv 888767 888779 -2 1
Sendrecv 888792 888802 -2 1
Sendrecv 888816 888828 -2 1
Sendrecv 888840 888855 -2 1
Sendrecv 888868 888881 -2 1
Sendrecv 888894 888906 -2 1
Sendrecv 888920 888931 -2 1
Sendrecv 888945 888963 -2 1
Sendrecv 888977 889007 -2 1
Sendrecv 889020 889030 -2 1
Sendrecv 889043 889054 -2 1
Sendrecv 889069 889079 -2 1
Sendrecv 889093 889104 -2 1
Sendrecv 889117 889131 -2 1
Sendrecv 889144 889155 -2 1
Sendrecv 889168 889179 -2 1
Sendrecv 889192 889203 -2 1
Sendrecv 889216 889227 -2 1
Sendrecv 889240 889250 -2 1
Sendrecv 889263 889275 -2 1
Sendrecv 889288 889300 -2 1
Sendrecv 889313 889324 -2 1
Sendrecv 889338 889351 -2 1
Sendrecv 889364 889375 -2 1
Sendrecv 889387 889399 -2 1
Sendrecv 889412 889423 -2 1
Sendrecv 889436 889448 -2 1
Sendrecv 889461 889472 -2 1
Sendrecv 889487 889496 -2 1
Sendrecv 889511 891804 -2 1
Sendrecv 891824 891825 -2 1
Sendrecv 891837 891851 -2 1
Sendrecv 891863 891874 -2 1
Sendrecv 891888 891898 -2 1
Sendrecv 891911 891927 -2 1
Sendrecv 891940 891950 -2 1
Sendrecv 891963 891974 -2 1
Sendrecv 891987 891997 -2 1
Sendrecv 892010 892021 -2 1
Sendrecv 892035 892044 -2 1
Sendrecv 892057 892067 -2 1
Sendrecv 892080 892090 -2 1
Sendrecv 892104 892116 -2 1
Sendrecv 892129 892140 -2 1
Sendrecv 892153 892165 -2 1
Sendrecv 892177 892189 -2 1
Sendrecv 892202 892213 -2 1
Sendrecv 892225 892236 -2 1
Sendrecv 892249 892259 -2 1
Sendrecv 892272 892282 -2 1
Sendrecv 892295 892307 -2 1
Sendrecv 892320 892330 -2 1
Sendrecv 892343 892353 -2 1
Sendrecv 892366 892377 -2 1
Sendrecv 892390 892400 -2 1
Sendrecv 892413 892424 -2 1
Sendrecv 892437 892447 -2 1
Sendrecv 892460 892470 -2 1
Sendrecv 892483 892495 -2 1
Sendrecv 892507 892518 -2 1
Sendrecv 892531 892542 -2 1
Sendrecv 892555 892566 -2 1
Sendrecv 892579 892590 -2 1
Sendrecv 892602 892613 -2 1
Sendrecv 892626 892637 -2 1
Sendrecv 892650 892660 -2 1
Sendrecv 892673 892683 -2 1
Sendrecv 892696 892706 -2 1
Sendrecv 892721 892730 -2 1
Sendrecv 892745 892754 -2 1
Sendrecv 892767 892777 -2 1
Sendrecv 892789 892800 -2 1
Sendrecv 892812 892824 -2 1
Sendrecv 892837 892848 -2 1
Sendrecv 892861 892873 -2 1
Sendrecv 892900 892910 -2 1
Sendrecv 892923 892934 -2 1
Sendrecv 892947 892958 -2 1
Sendrecv 892971 892983 -2 1
Sendrecv 892996 893007 -2 1
Sendrecv 893020 893031 -2 1
Sendrecv 893045 893056 -2 1
Sendrecv 893069 893080 -2 1
Sendrecv 893093 893103 -2 1
Sendrecv 893118 893130 -2 1
Sendrecv 893143 893154 -2 1
Sendrecv 893167 893178 -2 1
Sendrecv 893191 893203 -2 1
Sendrecv 893217 893230 -2 1
Sendrecv 893243 893253 -2 1
Sendrecv 893266 893277 -2 1
Sendrecv 893290 893301 -2 1
Sendrecv 893314 893326 -2 1
Sendrecv 893339 893350 -2 1
Sendrecv 893363 893374 -2 1
Sendrecv 893387 893397 -2 1
Sendrecv 893414 893421 -2 1
Sendrecv 893435 893445 -2 1
Sendrecv 893458 893469 -2 1
Sendrecv 893482 893493 -2 1
Sendrecv 893506 893516 -2 1
Sendrecv 893530 893542 -2 1
Sendrecv 893555 893567 -2 1
Sendrecv 893580 893591 -2 1
Sendrecv 893604 893615 -2 1
Sendrecv 893628 893639 -2 1
Sendrecv 893652 893662 -2 1
Sendrecv 893676 893687 -2 1
Sendrecv 893700 893711 -2 1
Sendrecv 893724 893735 -2 1
Sendrecv 893748 893758 -2 1
Sendrecv 893771 893782 -2 1
Sendrecv 893795 893806 -2 1
Sendrecv 893819 893830 -2 1
Sendrecv 893843 893854 -2 1
Sendrecv 893867 893880 -2 1
Sendrecv 893893 893905 -2 1
Sendrecv 893919 893930 -2 1
Sendrecv 893943 893954 -2 1
Sendrecv 893967 893977 -2 1
Sendrecv 893990 894001 -2 1
Sendrecv 894015 894026 -2 1
Sendrecv 894039 894050 -2 1
Sendrecv 894065 894075 -2 1
Sendrecv 894088 894098 -2 1
Sendrecv 894115 894125 -2 1
Sendrecv 894138 894149 -2 1
Sendrecv 894162 894173 -2 1
Sendrecv 894186 894197 -2 1
Sendrecv 894210 894222 -2 1
Sendrecv 894235 894246 -2 1
Sendrecv 894260 894272 -2 1
Sendrecv 894285 894296 -2 1
Sendrecv 894309 894320 -2 1
Sendrecv 894333 894344 -2 1
Sendrecv 894358 894369 -2 1
Sendrecv 894383 894394 -2 1
Sendrecv 894407 894417 -2 1
Sendrecv 894430 894441 -2 1
Sendrecv 894454 894465 -2 1
Sendrecv 894478 894489 -2 1
Sendrecv 894502 894512 -2 1
Sendrecv 894525 894536 -2 1
Sendrecv 894549 894562 -2 1
Sendrecv 894575 894586 -2 1
Sendrecv 894599 894612 -2 1
Sendrecv 894626 894636 -2 1
Sendrecv 894649 894660 -2 1
Sendrecv 894673 894684 -2 1
Sendrecv 894697 894709 -2 1
Sendrecv 894724 894733 -2 1
Sendrecv 894747 894756 -2 1
Sendrecv 894769 894780 -2 1
Sendrecv 894795 894805 -2 1
Sendrecv 894818 894828 -2 1
Sendrecv 894841 894852 -2 1
Sendrecv 894865 894876 -2 1
Sendrecv 894889 894913 -2 1
Sendrecv 894927 894939 -2 1
Sendrecv 894953 894966 -2 1
Sendrecv 894980 894991 -2 1
Sendrecv 895005 895016 -2 1
Sendrecv 895030 895041 -2 1
Sendrecv 895054 895066 -2 1
Sendrecv 895080 895092 -2 1
Sendrecv 895108 895126 -2 1
Sendrecv 895141 895167 -2 1
Sendrecv 895185 895195 -2 1
Sendrecv 895206 895219 -2 1
Sendrecv 895227 895243 -2 1
Sendrecv 895251 895268 -2 1
Sendrecv 895276 895293 -2 1
Sendrecv 895301 895319 -2 1
Sendrecv 895327 895346 -2 1
Sendrecv 895354 895371 -2 1
Sendrecv 895379 895396 -2 1
Sendrecv 895403 895420 -2 1
Sendrecv 895428 895445 -2 1
Sendrecv 895452 895469 -2 1
Sendrecv 895477 895494 -2 1
Sendrecv 895502 895518 -2 1
Sendrecv 895528 895543 -2 1
Sendrecv 895551 895567 -2 1
Sendrecv 895575 895592 -2 1
Sendrecv 895600 895616 -2 1
Sendrecv 895624 895640 -2 1
Sendrecv 895648 895667 -2 1
Sendrecv 895674 895692 -2 1
Sendrecv 895700 895717 -2 1
Sendrecv 895725 895744 -2 1
Sendrecv 895752 895768 -2 1
Sendrecv 895776 895792 -2 1
Sendrecv 895801 895818 -2 1
Sendrecv 895825 895842 -2 1
Sendrecv 895850 895867 -2 1
Sendrecv 895874 895891 -2 1
Sendrecv 895899 895916 -2 1
Sendrecv 895924 895941 -2 1
Sendrecv 895949 895966 -2 1
Sendrecv 895974 895990 -2 1
Sendrecv 895998 896016 -2 1
Sendrecv 896024 896041 -2 1
Sendrecv 896049 896067 -2 1
Sendrecv 896075 896092 -2 1
Sendrecv 896102 896124 -2 1
Sendrecv 896955 896957 -2 1
Sendrecv 896965 897811 -2 1
Sendrecv 897831 897833 -2 1
Sendrecv 897846 897858 -2 1
Sendrecv 897871 897883 -2 1
Sendrecv 897897 897908 -2 1
Sendrecv 897922 897933 -2 1
Sendrecv 897946 897957 -2 1
Sendrecv 897971 897982 -2 1
Sendrecv 897995 898008 -2 1
Sendrecv 898022 898033 -2 1
Sendrecv 898046 898060 -2 1
Sendrecv 898073 898085 -2 1
Sendrecv 898101 898113 -2 1
Sendrecv 898126 898139 -2 1
Sendrecv 898154 898165 -2 1
Sendrecv 898178 898203 -2 1
Sendrecv 898226 898264 -2 1
Sendrecv 898279 898289 -2 1
Sendrecv 898303 898336 -2 1
Sendrecv 898350 898359 -2 1
Sendrecv 898373 898384 -2 1
Sendrecv 898397 898410 -2 1
Sendrecv 898453 898455 -2 1
Sendrecv 898470 898480 -2 1
Sendrecv 898496 898515 -2 1
Sendrecv 898529 898540 -2 1
Sendrecv 898556 898568 -2 1
Sendrecv 898583 898599 -2 1
Sendrecv 898613 898654 -2 1
Sendrecv 898676 898678 -2 1
Sendrecv 898691 898703 -2 1
Sendrecv 898716 898731 -2 1
Sendrecv 898744 898759 -2 1
Sendrecv 898773 898783 -2 1
Sendrecv 898797 898808 -2 1
Sendrecv 898821 898833 -2 1
Sendrecv 898846 898859 -2 1
Sendrecv 898872 898884 -2 1
Sendrecv 898897 898909 -2 1
Sendrecv 898923 898934 -2 1
Sendrecv 898947 898959 -2 1
Sendrecv 898973 898986 -2 1
Allgatherv 899023 899416 -2 1 2 3 4 5 6
Barrier 902714 903167
Barrier 903188 903290
Barrier 963837 963884
Barrier 963896 963902
Finalize 988873 989580
