SYSTEM_START_US: 1776533529077243
Bcast 151976 151983 -1 0
Bcast 152010 152012 -1 0
Bcast 152030 152031 -1 0
Bcast 178949 178954 -1 0
Scatterv 178987 179000 -1 0
Sendrecv 179039 184010 -2 2
Sendrecv 184047 184203 -2 0
Sendrecv 184245 186097 -2 2
Sendrecv 186119 186128 -2 0
Sendrecv 186158 186167 -2 2
Sendrecv 186204 186206 -2 0
Sendrecv 186231 186271 -2 2
Sendrecv 186290 186298 -2 0
Sendrecv 186324 186402 -2 2
Sendrecv 186451 186460 -2 0
Sendrecv 186486 186488 -2 2
Sendrecv 186499 186535 -2 0
Sendrecv 186569 186572 -2 2
Sendrecv 186584 186586 -2 0
Sendrecv 186611 186618 -2 2
Sendrecv 186658 186665 -2 0
Sendrecv 186694 186697 -2 2
Sendrecv 186709 186712 -2 0
Sendrecv 186736 186771 -2 2
Sendrecv 186783 186784 -2 0
Sendrecv 186808 186848 -2 2
Sendrecv 186869 186876 -2 0
Sendrecv 186906 186909 -2 2
Sendrecv 186922 186923 -2 0
Sendrecv 187017 187019 -2 2
Sendrecv 187026 187032 -2 0
Sendrecv 187060 187063 -2 2
Sendrecv 187075 187093 -2 0
Sendrecv 187118 187120 -2 2
Sendrecv 187132 187133 -2 0
Sendrecv 187155 187156 -2 2
Sendrecv 187166 187207 -2 0
Sendrecv 187231 187233 -2 2
Sendrecv 187244 187245 -2 0
Sendrecv 187270 187272 -2 2
Sendrecv 187283 187284 -2 0
Sendrecv 187308 187309 -2 2
Sendrecv 187320 187322 -2 0
Sendrecv 187437 187481 -2 2
Sendrecv 187489 187493 -2 0
Sendrecv 187522 187525 -2 2
Sendrecv 187536 187541 -2 0
Sendrecv 187566 187568 -2 2
Sendrecv 187578 187580 -2 0
Sendrecv 187603 187605 -2 2
Sendrecv 187616 187617 -2 0
Sendrecv 187642 187644 -2 2
Sendrecv 187654 187655 -2 0
Sendrecv 187677 187679 -2 2
Sendrecv 187689 187753 -2 0
Sendrecv 187778 187780 -2 2
Sendrecv 187791 187793 -2 0
Sendrecv 187817 187818 -2 2
Sendrecv 187830 187831 -2 0
Sendrecv 187855 187857 -2 2
Sendrecv 187868 187869 -2 0
Sendrecv 187893 187895 -2 2
Sendrecv 187906 187907 -2 0
Sendrecv 187932 188016 -2 2
Sendrecv 188163 188168 -2 0
Sendrecv 188195 188197 -2 2
Sendrecv 188204 188205 -2 0
Sendrecv 188229 188232 -2 2
Sendrecv 188245 188246 -2 0
Sendrecv 188270 188308 -2 2
Sendrecv 188320 188327 -2 0
Sendrecv 188351 188388 -2 2
Sendrecv 188399 188421 -2 0
Sendrecv 188445 188464 -2 2
Sendrecv 188475 188476 -2 0
Sendrecv 188499 188501 -2 2
Sendrecv 188511 188513 -2 0
Sendrecv 188536 188537 -2 2
Sendrecv 188547 188549 -2 0
Sendrecv 188572 188574 -2 2
Sendrecv 188584 188586 -2 0
Sendrecv 188609 188611 -2 2
Sendrecv 188625 188717 -2 0
Sendrecv 188741 188742 -2 2
Sendrecv 188753 188754 -2 0
Sendrecv 188778 188779 -2 2
Sendrecv 188790 188792 -2 0
Sendrecv 188817 188818 -2 2
Sendrecv 188829 188830 -2 0
Sendrecv 188853 188854 -2 2
Sendrecv 188866 188867 -2 0
Sendrecv 188890 188892 -2 2
Sendrecv 188903 188904 -2 0
Sendrecv 188928 188929 -2 2
Sendrecv 188945 188947 -2 0
Sendrecv 189260 189333 -2 2
Sendrecv 189346 189352 -2 0
Sendrecv 189376 189377 -2 2
Sendrecv 189388 189403 -2 0
Sendrecv 189427 189429 -2 2
Sendrecv 189439 189440 -2 0
Sendrecv 189464 189467 -2 2
Sendrecv 189477 189478 -2 0
Sendrecv 189501 189507 -2 2
Sendrecv 189518 189520 -2 0
Sendrecv 189543 189546 -2 2
Sendrecv 189557 189558 -2 0
Sendrecv 189581 189585 -2 2
Sendrecv 189595 189597 -2 0
Sendrecv 189620 189621 -2 2
Sendrecv 189633 189634 -2 0
Sendrecv 189658 189660 -2 2
Sendrecv 189671 189673 -2 0
Sendrecv 189696 189698 -2 2
Sendrecv 189709 189711 -2 0
Sendrecv 189734 189736 -2 2
Sendrecv 189747 189748 -2 0
Sendrecv 189775 189785 -2 2
Sendrecv 189796 189797 -2 0
Sendrecv 189820 189830 -2 2
Sendrecv 189841 189842 -2 0
Sendrecv 189865 189867 -2 2
Sendrecv 189878 189880 -2 0
Sendrecv 189905 189909 -2 2
Sendrecv 189921 190067 -2 0
Sendrecv 190096 190098 -2 2
Sendrecv 190108 190109 -2 0
Sendrecv 190133 190147 -2 2
Sendrecv 190159 190164 -2 0
Sendrecv 190188 190190 -2 2
Sendrecv 190200 190201 -2 0
Sendrecv 190225 190230 -2 2
Sendrecv 190241 190242 -2 0
Sendrecv 190265 190266 -2 2
Sendrecv 190277 190279 -2 0
Sendrecv 190302 190304 -2 2
Sendrecv 190315 190316 -2 0
Sendrecv 190339 190342 -2 2
Sendrecv 190353 190355 -2 0
Sendrecv 190378 190380 -2 2
Sendrecv 190391 190393 -2 0
Sendrecv 190420 190654 -2 2
Sendrecv 190998 191005 -2 0
Sendrecv 191021 191022 -2 2
Sendrecv 191028 191042 -2 0
Sendrecv 191071 191073 -2 2
Sendrecv 191088 191089 -2 0
Sendrecv 191114 191119 -2 2
Sendrecv 191133 191134 -2 0
Sendrecv 191161 191226 -2 2
Sendrecv 191237 191243 -2 0
Sendrecv 191268 191270 -2 2
Sendrecv 191280 191282 -2 0
Sendrecv 191306 191308 -2 2
Sendrecv 191318 191320 -2 0
Sendrecv 191343 191346 -2 2
Sendrecv 191356 191358 -2 0
Sendrecv 191381 191385 -2 2
Sendrecv 191396 191398 -2 0
Sendrecv 191421 191427 -2 2
Sendrecv 191438 191440 -2 0
Sendrecv 191463 191465 -2 2
Sendrecv 191475 191477 -2 0
Sendrecv 191500 191504 -2 2
Sendrecv 191515 191516 -2 0
Sendrecv 191540 191542 -2 2
Sendrecv 191553 191554 -2 0
Sendrecv 191577 191580 -2 2
Sendrecv 191591 191592 -2 0
Sendrecv 191617 191619 -2 2
Sendrecv 191630 191631 -2 0
Sendrecv 191654 191656 -2 2
Sendrecv 191668 191669 -2 0
Sendrecv 191693 191695 -2 2
Sendrecv 191706 191707 -2 0
Sendrecv 191731 191733 -2 2
Sendrecv 191744 191746 -2 0
Sendrecv 191769 191772 -2 2
Sendrecv 191783 191784 -2 0
Sendrecv 191808 191810 -2 2
Sendrecv 191820 191821 -2 0
Sendrecv 191844 191847 -2 2
Sendrecv 191858 191859 -2 0
Sendrecv 191881 191890 -2 2
Sendrecv 191901 191902 -2 0
Sendrecv 191925 191927 -2 2
Sendrecv 191939 192091 -2 0
Sendrecv 192116 192206 -2 2
Sendrecv 192217 192223 -2 0
Sendrecv 192250 192251 -2 2
Sendrecv 192261 192263 -2 0
Sendrecv 192286 192288 -2 2
Sendrecv 192299 192300 -2 0
Sendrecv 192323 192325 -2 2
Sendrecv 192336 192337 -2 0
Sendrecv 192361 192363 -2 2
Sendrecv 192374 192375 -2 0
Sendrecv 192401 192403 -2 2
Sendrecv 192414 192415 -2 0
Sendrecv 192438 192441 -2 2
Sendrecv 192452 192453 -2 0
Sendrecv 192476 192479 -2 2
Sendrecv 192491 192492 -2 0
Sendrecv 192517 192519 -2 2
Sendrecv 192530 192532 -2 0
Sendrecv 192555 192557 -2 2
Sendrecv 192568 192569 -2 0
Sendrecv 192592 192594 -2 2
Sendrecv 192605 192606 -2 0
Sendrecv 192629 192632 -2 2
Sendrecv 192642 192643 -2 0
Sendrecv 192670 193047 -2 2
Sendrecv 193387 193394 -2 0
Sendrecv 193409 193411 -2 2
Sendrecv 193416 193444 -2 0
Sendrecv 193457 193458 -2 2
Sendrecv 193463 193475 -2 0
Sendrecv 193488 193514 -2 2
Sendrecv 193519 193519 -2 0
Sendrecv 193532 193555 -2 2
Sendrecv 193560 193561 -2 0
Sendrecv 193573 193595 -2 2
Sendrecv 193600 193600 -2 0
Sendrecv 193613 193636 -2 2
Sendrecv 193641 193642 -2 0
Sendrecv 193655 193674 -2 2
Sendrecv 193680 193680 -2 0
Sendrecv 193693 193714 -2 2
Sendrecv 193720 193720 -2 0
Sendrecv 193733 193753 -2 2
Sendrecv 193759 193759 -2 0
Sendrecv 193772 193792 -2 2
Sendrecv 193798 193798 -2 0
Sendrecv 193813 193832 -2 2
Sendrecv 193838 193838 -2 0
Sendrecv 193851 193874 -2 2
Sendrecv 193879 193880 -2 0
Sendrecv 193893 193913 -2 2
Sendrecv 193918 193919 -2 0
Sendrecv 193932 193952 -2 2
Sendrecv 193957 193958 -2 0
Sendrecv 193971 193992 -2 2
Sendrecv 193997 193998 -2 0
Sendrecv 194010 194029 -2 2
Sendrecv 194035 194035 -2 0
Sendrecv 194048 194076 -2 2
Sendrecv 194081 194082 -2 0
Sendrecv 194095 194117 -2 2
Sendrecv 194122 194123 -2 0
Sendrecv 194136 194155 -2 2
Sendrecv 194160 194160 -2 0
Sendrecv 194173 194194 -2 2
Sendrecv 194199 194200 -2 0
Sendrecv 194212 194232 -2 2
Sendrecv 194238 194238 -2 0
Sendrecv 194251 194285 -2 2
Sendrecv 194291 194294 -2 0
Sendrecv 194307 194322 -2 2
Sendrecv 194327 194328 -2 0
Sendrecv 194341 194359 -2 2
Sendrecv 194367 194368 -2 0
Sendrecv 194381 194397 -2 2
Sendrecv 194402 194403 -2 0
Sendrecv 194416 194434 -2 2
Sendrecv 194440 194440 -2 0
Sendrecv 194453 194473 -2 2
Sendrecv 194478 194478 -2 0
Sendrecv 194491 194510 -2 2
Sendrecv 194515 194516 -2 0
Sendrecv 194529 194549 -2 2
Sendrecv 194554 194555 -2 0
Sendrecv 194568 194586 -2 2
Sendrecv 194591 194592 -2 0
Sendrecv 194604 194623 -2 2
Sendrecv 194628 194629 -2 0
Sendrecv 194641 194660 -2 2
Sendrecv 194666 194666 -2 0
Sendrecv 194679 194703 -2 2
Sendrecv 194708 194709 -2 0
Sendrecv 194721 194742 -2 2
Sendrecv 194747 195123 -2 0
Sendrecv 195148 195151 -2 2
Sendrecv 195157 195158 -2 0
Sendrecv 195170 195190 -2 2
Sendrecv 195196 195196 -2 0
Sendrecv 195209 195227 -2 2
Sendrecv 195233 195234 -2 0
Sendrecv 195249 195268 -2 2
Sendrecv 195274 195275 -2 0
Sendrecv 195287 195305 -2 2
Sendrecv 195311 195311 -2 0
Sendrecv 195324 195343 -2 2
Sendrecv 195348 195349 -2 0
Sendrecv 195362 195380 -2 2
Sendrecv 195385 195386 -2 0
Sendrecv 195399 195417 -2 2
Sendrecv 195423 195423 -2 0
Sendrecv 195437 195457 -2 2
Sendrecv 195462 195463 -2 0
Sendrecv 195475 195494 -2 2
Sendrecv 195500 195500 -2 0
Sendrecv 195513 195532 -2 2
Sendrecv 195537 195538 -2 0
Sendrecv 195550 195570 -2 2
Sendrecv 195575 195575 -2 0
Sendrecv 195588 195607 -2 2
Sendrecv 195612 195612 -2 0
Sendrecv 195625 195644 -2 2
Sendrecv 195649 195650 -2 0
Sendrecv 195662 195683 -2 2
Sendrecv 195689 195689 -2 0
Sendrecv 195702 195721 -2 2
Sendrecv 195726 195727 -2 0
Sendrecv 195740 195759 -2 2
Sendrecv 195766 195767 -2 0
Sendrecv 195780 195796 -2 2
Sendrecv 195801 195802 -2 0
Sendrecv 196275 196392 -2 2
Sendrecv 196398 196402 -2 0
Sendrecv 196415 196462 -2 2
Sendrecv 196467 196468 -2 0
Sendrecv 196481 196501 -2 2
Sendrecv 196507 196507 -2 0
Sendrecv 196520 196543 -2 2
Sendrecv 196548 196549 -2 0
Sendrecv 196562 196582 -2 2
Sendrecv 196588 196588 -2 0
Sendrecv 196601 196621 -2 2
Sendrecv 196629 196629 -2 0
Sendrecv 196642 196660 -2 2
Sendrecv 196666 196666 -2 0
Sendrecv 196679 196700 -2 2
Sendrecv 196705 196706 -2 0
Sendrecv 196719 196739 -2 2
Sendrecv 196744 196745 -2 0
Sendrecv 196758 196778 -2 2
Sendrecv 196783 196783 -2 0
Sendrecv 196796 196817 -2 2
Sendrecv 196822 196822 -2 0
Sendrecv 196835 196855 -2 2
Sendrecv 196860 196861 -2 0
Sendrecv 196873 196894 -2 2
Sendrecv 196899 196900 -2 0
Sendrecv 196913 196935 -2 2
Sendrecv 196940 196941 -2 0
Sendrecv 196953 196974 -2 2
Sendrecv 196979 196979 -2 0
Sendrecv 196992 197013 -2 2
Sendrecv 197018 197019 -2 0
Sendrecv 197031 197052 -2 2
Sendrecv 197057 197057 -2 0
Sendrecv 197070 197093 -2 2
Sendrecv 197098 197099 -2 0
Sendrecv 197112 197131 -2 2
Sendrecv 197137 197137 -2 0
Sendrecv 197152 197171 -2 2
Sendrecv 197176 197177 -2 0
Sendrecv 197189 197210 -2 2
Sendrecv 197215 197216 -2 0
Sendrecv 197229 197249 -2 2
Sendrecv 197254 197255 -2 0
Sendrecv 197267 197288 -2 2
Sendrecv 197293 197294 -2 0
Sendrecv 197306 197326 -2 2
Sendrecv 197332 197332 -2 0
Sendrecv 197345 197366 -2 2
Sendrecv 197371 197372 -2 0
Sendrecv 197384 197405 -2 2
Sendrecv 197411 197411 -2 0
Sendrecv 197424 197444 -2 2
Sendrecv 197449 197450 -2 0
Sendrecv 197462 197483 -2 2
Sendrecv 197489 197489 -2 0
Sendrecv 197502 197529 -2 2
Sendrecv 197534 197534 -2 0
Sendrecv 197548 197572 -2 2
Sendrecv 197578 197578 -2 0
Sendrecv 197591 197608 -2 2
Sendrecv 197613 197614 -2 0
Sendrecv 197627 197646 -2 2
Sendrecv 197651 197651 -2 0
Sendrecv 197664 197687 -2 2
Sendrecv 197694 197695 -2 0
Sendrecv 197707 197736 -2 2
Sendrecv 197742 197745 -2 0
Sendrecv 197758 197774 -2 2
Sendrecv 197779 197780 -2 0
Sendrecv 197793 197812 -2 2
Sendrecv 197817 197818 -2 0
Sendrecv 197830 197849 -2 2
Sendrecv 197855 197855 -2 0
Sendrecv 197868 197886 -2 2
Sendrecv 197891 197892 -2 0
Sendrecv 197905 197925 -2 2
Sendrecv 197930 197931 -2 0
Sendrecv 197944 197964 -2 2
Sendrecv 197969 197970 -2 0
Sendrecv 197982 198001 -2 2
Sendrecv 198006 198007 -2 0
Sendrecv 198019 198147 -2 2
Sendrecv 198170 198173 -2 0
Sendrecv 198195 198197 -2 2
Sendrecv 198216 198219 -2 0
Sendrecv 198241 198242 -2 2
Sendrecv 198252 198254 -2 0
Sendrecv 198276 198288 -2 2
Sendrecv 198300 198305 -2 0
Sendrecv 198327 198329 -2 2
Sendrecv 198335 198336 -2 0
Sendrecv 198350 198368 -2 2
Sendrecv 198375 198376 -2 0
Sendrecv 198389 198405 -2 2
Sendrecv 198411 198411 -2 0
Sendrecv 198424 198443 -2 2
Sendrecv 198462 198464 -2 0
Sendrecv 198489 198685 -2 2
Sendrecv 198701 198712 -2 0
Sendrecv 198738 198740 -2 2
Sendrecv 198752 198766 -2 0
Sendrecv 198792 198793 -2 2
Sendrecv 198803 199394 -2 0
Sendrecv 199432 199571 -2 2
Sendrecv 199585 199596 -2 0
Sendrecv 199626 199628 -2 2
Sendrecv 199639 199669 -2 0
Sendrecv 199693 199694 -2 2
Sendrecv 199706 199708 -2 0
Sendrecv 199732 199733 -2 2
Sendrecv 199745 199746 -2 0
Sendrecv 199774 199776 -2 2
Sendrecv 199789 199791 -2 0
Sendrecv 199814 199816 -2 2
Sendrecv 199827 199829 -2 0
Sendrecv 199854 199855 -2 2
Sendrecv 199867 199869 -2 0
Sendrecv 199894 199895 -2 2
Sendrecv 199906 199907 -2 0
Sendrecv 199930 199932 -2 2
Sendrecv 199946 199948 -2 0
Sendrecv 199972 199973 -2 2
Sendrecv 199984 199985 -2 0
Sendrecv 200011 200012 -2 2
Sendrecv 200023 200025 -2 0
Sendrecv 200100 200104 -2 2
Sendrecv 200117 200119 -2 0
Sendrecv 200144 200154 -2 2
Sendrecv 200166 200168 -2 0
Sendrecv 200193 200231 -2 2
Sendrecv 200243 200244 -2 0
Sendrecv 200268 200269 -2 2
Sendrecv 200282 200283 -2 0
Sendrecv 200307 200312 -2 2
Sendrecv 200323 200324 -2 0
Sendrecv 200347 200351 -2 2
Sendrecv 200363 200364 -2 0
Sendrecv 200388 200390 -2 2
Sendrecv 200401 200403 -2 0
Sendrecv 200426 200429 -2 2
Sendrecv 200440 200441 -2 0
Sendrecv 200464 200468 -2 2
Sendrecv 200480 200481 -2 0
Sendrecv 200505 200508 -2 2
Sendrecv 200519 200521 -2 0
Sendrecv 200562 200565 -2 2
Sendrecv 200584 200585 -2 0
Sendrecv 200611 200626 -2 2
Sendrecv 200637 200639 -2 0
Sendrecv 200662 200668 -2 2
Sendrecv 200680 200681 -2 0
Sendrecv 200704 200707 -2 2
Sendrecv 200718 200720 -2 0
Sendrecv 200743 200748 -2 2
Sendrecv 200759 200761 -2 0
Sendrecv 200783 200787 -2 2
Sendrecv 200799 200800 -2 0
Sendrecv 201628 202102 -2 2
Sendrecv 202109 202116 -2 0
Sendrecv 202130 202141 -2 2
Sendrecv 202147 202196 -2 0
Sendrecv 202209 202210 -2 2
Sendrecv 202215 202216 -2 0
Sendrecv 202228 202249 -2 2
Sendrecv 202254 202255 -2 0
Sendrecv 202268 202288 -2 2
Sendrecv 202293 202294 -2 0
Sendrecv 202306 202328 -2 2
Sendrecv 202333 202334 -2 0
Sendrecv 202346 202369 -2 2
Sendrecv 202374 202375 -2 0
Sendrecv 202387 202407 -2 2
Sendrecv 202412 202413 -2 0
Sendrecv 202425 202446 -2 2
Sendrecv 202452 202452 -2 0
Sendrecv 202465 202484 -2 2
Sendrecv 202489 202490 -2 0
Sendrecv 202503 202522 -2 2
Sendrecv 202527 202527 -2 0
Sendrecv 202540 202561 -2 2
Sendrecv 202566 202567 -2 0
Sendrecv 202579 202600 -2 2
Sendrecv 202607 202608 -2 0
Sendrecv 202621 202652 -2 2
Sendrecv 202657 202658 -2 0
Sendrecv 202670 202693 -2 2
Sendrecv 202698 202699 -2 0
Sendrecv 202711 202731 -2 2
Sendrecv 202736 202737 -2 0
Sendrecv 202749 202769 -2 2
Sendrecv 202774 202775 -2 0
Sendrecv 202788 202810 -2 2
Sendrecv 202816 202816 -2 0
Sendrecv 202829 202864 -2 2
Sendrecv 202870 202874 -2 0
Sendrecv 202887 202904 -2 2
Sendrecv 202909 202909 -2 0
Sendrecv 202922 202944 -2 2
Sendrecv 202949 202950 -2 0
Sendrecv 202963 202983 -2 2
Sendrecv 202988 202989 -2 0
Sendrecv 203002 203023 -2 2
Sendrecv 203028 203028 -2 0
Sendrecv 203041 203061 -2 2
Sendrecv 203066 203067 -2 0
Sendrecv 203079 203100 -2 2
Sendrecv 203105 203106 -2 0
Sendrecv 203119 203139 -2 2
Sendrecv 203145 203145 -2 0
Sendrecv 203160 203179 -2 2
Sendrecv 203184 203185 -2 0
Sendrecv 203198 203220 -2 2
Sendrecv 203225 203225 -2 0
Sendrecv 203238 203258 -2 2
Sendrecv 203263 203264 -2 0
Sendrecv 203276 203297 -2 2
Sendrecv 203302 203303 -2 0
Sendrecv 203316 203339 -2 2
Sendrecv 203344 203345 -2 0
Sendrecv 203358 203382 -2 2
Sendrecv 203387 203387 -2 0
Sendrecv 203400 203420 -2 2
Sendrecv 203425 203426 -2 0
Sendrecv 203439 203458 -2 2
Sendrecv 203463 203464 -2 0
Sendrecv 203477 203498 -2 2
Sendrecv 203504 203505 -2 0
Sendrecv 203518 203537 -2 2
Sendrecv 203542 203543 -2 0
Sendrecv 203556 203576 -2 2
Sendrecv 203581 203582 -2 0
Sendrecv 203594 203615 -2 2
Sendrecv 203620 203621 -2 0
Sendrecv 203634 203654 -2 2
Sendrecv 203659 203660 -2 0
Sendrecv 203673 203693 -2 2
Sendrecv 203700 203701 -2 0
Sendrecv 203714 203730 -2 2
Sendrecv 203736 203736 -2 0
Sendrecv 203749 203773 -2 2
Sendrecv 203778 203779 -2 0
Sendrecv 203792 203812 -2 2
Sendrecv 203818 203818 -2 0
Sendrecv 203831 203851 -2 2
Sendrecv 203857 203857 -2 0
Sendrecv 203870 203890 -2 2
Sendrecv 203895 203896 -2 0
Sendrecv 203908 203932 -2 2
Sendrecv 203937 203938 -2 0
Sendrecv 203950 203971 -2 2
Sendrecv 203976 203976 -2 0
Sendrecv 203989 204009 -2 2
Sendrecv 204014 204015 -2 0
Sendrecv 204028 204051 -2 2
Sendrecv 204056 204057 -2 0
Sendrecv 204070 204090 -2 2
Sendrecv 204096 204096 -2 0
Sendrecv 204109 204130 -2 2
Sendrecv 204135 204136 -2 0
Sendrecv 204148 204169 -2 2
Sendrecv 204174 204175 -2 0
Sendrecv 204187 204207 -2 2
Sendrecv 204212 204213 -2 0
Sendrecv 204228 204246 -2 2
Sendrecv 204251 204252 -2 0
Sendrecv 204265 204286 -2 2
Sendrecv 204291 204292 -2 0
Sendrecv 204304 204325 -2 2
Sendrecv 204331 204331 -2 0
Sendrecv 204344 204364 -2 2
Sendrecv 204369 204370 -2 0
Sendrecv 204383 204403 -2 2
Sendrecv 204408 204408 -2 0
Sendrecv 204421 204441 -2 2
Sendrecv 204447 204447 -2 0
Sendrecv 204460 204482 -2 2
Sendrecv 204487 204488 -2 0
Sendrecv 204501 204522 -2 2
Sendrecv 204528 204528 -2 0
Sendrecv 204541 204561 -2 2
Sendrecv 204566 204567 -2 0
Sendrecv 204580 204600 -2 2
Sendrecv 204605 204606 -2 0
Sendrecv 204619 204641 -2 2
Sendrecv 204647 204647 -2 0
Sendrecv 204660 204680 -2 2
Sendrecv 204685 204686 -2 0
Sendrecv 204699 204719 -2 2
Sendrecv 204724 204725 -2 0
Sendrecv 204737 204759 -2 2
Sendrecv 204766 204767 -2 0
Sendrecv 204780 204798 -2 2
Sendrecv 204803 204804 -2 0
Sendrecv 204817 204836 -2 2
Sendrecv 204841 204842 -2 0
Sendrecv 204855 204879 -2 2
Sendrecv 204884 204884 -2 0
Sendrecv 204897 204916 -2 2
Sendrecv 204921 204922 -2 0
Sendrecv 204934 204956 -2 2
Sendrecv 204961 204962 -2 0
Sendrecv 204974 204994 -2 2
Sendrecv 205000 205000 -2 0
Sendrecv 205013 205034 -2 2
Sendrecv 205039 205040 -2 0
Sendrecv 205053 205076 -2 2
Sendrecv 205081 205082 -2 0
Sendrecv 205095 205114 -2 2
Sendrecv 205119 205120 -2 0
Sendrecv 205133 205154 -2 2
Sendrecv 205159 205160 -2 0
Sendrecv 205172 205203 -2 2
Sendrecv 205208 205624 -2 0
Sendrecv 205637 206114 -2 2
Sendrecv 206119 206124 -2 0
Sendrecv 206137 206153 -2 2
Sendrecv 206158 206172 -2 0
Sendrecv 206187 206191 -2 2
Sendrecv 206196 206197 -2 0
Sendrecv 206210 206231 -2 2
Sendrecv 206236 206236 -2 0
Sendrecv 206249 206287 -2 2
Sendrecv 206293 206296 -2 0
Sendrecv 206309 206327 -2 2
Sendrecv 206332 206333 -2 0
Sendrecv 206346 206365 -2 2
Sendrecv 206371 206371 -2 0
Sendrecv 206384 206404 -2 2
Sendrecv 206409 206410 -2 0
Sendrecv 206422 206443 -2 2
Sendrecv 206448 206449 -2 0
Sendrecv 206461 206482 -2 2
Sendrecv 206487 206488 -2 0
Sendrecv 206500 206521 -2 2
Sendrecv 206526 206527 -2 0
Sendrecv 206540 206560 -2 2
Sendrecv 206565 206566 -2 0
Sendrecv 206578 206598 -2 2
Sendrecv 206603 206604 -2 0
Sendrecv 206617 206639 -2 2
Sendrecv 206644 206645 -2 0
Sendrecv 206658 206678 -2 2
Sendrecv 206683 206684 -2 0
Sendrecv 206697 206717 -2 2
Sendrecv 206724 206725 -2 0
Sendrecv 206738 206757 -2 2
Sendrecv 206762 206763 -2 0
Sendrecv 206776 206795 -2 2
Sendrecv 206801 206801 -2 0
Sendrecv 206814 206834 -2 2
Sendrecv 206839 206840 -2 0
Sendrecv 206853 206876 -2 2
Sendrecv 206882 206882 -2 0
Sendrecv 206895 206916 -2 2
Sendrecv 206921 206922 -2 0
Sendrecv 206935 206952 -2 2
Sendrecv 206957 206958 -2 0
Sendrecv 206971 206991 -2 2
Sendrecv 206996 206996 -2 0
Sendrecv 207009 207030 -2 2
Sendrecv 207035 207036 -2 0
Sendrecv 207049 207069 -2 2
Sendrecv 207075 207075 -2 0
Sendrecv 207089 207109 -2 2
Sendrecv 207114 207115 -2 0
Sendrecv 207128 207147 -2 2
Sendrecv 207152 207153 -2 0
Sendrecv 207166 207189 -2 2
Sendrecv 207194 207195 -2 0
Sendrecv 207208 207226 -2 2
Sendrecv 207231 207232 -2 0
Sendrecv 207247 207264 -2 2
Sendrecv 207270 207271 -2 0
Sendrecv 207283 207303 -2 2
Sendrecv 207308 207309 -2 0
Sendrecv 207322 207340 -2 2
Sendrecv 207345 207346 -2 0
Sendrecv 207359 207379 -2 2
Sendrecv 207384 207385 -2 0
Sendrecv 207398 207420 -2 2
Sendrecv 207425 207426 -2 0
Sendrecv 207438 207459 -2 2
Sendrecv 207464 207465 -2 0
Sendrecv 207477 207498 -2 2
Sendrecv 207504 207504 -2 0
Sendrecv 207517 207537 -2 2
Sendrecv 207542 207542 -2 0
Sendrecv 207555 207576 -2 2
Sendrecv 207581 207581 -2 0
Sendrecv 207594 207614 -2 2
Sendrecv 207620 207620 -2 0
Sendrecv 207633 207653 -2 2
Sendrecv 207659 207659 -2 0
Sendrecv 207672 209551 -2 2
Sendrecv 210565 210574 -2 0
Sendrecv 210589 210594 -2 2
Sendrecv 210600 210613 -2 0
Sendrecv 210626 210647 -2 2
Sendrecv 210652 210653 -2 0
Sendrecv 210666 210736 -2 2
Sendrecv 210742 210742 -2 0
Sendrecv 210755 210806 -2 2
Sendrecv 210822 210824 -2 0
Sendrecv 210848 210853 -2 2
Sendrecv 210863 210864 -2 0
Sendrecv 210888 210890 -2 2
Sendrecv 210900 210901 -2 0
Sendrecv 210925 210928 -2 2
Sendrecv 210938 210939 -2 0
Sendrecv 210963 210968 -2 2
Sendrecv 210981 210982 -2 0
Sendrecv 211005 211007 -2 2
Sendrecv 211017 211018 -2 0
Sendrecv 211042 211044 -2 2
Sendrecv 211055 211056 -2 0
Sendrecv 211079 211081 -2 2
Sendrecv 211092 211093 -2 0
Sendrecv 211116 211119 -2 2
Sendrecv 211131 211133 -2 0
Sendrecv 211156 211159 -2 2
Sendrecv 211169 211170 -2 0
Sendrecv 211194 211196 -2 2
Sendrecv 211206 211207 -2 0
Sendrecv 211231 211234 -2 2
Sendrecv 211244 211245 -2 0
Sendrecv 211268 211273 -2 2
Sendrecv 211284 211285 -2 0
Sendrecv 211309 211311 -2 2
Sendrecv 211321 211322 -2 0
Sendrecv 211345 211348 -2 2
Sendrecv 211358 211359 -2 0
Sendrecv 211383 211385 -2 2
Sendrecv 211395 211397 -2 0
Sendrecv 211420 211424 -2 2
Sendrecv 211434 211435 -2 0
Sendrecv 211458 211463 -2 2
Sendrecv 211473 211474 -2 0
Sendrecv 211500 211501 -2 2
Sendrecv 211511 211513 -2 0
Sendrecv 211536 211538 -2 2
Sendrecv 211550 211551 -2 0
Sendrecv 211575 211580 -2 2
Sendrecv 211590 211591 -2 0
Sendrecv 211614 211617 -2 2
Sendrecv 211627 211628 -2 0
Sendrecv 211652 211653 -2 2
Sendrecv 211664 211665 -2 0
Sendrecv 211688 211690 -2 2
Sendrecv 211700 211701 -2 0
Sendrecv 211726 211743 -2 2
Sendrecv 211755 211763 -2 0
Sendrecv 211787 211789 -2 2
Sendrecv 211800 211801 -2 0
Sendrecv 211824 211826 -2 2
Sendrecv 211836 211837 -2 0
Sendrecv 211861 211863 -2 2
Sendrecv 211873 211875 -2 0
Sendrecv 211898 211900 -2 2
Sendrecv 211910 211911 -2 0
Sendrecv 211935 211936 -2 2
Sendrecv 211947 211948 -2 0
Sendrecv 211972 211973 -2 2
Sendrecv 211983 211985 -2 0
Sendrecv 212009 212010 -2 2
Sendrecv 212020 212022 -2 0
Sendrecv 212048 212049 -2 2
Sendrecv 212060 212062 -2 0
Sendrecv 212085 212087 -2 2
Sendrecv 212097 212098 -2 0
Sendrecv 212122 212123 -2 2
Sendrecv 212134 212135 -2 0
Sendrecv 212158 212160 -2 2
Sendrecv 212170 212172 -2 0
Sendrecv 212196 212197 -2 2
Sendrecv 212210 212211 -2 0
Sendrecv 212235 212236 -2 2
Sendrecv 212247 212249 -2 0
Sendrecv 212273 212274 -2 2
Sendrecv 212285 212287 -2 0
Sendrecv 212311 212312 -2 2
Sendrecv 212324 212325 -2 0
Sendrecv 212349 212350 -2 2
Sendrecv 212361 212367 -2 0
Sendrecv 212391 212392 -2 2
Sendrecv 212404 212405 -2 0
Sendrecv 212429 212431 -2 2
Sendrecv 212442 212444 -2 0
Sendrecv 212467 212469 -2 2
Sendrecv 212480 212481 -2 0
Sendrecv 212505 212506 -2 2
Sendrecv 212517 212518 -2 0
Sendrecv 212542 212543 -2 2
Sendrecv 212554 212556 -2 0
Sendrecv 212579 212581 -2 2
Sendrecv 212594 212596 -2 0
Sendrecv 212620 212621 -2 2
Sendrecv 212632 212634 -2 0
Sendrecv 212658 212659 -2 2
Sendrecv 212671 212672 -2 0
Sendrecv 212696 212697 -2 2
Sendrecv 212708 212710 -2 0
Sendrecv 212733 212734 -2 2
Sendrecv 212745 212747 -2 0
Sendrecv 212770 212771 -2 2
Sendrecv 212783 212785 -2 0
Sendrecv 212808 212809 -2 2
Sendrecv 212820 212821 -2 0
Sendrecv 212845 212846 -2 2
Sendrecv 212858 212859 -2 0
Sendrecv 212883 212884 -2 2
Sendrecv 212895 212897 -2 0
Sendrecv 212920 212922 -2 2
Sendrecv 212933 212935 -2 0
Sendrecv 212958 212960 -2 2
Sendrecv 212971 212973 -2 0
Sendrecv 212996 212998 -2 2
Sendrecv 213009 213010 -2 0
Sendrecv 213034 213035 -2 2
Sendrecv 213047 213048 -2 0
Sendrecv 213072 213073 -2 2
Sendrecv 213084 213086 -2 0
Sendrecv 213109 213111 -2 2
Sendrecv 213124 213126 -2 0
Sendrecv 213150 213151 -2 2
Sendrecv 213162 213164 -2 0
Sendrecv 213187 213188 -2 2
Sendrecv 213200 213201 -2 0
Sendrecv 213224 213226 -2 2
Sendrecv 213237 213239 -2 0
Sendrecv 213262 213264 -2 2
Sendrecv 213275 213277 -2 0
Sendrecv 213302 213304 -2 2
Sendrecv 213316 213317 -2 0
Sendrecv 213341 213342 -2 2
Sendrecv 213353 213355 -2 0
Sendrecv 213378 213380 -2 2
Sendrecv 213391 213392 -2 0
Sendrecv 213416 213417 -2 2
Sendrecv 213428 213430 -2 0
Sendrecv 213454 213456 -2 2
Sendrecv 213467 213469 -2 0
Sendrecv 213492 213494 -2 2
Sendrecv 213505 213507 -2 0
Sendrecv 213530 213532 -2 2
Sendrecv 213543 213545 -2 0
Sendrecv 213568 213570 -2 2
Sendrecv 213581 213582 -2 0
Sendrecv 213606 213608 -2 2
Sendrecv 213619 213620 -2 0
Sendrecv 213644 213645 -2 2
Sendrecv 213657 213658 -2 0
Sendrecv 213684 213686 -2 2
Sendrecv 213697 213699 -2 0
Sendrecv 213722 213724 -2 2
Sendrecv 213735 213736 -2 0
Sendrecv 213761 213762 -2 2
Sendrecv 213773 213775 -2 0
Sendrecv 213799 213800 -2 2
Sendrecv 213811 213812 -2 0
Sendrecv 213836 213838 -2 2
Sendrecv 213849 213850 -2 0
Sendrecv 213874 213876 -2 2
Sendrecv 213887 213888 -2 0
Sendrecv 213912 213913 -2 2
Sendrecv 213924 213925 -2 0
Sendrecv 213949 213950 -2 2
Sendrecv 213961 213963 -2 0
Sendrecv 213987 213988 -2 2
Sendrecv 213998 214000 -2 0
Sendrecv 214023 214025 -2 2
Sendrecv 214035 214037 -2 0
Sendrecv 214060 214062 -2 2
Sendrecv 214072 214074 -2 0
Sendrecv 214098 214099 -2 2
Sendrecv 214110 214111 -2 0
Sendrecv 214135 214137 -2 2
Sendrecv 214149 214151 -2 0
Sendrecv 214175 214186 -2 2
Sendrecv 214199 214204 -2 0
Sendrecv 214231 214233 -2 2
Sendrecv 214244 214246 -2 0
Sendrecv 214270 214271 -2 2
Sendrecv 214283 214284 -2 0
Sendrecv 214308 214309 -2 2
Sendrecv 214321 214322 -2 0
Sendrecv 214346 214348 -2 2
Sendrecv 214359 214361 -2 0
Sendrecv 214387 214388 -2 2
Sendrecv 214400 214401 -2 0
Sendrecv 214425 214427 -2 2
Sendrecv 214438 214440 -2 0
Sendrecv 214464 214465 -2 2
Sendrecv 214476 214478 -2 0
Sendrecv 214501 214502 -2 2
Sendrecv 214513 214515 -2 0
Sendrecv 214538 214539 -2 2
Sendrecv 214551 214552 -2 0
Sendrecv 214576 214577 -2 2
Sendrecv 214589 214590 -2 0
Sendrecv 214614 214616 -2 2
Sendrecv 214627 214629 -2 0
Sendrecv 214653 214654 -2 2
Sendrecv 214666 214667 -2 0
Sendrecv 214691 214692 -2 2
Sendrecv 214704 214706 -2 0
Sendrecv 214730 214731 -2 2
Sendrecv 214743 214744 -2 0
Sendrecv 214768 214769 -2 2
Sendrecv 214792 214831 -2 0
Sendrecv 214869 214935 -2 2
Sendrecv 214949 214950 -2 0
Sendrecv 214975 214977 -2 2
Sendrecv 214988 214989 -2 0
Sendrecv 215012 215015 -2 2
Sendrecv 215027 215028 -2 0
Sendrecv 215052 215053 -2 2
Sendrecv 215065 215066 -2 0
Sendrecv 215090 215092 -2 2
Sendrecv 215103 215105 -2 0
Sendrecv 215128 215133 -2 2
Sendrecv 215145 215146 -2 0
Sendrecv 215170 215171 -2 2
Sendrecv 215183 215184 -2 0
Sendrecv 215208 215210 -2 2
Sendrecv 215220 215260 -2 0
Sendrecv 215285 215429 -2 2
Sendrecv 215442 215443 -2 0
Sendrecv 215467 215504 -2 2
Sendrecv 215514 216328 -2 0
Sendrecv 216363 216778 -2 2
Sendrecv 216791 216797 -2 0
Sendrecv 216822 216824 -2 2
Sendrecv 216834 216844 -2 0
Sendrecv 216868 216870 -2 2
Sendrecv 216880 216881 -2 0
Sendrecv 216905 216911 -2 2
Sendrecv 216921 216923 -2 0
Sendrecv 216947 216949 -2 2
Sendrecv 216959 216961 -2 0
Sendrecv 216984 216986 -2 2
Sendrecv 216997 216998 -2 0
Sendrecv 217022 217024 -2 2
Sendrecv 217035 217036 -2 0
Sendrecv 217060 217061 -2 2
Sendrecv 217072 217074 -2 0
Sendrecv 217098 217099 -2 2
Sendrecv 217110 217112 -2 0
Sendrecv 217136 217140 -2 2
Sendrecv 217150 217152 -2 0
Sendrecv 217176 217177 -2 2
Sendrecv 217188 217189 -2 0
Sendrecv 217213 217216 -2 2
Sendrecv 217226 217228 -2 0
Sendrecv 217251 217255 -2 2
Sendrecv 217265 217267 -2 0
Sendrecv 217291 217292 -2 2
Sendrecv 217309 217311 -2 0
Sendrecv 217336 217343 -2 2
Sendrecv 217353 217354 -2 0
Sendrecv 217379 217381 -2 2
Sendrecv 217392 217393 -2 0
Sendrecv 217420 217421 -2 2
Sendrecv 217432 217433 -2 0
Sendrecv 217459 217461 -2 2
Sendrecv 217472 217473 -2 0
Sendrecv 217497 217499 -2 2
Sendrecv 217510 217511 -2 0
Sendrecv 217535 217538 -2 2
Sendrecv 217548 217549 -2 0
Sendrecv 217573 217574 -2 2
Sendrecv 217585 217586 -2 0
Sendrecv 217610 217614 -2 2
Sendrecv 217625 217627 -2 0
Sendrecv 217651 217653 -2 2
Sendrecv 217663 217665 -2 0
Sendrecv 217688 217693 -2 2
Sendrecv 217703 217704 -2 0
Sendrecv 217728 217730 -2 2
Sendrecv 217741 217742 -2 0
Sendrecv 217766 217768 -2 2
Sendrecv 217779 217780 -2 0
Sendrecv 217803 217806 -2 2
Sendrecv 217816 217818 -2 0
Sendrecv 217841 217844 -2 2
Sendrecv 217854 217855 -2 0
Sendrecv 217879 217881 -2 2
Sendrecv 217892 217893 -2 0
Sendrecv 217917 217919 -2 2
Sendrecv 217929 217931 -2 0
Sendrecv 217954 217956 -2 2
Sendrecv 217966 217968 -2 0
Sendrecv 217994 217996 -2 2
Sendrecv 218006 218007 -2 0
Sendrecv 218031 218033 -2 2
Sendrecv 218045 218047 -2 0
Sendrecv 218070 218077 -2 2
Sendrecv 218088 218089 -2 0
Sendrecv 218113 218115 -2 2
Sendrecv 218125 218126 -2 0
Sendrecv 218150 218153 -2 2
Sendrecv 218163 218164 -2 0
Sendrecv 218188 218190 -2 2
Sendrecv 218201 218202 -2 0
Sendrecv 218227 218228 -2 2
Sendrecv 218239 218240 -2 0
Sendrecv 218264 218278 -2 2
Sendrecv 218289 218294 -2 0
Sendrecv 218325 218328 -2 2
Sendrecv 218339 218340 -2 0
Sendrecv 218364 218369 -2 2
Sendrecv 218379 218381 -2 0
Sendrecv 218404 218407 -2 2
Sendrecv 218417 218418 -2 0
Sendrecv 218441 218444 -2 2
Sendrecv 218454 218455 -2 0
Sendrecv 218479 218481 -2 2
Sendrecv 218491 218492 -2 0
Sendrecv 218518 218519 -2 2
Sendrecv 218530 218531 -2 0
Sendrecv 218556 218558 -2 2
Sendrecv 218570 218571 -2 0
Sendrecv 218594 218596 -2 2
Sendrecv 218607 218608 -2 0
Sendrecv 218631 218633 -2 2
Sendrecv 218644 218645 -2 0
Sendrecv 218669 218670 -2 2
Sendrecv 218681 218682 -2 0
Sendrecv 218705 218707 -2 2
Sendrecv 218717 218719 -2 0
Sendrecv 218743 218744 -2 2
Sendrecv 218755 218756 -2 0
Sendrecv 218780 218783 -2 2
Sendrecv 218794 218795 -2 0
Sendrecv 218819 218821 -2 2
Sendrecv 218831 218833 -2 0
Sendrecv 218857 218858 -2 2
Sendrecv 218869 218871 -2 0
Sendrecv 218894 218896 -2 2
Sendrecv 218906 218907 -2 0
Sendrecv 218931 218934 -2 2
Sendrecv 218944 218945 -2 0
Sendrecv 218969 218971 -2 2
Sendrecv 218982 218983 -2 0
Sendrecv 219007 219008 -2 2
Sendrecv 219019 219020 -2 0
Sendrecv 219044 219045 -2 2
Sendrecv 219056 219057 -2 0
Sendrecv 219083 219085 -2 2
Sendrecv 219096 219097 -2 0
Sendrecv 220764 220839 -2 2
Sendrecv 220846 220852 -2 0
Sendrecv 220866 220889 -2 2
Sendrecv 220894 220901 -2 0
Sendrecv 220914 220927 -2 2
Sendrecv 220933 220933 -2 0
Sendrecv 220946 220966 -2 2
Sendrecv 220971 220972 -2 0
Sendrecv 220985 221003 -2 2
Sendrecv 221008 221009 -2 0
Sendrecv 221023 221041 -2 2
Sendrecv 221046 221047 -2 0
Sendrecv 221060 221078 -2 2
Sendrecv 221083 221083 -2 0
Sendrecv 221097 221114 -2 2
Sendrecv 221120 221120 -2 0
Sendrecv 221136 221151 -2 2
Sendrecv 221156 221157 -2 0
Sendrecv 221170 221188 -2 2
Sendrecv 221193 221193 -2 0
Sendrecv 221207 221224 -2 2
Sendrecv 221230 221230 -2 0
Sendrecv 221243 221261 -2 2
Sendrecv 221266 221266 -2 0
Sendrecv 221280 221309 -2 2
Sendrecv 221316 221317 -2 0
Sendrecv 221330 221349 -2 2
Sendrecv 221354 221355 -2 0
Sendrecv 221368 221385 -2 2
Sendrecv 221390 221391 -2 0
Sendrecv 221404 221424 -2 2
Sendrecv 221429 221429 -2 0
Sendrecv 221443 221460 -2 2
Sendrecv 221465 221465 -2 0
Sendrecv 221479 221495 -2 2
Sendrecv 221500 221501 -2 0
Sendrecv 221514 221531 -2 2
Sendrecv 221537 221537 -2 0
Sendrecv 221551 221567 -2 2
Sendrecv 221572 221573 -2 0
Sendrecv 221586 221602 -2 2
Sendrecv 221608 221608 -2 0
Sendrecv 221622 221638 -2 2
Sendrecv 221645 221646 -2 0
Sendrecv 221660 221673 -2 2
Sendrecv 221679 221679 -2 0
Sendrecv 221693 221709 -2 2
Sendrecv 221715 221715 -2 0
Sendrecv 221729 221745 -2 2
Sendrecv 221751 221751 -2 0
Sendrecv 221765 221781 -2 2
Sendrecv 221786 221787 -2 0
Sendrecv 221800 221819 -2 2
Sendrecv 221824 221825 -2 0
Sendrecv 221838 221856 -2 2
Sendrecv 221861 221862 -2 0
Sendrecv 221875 221895 -2 2
Sendrecv 221900 221900 -2 0
Sendrecv 221914 221933 -2 2
Sendrecv 221939 221939 -2 0
Sendrecv 221953 221970 -2 2
Sendrecv 221975 221976 -2 0
Sendrecv 221989 222008 -2 2
Sendrecv 222013 222013 -2 0
Sendrecv 222027 222045 -2 2
Sendrecv 222050 222051 -2 0
Sendrecv 222064 222083 -2 2
Sendrecv 222088 222088 -2 0
Sendrecv 222102 222120 -2 2
Sendrecv 222125 222125 -2 0
Sendrecv 222141 222157 -2 2
Sendrecv 222163 222163 -2 0
Sendrecv 222177 222194 -2 2
Sendrecv 222199 222200 -2 0
Sendrecv 222214 222231 -2 2
Sendrecv 222237 222237 -2 0
Sendrecv 222250 222273 -2 2
Sendrecv 222278 222279 -2 0
Sendrecv 222292 222318 -2 2
Sendrecv 222325 222326 -2 0
Sendrecv 222339 222353 -2 2
Sendrecv 222358 222359 -2 0
Sendrecv 222373 222388 -2 2
Sendrecv 222393 222394 -2 0
Sendrecv 222408 222425 -2 2
Sendrecv 222430 222431 -2 0
Sendrecv 222445 222468 -2 2
Sendrecv 222473 222474 -2 0
Sendrecv 222487 222503 -2 2
Sendrecv 222508 222509 -2 0
Sendrecv 222522 222539 -2 2
Sendrecv 222544 222544 -2 0
Sendrecv 222558 222576 -2 2
Sendrecv 222581 222581 -2 0
Sendrecv 222595 222612 -2 2
Sendrecv 222617 222618 -2 0
Sendrecv 222631 222651 -2 2
Sendrecv 222659 222660 -2 0
Sendrecv 222673 222686 -2 2
Sendrecv 222692 222692 -2 0
Sendrecv 222706 222722 -2 2
Sendrecv 222728 222728 -2 0
Sendrecv 222741 222759 -2 2
Sendrecv 222765 222765 -2 0
Sendrecv 222779 222796 -2 2
Sendrecv 222801 222802 -2 0
Sendrecv 222815 222833 -2 2
Sendrecv 222838 222839 -2 0
Sendrecv 222852 222870 -2 2
Sendrecv 222875 222876 -2 0
Sendrecv 222889 222906 -2 2
Sendrecv 222912 222912 -2 0
Sendrecv 222926 222943 -2 2
Sendrecv 222949 222949 -2 0
Sendrecv 222963 222981 -2 2
Sendrecv 222986 222986 -2 0
Sendrecv 223000 223020 -2 2
Sendrecv 223025 223026 -2 0
Sendrecv 223039 223056 -2 2
Sendrecv 223061 223062 -2 0
Sendrecv 223075 223094 -2 2
Sendrecv 223099 223100 -2 0
Sendrecv 223113 223130 -2 2
Sendrecv 223136 223136 -2 0
Sendrecv 223152 223170 -2 2
Sendrecv 223176 223176 -2 0
Sendrecv 223190 223205 -2 2
Sendrecv 223210 223211 -2 0
Sendrecv 223224 223241 -2 2
Sendrecv 223246 223247 -2 0
Sendrecv 223260 223277 -2 2
Sendrecv 223283 223283 -2 0
Sendrecv 223297 223323 -2 2
Sendrecv 223329 223330 -2 0
Sendrecv 223344 223360 -2 2
Sendrecv 223366 223366 -2 0
Sendrecv 223379 223396 -2 2
Sendrecv 223402 223402 -2 0
Sendrecv 223415 223433 -2 2
Sendrecv 223438 223439 -2 0
Sendrecv 223452 223472 -2 2
Sendrecv 223477 223477 -2 0
Sendrecv 223490 223509 -2 2
Sendrecv 223514 223514 -2 0
Sendrecv 223528 223547 -2 2
Sendrecv 223552 223553 -2 0
Sendrecv 223566 223582 -2 2
Sendrecv 223588 223588 -2 0
Sendrecv 223601 223620 -2 2
Sendrecv 223626 223626 -2 0
Sendrecv 223639 223656 -2 2
Sendrecv 223661 223661 -2 0
Sendrecv 223675 223695 -2 2
Sendrecv 223701 223701 -2 0
Sendrecv 223714 223729 -2 2
Sendrecv 223734 223735 -2 0
Sendrecv 223748 223766 -2 2
Sendrecv 223771 223772 -2 0
Sendrecv 223785 223802 -2 2
Sendrecv 223808 223808 -2 0
Sendrecv 223821 223840 -2 2
Sendrecv 223845 223846 -2 0
Sendrecv 223859 223875 -2 2
Sendrecv 223881 223881 -2 0
Sendrecv 223894 223913 -2 2
Sendrecv 223918 223919 -2 0
Sendrecv 223932 223951 -2 2
Sendrecv 223956 223956 -2 0
Sendrecv 223969 223986 -2 2
Sendrecv 223991 223992 -2 0
Sendrecv 224005 224024 -2 2
Sendrecv 224029 224030 -2 0
Sendrecv 224043 224064 -2 2
Sendrecv 224069 224069 -2 0
Sendrecv 224082 224099 -2 2
Sendrecv 224104 224105 -2 0
Sendrecv 224118 224136 -2 2
Sendrecv 224143 224144 -2 0
Sendrecv 224157 224173 -2 2
Sendrecv 224178 224179 -2 0
Sendrecv 224192 224209 -2 2
Sendrecv 224214 224215 -2 0
Sendrecv 224228 224245 -2 2
Sendrecv 224250 224251 -2 0
Sendrecv 224264 224281 -2 2
Sendrecv 224286 224287 -2 0
Sendrecv 224307 224326 -2 2
Sendrecv 224332 224333 -2 0
Sendrecv 224346 224359 -2 2
Sendrecv 224364 224365 -2 0
Sendrecv 224378 224399 -2 2
Sendrecv 224404 224405 -2 0
Sendrecv 224418 224434 -2 2
Sendrecv 224439 224440 -2 0
Sendrecv 224453 224472 -2 2
Sendrecv 224477 224477 -2 0
Sendrecv 224491 224509 -2 2
Sendrecv 224514 224515 -2 0
Sendrecv 224528 224545 -2 2
Sendrecv 224551 224551 -2 0
Sendrecv 224564 224585 -2 2
Sendrecv 224590 224590 -2 0
Sendrecv 224603 224621 -2 2
Sendrecv 224626 224627 -2 0
Sendrecv 224642 224657 -2 2
Sendrecv 224663 224663 -2 0
Sendrecv 224676 224694 -2 2
Sendrecv 224699 224699 -2 0
Sendrecv 224712 224730 -2 2
Sendrecv 224735 224736 -2 0
Sendrecv 224749 224766 -2 2
Sendrecv 224771 224772 -2 0
Sendrecv 224785 224804 -2 2
Sendrecv 224809 224810 -2 0
Sendrecv 224823 224839 -2 2
Sendrecv 224845 224845 -2 0
Sendrecv 224858 224877 -2 2
Sendrecv 224882 224883 -2 0
Sendrecv 224896 224912 -2 2
Sendrecv 224918 224918 -2 0
Sendrecv 224931 224950 -2 2
Sendrecv 224955 224956 -2 0
Sendrecv 224969 224985 -2 2
Sendrecv 224990 224991 -2 0
Sendrecv 225004 225023 -2 2
Sendrecv 225028 225028 -2 0
Sendrecv 225041 225058 -2 2
Sendrecv 225063 225064 -2 0
Sendrecv 225077 225096 -2 2
Sendrecv 225102 225102 -2 0
Sendrecv 225115 225136 -2 2
Sendrecv 225144 225144 -2 0
Sendrecv 225157 225171 -2 2
Sendrecv 225177 225177 -2 0
Sendrecv 225190 225208 -2 2
Sendrecv 225213 225214 -2 0
Sendrecv 225226 225245 -2 2
Sendrecv 225250 225251 -2 0
Sendrecv 225263 225284 -2 2
Sendrecv 225289 225290 -2 0
Sendrecv 225309 225326 -2 2
Sendrecv 225331 225332 -2 0
Sendrecv 225345 225361 -2 2
Sendrecv 225366 225367 -2 0
Sendrecv 225380 225398 -2 2
Sendrecv 225403 225404 -2 0
Sendrecv 225417 225438 -2 2
Sendrecv 225443 225444 -2 0
Sendrecv 225457 225473 -2 2
Sendrecv 225478 225479 -2 0
Sendrecv 225492 225511 -2 2
Sendrecv 225516 225516 -2 0
Sendrecv 225529 225547 -2 2
Sendrecv 225552 225553 -2 0
Sendrecv 225566 225587 -2 2
Sendrecv 225592 225593 -2 0
Sendrecv 225606 225621 -2 2
Sendrecv 225626 225627 -2 0
Sendrecv 225642 225661 -2 2
Sendrecv 225666 225667 -2 0
Sendrecv 225680 225696 -2 2
Sendrecv 225701 225702 -2 0
Sendrecv 225715 225733 -2 2
Sendrecv 225739 225739 -2 0
Sendrecv 225752 225769 -2 2
Sendrecv 225775 225775 -2 0
Sendrecv 225789 225809 -2 2
Sendrecv 225814 225814 -2 0
Sendrecv 225827 225842 -2 2
Sendrecv 225847 225848 -2 0
Sendrecv 225861 225880 -2 2
Sendrecv 225886 225886 -2 0
Sendrecv 225899 225917 -2 2
Sendrecv 225922 225923 -2 0
Sendrecv 225936 225953 -2 2
Sendrecv 225959 225959 -2 0
Sendrecv 225972 225989 -2 2
Sendrecv 225995 225995 -2 0
Sendrecv 226008 226026 -2 2
Sendrecv 226031 226032 -2 0
Sendrecv 226045 226066 -2 2
Sendrecv 226071 226071 -2 0
Sendrecv 226084 226097 -2 2
Sendrecv 226102 226103 -2 0
Sendrecv 226116 226134 -2 2
Sendrecv 226142 226142 -2 0
Sendrecv 226155 226173 -2 2
Sendrecv 226178 226179 -2 0
Sendrecv 226192 226207 -2 2
Sendrecv 226212 226213 -2 0
Sendrecv 226226 226244 -2 2
Sendrecv 226250 226250 -2 0
Sendrecv 226263 226280 -2 2
Sendrecv 226285 226286 -2 0
Sendrecv 226304 226342 -2 2
Sendrecv 226350 226351 -2 0
Sendrecv 226365 226373 -2 2
Sendrecv 226379 226380 -2 0
Sendrecv 226393 226404 -2 2
Sendrecv 226410 226410 -2 0
Sendrecv 226423 226439 -2 2
Sendrecv 226445 226445 -2 0
Sendrecv 226458 226477 -2 2
Sendrecv 226482 226482 -2 0
Sendrecv 226496 226514 -2 2
Sendrecv 226519 226520 -2 0
Sendrecv 226533 226548 -2 2
Sendrecv 226554 226554 -2 0
Sendrecv 226567 226588 -2 2
Sendrecv 226593 226594 -2 0
Sendrecv 226606 226620 -2 2
Sendrecv 226625 226626 -2 0
Sendrecv 226641 226656 -2 2
Sendrecv 226662 226662 -2 0
Sendrecv 226675 226694 -2 2
Sendrecv 226699 226700 -2 0
Sendrecv 226713 226730 -2 2
Sendrecv 226736 226736 -2 0
Sendrecv 226749 226764 -2 2
Sendrecv 226770 226770 -2 0
Sendrecv 226783 226801 -2 2
Sendrecv 226806 226807 -2 0
Sendrecv 226820 226836 -2 2
Sendrecv 226841 226842 -2 0
Sendrecv 226854 226870 -2 2
Sendrecv 226876 226876 -2 0
Sendrecv 226889 226907 -2 2
Sendrecv 226913 226913 -2 0
Sendrecv 226926 226942 -2 2
Sendrecv 226947 226947 -2 0
Sendrecv 226960 226976 -2 2
Sendrecv 226982 226982 -2 0
Sendrecv 226995 227013 -2 2
Sendrecv 227018 227019 -2 0
Sendrecv 227031 227048 -2 2
Sendrecv 227053 227054 -2 0
Sendrecv 227066 227085 -2 2
Sendrecv 227091 227091 -2 0
Sendrecv 227104 227118 -2 2
Sendrecv 227125 227126 -2 0
Sendrecv 227138 227155 -2 2
Sendrecv 227160 227161 -2 0
Sendrecv 227173 227192 -2 2
Sendrecv 227197 227198 -2 0
Sendrecv 227210 227227 -2 2
Sendrecv 227232 227233 -2 0
Sendrecv 227245 227262 -2 2
Sendrecv 227267 227268 -2 0
Sendrecv 227280 227308 -2 2
Sendrecv 227315 227316 -2 0
Sendrecv 227328 227342 -2 2
Sendrecv 227347 227348 -2 0
Sendrecv 227360 227379 -2 2
Sendrecv 227384 229266 -2 0
Sendrecv 229312 229316 -2 2
Sendrecv 229334 229338 -2 0
Sendrecv 229353 229354 -2 2
Sendrecv 229359 229360 -2 0
Sendrecv 229387 229389 -2 2
Sendrecv 229402 229403 -2 0
Sendrecv 229426 229428 -2 2
Sendrecv 229439 229441 -2 0
Sendrecv 229463 229465 -2 2
Sendrecv 229476 229477 -2 0
Sendrecv 229500 229501 -2 2
Sendrecv 229513 229514 -2 0
Sendrecv 229537 229538 -2 2
Sendrecv 229551 229553 -2 0
Sendrecv 229575 229577 -2 2
Sendrecv 229587 229588 -2 0
Sendrecv 229611 229612 -2 2
Sendrecv 229623 229624 -2 0
Sendrecv 229646 229648 -2 2
Sendrecv 229658 229660 -2 0
Sendrecv 229681 229683 -2 2
Sendrecv 229694 229695 -2 0
Sendrecv 229716 229718 -2 2
Sendrecv 229728 229729 -2 0
Sendrecv 229750 229752 -2 2
Sendrecv 229763 229764 -2 0
Sendrecv 229785 229787 -2 2
Sendrecv 229797 229798 -2 0
Sendrecv 229819 229821 -2 2
Sendrecv 229832 229833 -2 0
Sendrecv 229854 229855 -2 2
Sendrecv 229866 229867 -2 0
Sendrecv 229888 229890 -2 2
Sendrecv 229900 229902 -2 0
Sendrecv 229923 229924 -2 2
Sendrecv 229934 229936 -2 0
Sendrecv 229957 229958 -2 2
Sendrecv 229969 229970 -2 0
Sendrecv 229994 229995 -2 2
Sendrecv 230006 230007 -2 0
Sendrecv 230028 230030 -2 2
Sendrecv 230043 230044 -2 0
Sendrecv 230066 230067 -2 2
Sendrecv 230077 230079 -2 0
Sendrecv 230100 230102 -2 2
Sendrecv 230113 230114 -2 0
Sendrecv 230135 230137 -2 2
Sendrecv 230147 230148 -2 0
Sendrecv 230169 230171 -2 2
Sendrecv 230182 230183 -2 0
Sendrecv 230204 230205 -2 2
Sendrecv 230216 230217 -2 0
Sendrecv 230238 230239 -2 2
Sendrecv 230249 230251 -2 0
Sendrecv 230271 230273 -2 2
Sendrecv 230283 230285 -2 0
Sendrecv 230429 230432 -2 2
Sendrecv 230447 230448 -2 0
Sendrecv 230469 230482 -2 2
Sendrecv 230493 230494 -2 0
Sendrecv 230514 230536 -2 2
Sendrecv 230547 230548 -2 0
Sendrecv 230569 230586 -2 2
Sendrecv 230597 230599 -2 0
Sendrecv 230619 230642 -2 2
Sendrecv 230655 230656 -2 0
Sendrecv 230676 230678 -2 2
Sendrecv 230689 230691 -2 0
Sendrecv 230710 230712 -2 2
Sendrecv 230726 230728 -2 0
Sendrecv 230747 230749 -2 2
Sendrecv 230760 230762 -2 0
Sendrecv 230782 230784 -2 2
Sendrecv 230794 230796 -2 0
Sendrecv 230816 230817 -2 2
Sendrecv 230828 230829 -2 0
Sendrecv 230850 230852 -2 2
Sendrecv 230863 230864 -2 0
Sendrecv 230884 230889 -2 2
Sendrecv 230901 230902 -2 0
Sendrecv 230922 230923 -2 2
Sendrecv 230934 230936 -2 0
Sendrecv 230956 230962 -2 2
Sendrecv 230973 230974 -2 0
Sendrecv 230995 231144 -2 2
Sendrecv 231157 231164 -2 0
Sendrecv 231186 231364 -2 2
Sendrecv 231380 231386 -2 0
Sendrecv 231407 231585 -2 2
Sendrecv 231598 231604 -2 0
Sendrecv 231624 232085 -2 2
Sendrecv 232116 232261 -2 0
Sendrecv 232295 232298 -2 2
Sendrecv 232308 232310 -2 0
Sendrecv 232329 232348 -2 2
Sendrecv 232360 232362 -2 0
Sendrecv 232380 232407 -2 2
Sendrecv 232420 232421 -2 0
Sendrecv 232440 232442 -2 2
Sendrecv 232453 232454 -2 0
Sendrecv 232474 232475 -2 2
Sendrecv 232484 232486 -2 0
Sendrecv 232504 232506 -2 2
Sendrecv 232517 232518 -2 0
Sendrecv 232537 232538 -2 2
Sendrecv 232549 232550 -2 0
Sendrecv 232568 232571 -2 2
Sendrecv 232581 232583 -2 0
Sendrecv 232600 232602 -2 2
Sendrecv 232611 232613 -2 0
Sendrecv 232631 232637 -2 2
Sendrecv 232647 232648 -2 0
Sendrecv 232665 232669 -2 2
Sendrecv 232679 232680 -2 0
Sendrecv 232696 232700 -2 2
Sendrecv 232710 232711 -2 0
Sendrecv 232729 232733 -2 2
Sendrecv 232743 232744 -2 0
Sendrecv 232761 232765 -2 2
Sendrecv 232775 232777 -2 0
Sendrecv 232795 232799 -2 2
Sendrecv 232809 232811 -2 0
Sendrecv 232828 232831 -2 2
Sendrecv 232847 232849 -2 0
Sendrecv 232866 232868 -2 2
Sendrecv 232880 232882 -2 0
Sendrecv 232900 232958 -2 2
Sendrecv 232970 232972 -2 0
Sendrecv 232989 233080 -2 2
Sendrecv 233097 233099 -2 0
Sendrecv 233117 233122 -2 2
Sendrecv 233132 233133 -2 0
Sendrecv 233154 233158 -2 2
Sendrecv 233171 233173 -2 0
Sendrecv 233194 233195 -2 2
Sendrecv 233207 233208 -2 0
Sendrecv 233224 233252 -2 2
Sendrecv 233268 233270 -2 0
Sendrecv 233301 233304 -2 2
Sendrecv 233318 233320 -2 0
Sendrecv 233339 233342 -2 2
Sendrecv 233354 233356 -2 0
Sendrecv 233375 233447 -2 2
Sendrecv 233460 233462 -2 0
Sendrecv 233479 233481 -2 2
Sendrecv 233491 233497 -2 0
Sendrecv 233523 233550 -2 2
Sendrecv 233561 233562 -2 0
Sendrecv 233578 233586 -2 2
Sendrecv 233595 233596 -2 0
Sendrecv 233612 233617 -2 2
Sendrecv 233629 233630 -2 0
Sendrecv 233646 233648 -2 2
Sendrecv 233660 233661 -2 0
Sendrecv 233677 233682 -2 2
Sendrecv 233691 233693 -2 0
Sendrecv 233709 233714 -2 2
Sendrecv 233724 233726 -2 0
Sendrecv 233742 233783 -2 2
Sendrecv 233796 233798 -2 0
Sendrecv 233813 233815 -2 2
Sendrecv 233824 233825 -2 0
Sendrecv 233844 233846 -2 2
Sendrecv 233865 233867 -2 0
Sendrecv 233895 233898 -2 2
Sendrecv 233910 233911 -2 0
Sendrecv 233928 233931 -2 2
Sendrecv 233941 233942 -2 0
Sendrecv 233961 233966 -2 2
Sendrecv 233981 233982 -2 0
Sendrecv 233993 233997 -2 2
Sendrecv 234002 234004 -2 0
Sendrecv 234014 234030 -2 2
Sendrecv 234035 234036 -2 0
Sendrecv 234046 234062 -2 2
Sendrecv 234067 234067 -2 0
Sendrecv 234079 234098 -2 2
Sendrecv 234104 234104 -2 0
Sendrecv 234114 238253 -2 2
Sendrecv 240509 240517 -2 0
Sendrecv 240529 240530 -2 2
Sendrecv 240536 240556 -2 0
Sendrecv 240566 240567 -2 2
Sendrecv 240572 240573 -2 0
Sendrecv 240583 240606 -2 2
Sendrecv 240611 240612 -2 0
Sendrecv 240621 240653 -2 2
Sendrecv 240659 240659 -2 0
Sendrecv 240669 240696 -2 2
Sendrecv 240701 240702 -2 0
Sendrecv 240711 240729 -2 2
Sendrecv 240734 240734 -2 0
Sendrecv 240744 240760 -2 2
Sendrecv 240765 240765 -2 0
Sendrecv 240777 240790 -2 2
Sendrecv 240796 240796 -2 0
Sendrecv 240806 240822 -2 2
Sendrecv 240827 240828 -2 0
Sendrecv 240837 240853 -2 2
Sendrecv 240858 240859 -2 0
Sendrecv 240868 240884 -2 2
Sendrecv 240890 240890 -2 0
Sendrecv 240900 240915 -2 2
Sendrecv 240921 240921 -2 0
Sendrecv 240930 240946 -2 2
Sendrecv 240952 240952 -2 0
Sendrecv 240961 240978 -2 2
Sendrecv 240983 240983 -2 0
Sendrecv 240992 241011 -2 2
Sendrecv 241016 241016 -2 0
Sendrecv 241025 241042 -2 2
Sendrecv 241047 241048 -2 0
Sendrecv 241057 241073 -2 2
Sendrecv 241078 241078 -2 0
Sendrecv 241087 241104 -2 2
Sendrecv 241109 241110 -2 0
Sendrecv 241119 241135 -2 2
Sendrecv 241140 241141 -2 0
Sendrecv 241150 241168 -2 2
Sendrecv 241173 241174 -2 0
Sendrecv 241183 241199 -2 2
Sendrecv 241206 241207 -2 0
Sendrecv 241216 241230 -2 2
Sendrecv 241235 241236 -2 0
Sendrecv 241245 241267 -2 2
Sendrecv 241273 241274 -2 0
Sendrecv 241283 241299 -2 2
Sendrecv 241304 241305 -2 0
Sendrecv 241314 241330 -2 2
Sendrecv 241335 241335 -2 0
Sendrecv 241344 241361 -2 2
Sendrecv 241366 241366 -2 0
Sendrecv 241375 241392 -2 2
Sendrecv 241397 241397 -2 0
Sendrecv 241406 241424 -2 2
Sendrecv 241429 241429 -2 0
Sendrecv 241438 241457 -2 2
Sendrecv 241462 241462 -2 0
Sendrecv 241471 241488 -2 2
Sendrecv 241493 241494 -2 0
Sendrecv 241503 241519 -2 2
Sendrecv 241524 241525 -2 0
Sendrecv 241533 241550 -2 2
Sendrecv 241556 241556 -2 0
Sendrecv 241565 241581 -2 2
Sendrecv 241586 241587 -2 0
Sendrecv 241596 241612 -2 2
Sendrecv 241617 241618 -2 0
Sendrecv 241629 241647 -2 2
Sendrecv 241652 241653 -2 0
Sendrecv 241661 241677 -2 2
Sendrecv 241682 241683 -2 0
Sendrecv 241692 241710 -2 2
Sendrecv 241715 241715 -2 0
Sendrecv 241724 241740 -2 2
Sendrecv 241745 241746 -2 0
Sendrecv 241755 241771 -2 2
Sendrecv 241776 241777 -2 0
Sendrecv 241785 241803 -2 2
Sendrecv 241808 241809 -2 0
Sendrecv 241818 241833 -2 2
Sendrecv 241839 241839 -2 0
Sendrecv 241848 241864 -2 2
Sendrecv 241869 241870 -2 0
Sendrecv 241879 241898 -2 2
Sendrecv 241903 241903 -2 0
Sendrecv 241912 241929 -2 2
Sendrecv 241934 241935 -2 0
Sendrecv 241943 241960 -2 2
Sendrecv 241965 241966 -2 0
Sendrecv 241974 241992 -2 2
Sendrecv 241997 241997 -2 0
Sendrecv 242006 242022 -2 2
Sendrecv 242027 242028 -2 0
Sendrecv 242036 242053 -2 2
Sendrecv 242060 242060 -2 0
Sendrecv 242069 242086 -2 2
Sendrecv 242091 242092 -2 0
Sendrecv 242101 242117 -2 2
Sendrecv 242123 242123 -2 0
Sendrecv 242132 242149 -2 2
Sendrecv 242154 242155 -2 0
Sendrecv 242163 242180 -2 2
Sendrecv 242185 242185 -2 0
Sendrecv 242194 242211 -2 2
Sendrecv 242216 242217 -2 0
Sendrecv 242225 242241 -2 2
Sendrecv 242250 242251 -2 0
Sendrecv 242259 242279 -2 2
Sendrecv 242284 242285 -2 0
Sendrecv 242294 242310 -2 2
Sendrecv 242315 242316 -2 0
Sendrecv 242325 242344 -2 2
Sendrecv 242349 242350 -2 0
Sendrecv 242358 242374 -2 2
Sendrecv 242379 242380 -2 0
Sendrecv 242389 242405 -2 2
Sendrecv 242411 242411 -2 0
Sendrecv 242420 242436 -2 2
Sendrecv 242441 242442 -2 0
Sendrecv 242450 242467 -2 2
Sendrecv 242472 242473 -2 0
Sendrecv 242484 242498 -2 2
Sendrecv 242503 242504 -2 0
Sendrecv 242513 242532 -2 2
Sendrecv 242537 242538 -2 0
Sendrecv 242546 242563 -2 2
Sendrecv 242568 242569 -2 0
Sendrecv 242577 242594 -2 2
Sendrecv 242599 242600 -2 0
Sendrecv 242608 242624 -2 2
Sendrecv 242630 242630 -2 0
Sendrecv 242639 242656 -2 2
Sendrecv 242661 242661 -2 0
Sendrecv 242670 242686 -2 2
Sendrecv 242691 242692 -2 0
Sendrecv 242701 242717 -2 2
Sendrecv 242722 242723 -2 0
Sendrecv 242731 242748 -2 2
Sendrecv 242753 242754 -2 0
Sendrecv 242762 242781 -2 2
Sendrecv 242786 242787 -2 0
Sendrecv 242795 242813 -2 2
Sendrecv 242818 242819 -2 0
Sendrecv 242828 242844 -2 2
Sendrecv 242849 242850 -2 0
Sendrecv 242858 242875 -2 2
Sendrecv 242880 242881 -2 0
Sendrecv 242890 242906 -2 2
Sendrecv 242913 242914 -2 0
Sendrecv 242923 242937 -2 2
Sendrecv 242943 242943 -2 0
Sendrecv 242952 242971 -2 2
Sendrecv 242976 242977 -2 0
Sendrecv 242985 243003 -2 2
Sendrecv 243008 243008 -2 0
Sendrecv 243017 243034 -2 2
Sendrecv 243039 243040 -2 0
Sendrecv 243048 243064 -2 2
Sendrecv 243069 243070 -2 0
Sendrecv 243079 243096 -2 2
Sendrecv 243101 243101 -2 0
Sendrecv 243110 243127 -2 2
Sendrecv 243132 243132 -2 0
Sendrecv 243141 243158 -2 2
Sendrecv 243163 243164 -2 0
Sendrecv 243172 243189 -2 2
Sendrecv 243194 243195 -2 0
Sendrecv 243203 243223 -2 2
Sendrecv 243228 243228 -2 0
Sendrecv 243237 243259 -2 2
Sendrecv 243265 243266 -2 0
Sendrecv 243275 243291 -2 2
Sendrecv 243296 243297 -2 0
Sendrecv 243305 243322 -2 2
Sendrecv 243327 243328 -2 0
Sendrecv 243339 243354 -2 2
Sendrecv 243359 243360 -2 0
Sendrecv 243369 243385 -2 2
Sendrecv 243390 243391 -2 0
Sendrecv 243400 243419 -2 2
Sendrecv 243424 243424 -2 0
Sendrecv 243433 243451 -2 2
Sendrecv 243456 243456 -2 0
Sendrecv 243465 243482 -2 2
Sendrecv 243487 243487 -2 0
Sendrecv 243496 243513 -2 2
Sendrecv 243518 243519 -2 0
Sendrecv 243527 243544 -2 2
Sendrecv 243549 243550 -2 0
Sendrecv 243558 243575 -2 2
Sendrecv 243580 243581 -2 0
Sendrecv 243590 243606 -2 2
Sendrecv 243611 243612 -2 0
Sendrecv 243621 243640 -2 2
Sendrecv 243645 243645 -2 0
Sendrecv 243654 243671 -2 2
Sendrecv 243676 243676 -2 0
Sendrecv 243685 243701 -2 2
Sendrecv 243707 243707 -2 0
Sendrecv 243716 243733 -2 2
Sendrecv 243738 243738 -2 0
Sendrecv 243747 243764 -2 2
Sendrecv 243771 243772 -2 0
Sendrecv 243781 243796 -2 2
Sendrecv 243801 243801 -2 0
Sendrecv 243810 243826 -2 2
Sendrecv 243832 243833 -2 0
Sendrecv 243841 243860 -2 2
Sendrecv 243866 243866 -2 0
Sendrecv 243875 243892 -2 2
Sendrecv 243897 243898 -2 0
Sendrecv 243907 243923 -2 2
Sendrecv 243928 243929 -2 0
Sendrecv 243938 243954 -2 2
Sendrecv 243959 243960 -2 0
Sendrecv 243969 243987 -2 2
Sendrecv 243992 243992 -2 0
Sendrecv 244001 244016 -2 2
Sendrecv 244022 244022 -2 0
Sendrecv 244031 244047 -2 2
Sendrecv 244052 244053 -2 0
Sendrecv 244061 244080 -2 2
Sendrecv 244085 244086 -2 0
Sendrecv 244095 244111 -2 2
Sendrecv 244116 244117 -2 0
Sendrecv 244126 244142 -2 2
Sendrecv 244147 244148 -2 0
Sendrecv 244157 244173 -2 2
Sendrecv 244178 244179 -2 0
Sendrecv 244190 244204 -2 2
Sendrecv 244210 244210 -2 0
Sendrecv 244219 244235 -2 2
Sendrecv 244240 244241 -2 0
Sendrecv 244254 244273 -2 2
Sendrecv 244279 244279 -2 0
Sendrecv 244288 244304 -2 2
Sendrecv 244310 244310 -2 0
Sendrecv 244319 244338 -2 2
Sendrecv 244343 244344 -2 0
Sendrecv 244353 244369 -2 2
Sendrecv 244374 244375 -2 0
Sendrecv 244384 244401 -2 2
Sendrecv 244406 244407 -2 0
Sendrecv 244416 244432 -2 2
Sendrecv 244437 244437 -2 0
Sendrecv 244446 244464 -2 2
Sendrecv 244469 244469 -2 0
Sendrecv 244478 244494 -2 2
Sendrecv 244499 244500 -2 0
Sendrecv 244508 244527 -2 2
Sendrecv 244532 244532 -2 0
Sendrecv 244541 244557 -2 2
Sendrecv 244563 244563 -2 0
Sendrecv 244572 244589 -2 2
Sendrecv 244594 244594 -2 0
Sendrecv 244603 244620 -2 2
Sendrecv 244627 244627 -2 0
Sendrecv 244636 244651 -2 2
Sendrecv 244656 244656 -2 0
Sendrecv 244665 244682 -2 2
Sendrecv 244687 244687 -2 0
Sendrecv 244696 244713 -2 2
Sendrecv 244718 244719 -2 0
Sendrecv 244727 244744 -2 2
Sendrecv 244749 244750 -2 0
Sendrecv 244759 244778 -2 2
Sendrecv 244783 244784 -2 0
Sendrecv 244792 244809 -2 2
Sendrecv 244814 244815 -2 0
Sendrecv 244823 244840 -2 2
Sendrecv 244845 244846 -2 0
Sendrecv 244855 244871 -2 2
Sendrecv 244876 244877 -2 0
Sendrecv 244886 244902 -2 2
Sendrecv 244907 244908 -2 0
Sendrecv 244917 244933 -2 2
Sendrecv 244939 244939 -2 0
Sendrecv 244948 244967 -2 2
Sendrecv 244972 244972 -2 0
Sendrecv 244981 244998 -2 2
Sendrecv 245003 245003 -2 0
Sendrecv 245012 245029 -2 2
Sendrecv 245034 245035 -2 0
Sendrecv 245045 245060 -2 2
Sendrecv 245065 245066 -2 0
Sendrecv 245075 245091 -2 2
Sendrecv 245096 245097 -2 0
Sendrecv 245106 245123 -2 2
Sendrecv 245129 245129 -2 0
Sendrecv 245138 245154 -2 2
Sendrecv 245159 245159 -2 0
Sendrecv 245168 245185 -2 2
Sendrecv 245190 245190 -2 0
Sendrecv 245199 245218 -2 2
Sendrecv 245223 245224 -2 0
Sendrecv 245233 245255 -2 2
Sendrecv 245260 245261 -2 0
Sendrecv 245270 245287 -2 2
Sendrecv 245292 245293 -2 0
Sendrecv 245301 245319 -2 2
Sendrecv 245324 245325 -2 0
Sendrecv 245334 245349 -2 2
Sendrecv 245354 245355 -2 0
Sendrecv 245364 245383 -2 2
Sendrecv 245388 245389 -2 0
Sendrecv 245398 245414 -2 2
Sendrecv 245419 245420 -2 0
Sendrecv 245429 245445 -2 2
Sendrecv 245450 245451 -2 0
Sendrecv 245460 245476 -2 2
Sendrecv 245484 245484 -2 0
Sendrecv 245493 245507 -2 2
Sendrecv 245512 245513 -2 0
Sendrecv 245521 245538 -2 2
Sendrecv 245543 245544 -2 0
Sendrecv 245553 245569 -2 2
Sendrecv 245574 245575 -2 0
Sendrecv 245584 245602 -2 2
Sendrecv 245607 245607 -2 0
Sendrecv 245616 245631 -2 2
Sendrecv 245637 245637 -2 0
Sendrecv 245646 245665 -2 2
Sendrecv 245670 245671 -2 0
Sendrecv 245679 245696 -2 2
Sendrecv 245701 245702 -2 0
Sendrecv 245710 245727 -2 2
Sendrecv 245732 245733 -2 0
Sendrecv 245742 245758 -2 2
Sendrecv 245763 245764 -2 0
Sendrecv 245773 245789 -2 2
Sendrecv 245794 245794 -2 0
Sendrecv 245803 245822 -2 2
Sendrecv 245827 245828 -2 0
Sendrecv 245837 245853 -2 2
Sendrecv 245858 245859 -2 0
Sendrecv 245867 245884 -2 2
Sendrecv 245889 245890 -2 0
Sendrecv 245901 245915 -2 2
Sendrecv 245920 245921 -2 0
Sendrecv 245929 245946 -2 2
Sendrecv 245951 245952 -2 0
Sendrecv 245961 245977 -2 2
Sendrecv 245982 245983 -2 0
Sendrecv 245991 246008 -2 2
Sendrecv 246013 246014 -2 0
Sendrecv 246022 246038 -2 2
Sendrecv 246044 246044 -2 0
Sendrecv 246053 246069 -2 2
Sendrecv 246075 246075 -2 0
Sendrecv 246084 246103 -2 2
Sendrecv 246108 246109 -2 0
Sendrecv 246117 246135 -2 2
Sendrecv 246140 246141 -2 0
Sendrecv 246150 246165 -2 2
Sendrecv 246171 246171 -2 0
Sendrecv 246180 246198 -2 2
Sendrecv 246203 246204 -2 0
Sendrecv 246212 246229 -2 2
Sendrecv 246235 246235 -2 0
Sendrecv 246248 246269 -2 2
Sendrecv 246274 246275 -2 0
Sendrecv 246284 246300 -2 2
Sendrecv 246305 246306 -2 0
Sendrecv 246314 246331 -2 2
Sendrecv 246338 246339 -2 0
Sendrecv 246348 246362 -2 2
Sendrecv 246367 246368 -2 0
Sendrecv 246376 246393 -2 2
Sendrecv 246398 246399 -2 0
Sendrecv 246407 246424 -2 2
Sendrecv 246430 246430 -2 0
Sendrecv 246439 246455 -2 2
Sendrecv 246461 246461 -2 0
Sendrecv 246470 246488 -2 2
Sendrecv 246493 246494 -2 0
Sendrecv 246503 246520 -2 2
Sendrecv 246526 246526 -2 0
Sendrecv 246535 246552 -2 2
Sendrecv 246558 246558 -2 0
Sendrecv 246567 246583 -2 2
Sendrecv 246588 246589 -2 0
Sendrecv 246598 246614 -2 2
Sendrecv 246620 246620 -2 0
Sendrecv 246629 246645 -2 2
Sendrecv 246650 246651 -2 0
Sendrecv 246660 246676 -2 2
Sendrecv 246681 246682 -2 0
Sendrecv 246691 246710 -2 2
Sendrecv 246715 246716 -2 0
Sendrecv 246724 246740 -2 2
Sendrecv 246746 246746 -2 0
Sendrecv 246757 246771 -2 2
Sendrecv 246776 246777 -2 0
Sendrecv 246786 246803 -2 2
Sendrecv 246809 246809 -2 0
Sendrecv 246818 246834 -2 2
Sendrecv 246840 246840 -2 0
Sendrecv 246849 246867 -2 2
Sendrecv 246872 246872 -2 0
Sendrecv 246881 246897 -2 2
Sendrecv 246902 246902 -2 0
Sendrecv 246911 246927 -2 2
Sendrecv 246933 246933 -2 0
Allgatherv 246949 247818 -2 0 2 3 4 5
Barrier 252209 252432
Barrier 252458 252555
Barrier 331601 342253
Barrier 342275 342288
Finalize 342761 344260
