SYSTEM_START_US: 1775663253175259
Bcast 814253 814255 -1 0
Bcast 814275 814276 -1 0
Bcast 814287 814287 -1 0
Bcast 869660 869663 -1 0
Scatterv 869690 869789 -1 0
Sendrecv 869817 875004 -2 5
Sendrecv 875020 875108 -2 5
Sendrecv 875140 881037 -2 5
Sendrecv 881055 881133 -2 5
Sendrecv 881151 881281 -2 5
Sendrecv 881318 881347 -2 5
Sendrecv 881364 881387 -2 5
Sendrecv 881405 881442 -2 5
Sendrecv 881459 881509 -2 5
Sendrecv 881557 881570 -2 5
Sendrecv 881582 881635 -2 5
Sendrecv 881649 881699 -2 5
Sendrecv 881717 881792 -2 5
Sendrecv 881808 881809 -2 5
Sendrecv 881816 881842 -2 5
Sendrecv 881877 881878 -2 5
Sendrecv 881885 881908 -2 5
Sendrecv 881922 881926 -2 5
Sendrecv 881933 881949 -2 5
Sendrecv 881956 882089 -2 5
Sendrecv 882103 882113 -2 5
Sendrecv 882120 882135 -2 5
Sendrecv 882142 882166 -2 5
Sendrecv 882180 882184 -2 5
Sendrecv 882238 882238 -2 5
Sendrecv 882245 882260 -2 5
Sendrecv 882266 882282 -2 5
Sendrecv 882288 882305 -2 5
Sendrecv 882311 882346 -2 5
Sendrecv 882360 882363 -2 5
Sendrecv 882370 882502 -2 5
Sendrecv 882518 882587 -2 5
Sendrecv 882607 882667 -2 5
Sendrecv 882684 882827 -2 5
Sendrecv 882844 882846 -2 5
Sendrecv 882858 882872 -2 5
Sendrecv 882884 882893 -2 5
Sendrecv 882905 882916 -2 5
Sendrecv 883008 883009 -2 5
Sendrecv 883021 883031 -2 5
Sendrecv 883043 883058 -2 5
Sendrecv 883070 883080 -2 5
Sendrecv 883091 883102 -2 5
Sendrecv 883113 883126 -2 5
Sendrecv 883137 883147 -2 5
Sendrecv 883159 883346 -2 5
Sendrecv 883365 883367 -2 5
Sendrecv 883378 883388 -2 5
Sendrecv 883400 883416 -2 5
Sendrecv 883429 883440 -2 5
Sendrecv 883453 883462 -2 5
Sendrecv 883474 883483 -2 5
Sendrecv 883495 883505 -2 5
Sendrecv 883517 883527 -2 5
Sendrecv 883538 883549 -2 5
Sendrecv 883560 883573 -2 5
Sendrecv 883585 883594 -2 5
Sendrecv 883606 883628 -2 5
Sendrecv 883642 883649 -2 5
Sendrecv 883777 883778 -2 5
Sendrecv 883789 883800 -2 5
Sendrecv 883811 883826 -2 5
Sendrecv 883838 883851 -2 5
Sendrecv 883864 883885 -2 5
Sendrecv 883899 883907 -2 5
Sendrecv 883918 883928 -2 5
Sendrecv 883939 883949 -2 5
Sendrecv 883960 883970 -2 5
Sendrecv 883982 883992 -2 5
Sendrecv 884004 884279 -2 5
Sendrecv 884294 884446 -2 5
Sendrecv 884465 884613 -2 5
Sendrecv 884634 884763 -2 5
Sendrecv 884779 884782 -2 5
Sendrecv 884794 884813 -2 5
Sendrecv 884825 884834 -2 5
Sendrecv 884846 884855 -2 5
Sendrecv 884867 884879 -2 5
Sendrecv 884891 884900 -2 5
Sendrecv 884912 884921 -2 5
Sendrecv 884933 884943 -2 5
Sendrecv 884954 884965 -2 5
Sendrecv 884977 884987 -2 5
Sendrecv 884999 885008 -2 5
Sendrecv 885020 885029 -2 5
Sendrecv 885041 885050 -2 5
Sendrecv 885062 885071 -2 5
Sendrecv 885082 885092 -2 5
Sendrecv 885103 885113 -2 5
Sendrecv 885125 885134 -2 5
Sendrecv 885323 885325 -2 5
Sendrecv 885336 885346 -2 5
Sendrecv 885357 885368 -2 5
Sendrecv 885380 885392 -2 5
Sendrecv 885404 885413 -2 5
Sendrecv 885424 885435 -2 5
Sendrecv 885447 885457 -2 5
Sendrecv 885469 885478 -2 5
Sendrecv 885490 885499 -2 5
Sendrecv 885511 885520 -2 5
Sendrecv 885533 885541 -2 5
Sendrecv 885553 885564 -2 5
Sendrecv 885575 885585 -2 5
Sendrecv 885596 885606 -2 5
Sendrecv 885620 885939 -2 5
Sendrecv 885953 886347 -2 5
Sendrecv 886365 886564 -2 5
Sendrecv 886582 886968 -2 5
Sendrecv 886984 886991 -2 5
Sendrecv 887003 887013 -2 5
Sendrecv 887025 887035 -2 5
Sendrecv 887047 887057 -2 5
Sendrecv 887068 887078 -2 5
Sendrecv 887089 887099 -2 5
Sendrecv 887111 887121 -2 5
Sendrecv 887134 887144 -2 5
Sendrecv 887155 887166 -2 5
Sendrecv 887177 887187 -2 5
Sendrecv 887198 887208 -2 5
Sendrecv 887220 887230 -2 5
Sendrecv 887241 887251 -2 5
Sendrecv 887263 887276 -2 5
Sendrecv 887287 887297 -2 5
Sendrecv 887309 887319 -2 5
Sendrecv 887331 887341 -2 5
Sendrecv 887353 887368 -2 5
Sendrecv 887380 887392 -2 5
Sendrecv 887404 887413 -2 5
Sendrecv 887425 887435 -2 5
Sendrecv 887448 887463 -2 5
Sendrecv 887474 887485 -2 5
Sendrecv 887496 887506 -2 5
Sendrecv 887518 887528 -2 5
Sendrecv 887539 887549 -2 5
Sendrecv 887560 887570 -2 5
Sendrecv 887581 887591 -2 5
Sendrecv 887602 887614 -2 5
Sendrecv 887891 887892 -2 5
Sendrecv 887904 887914 -2 5
Sendrecv 887926 887936 -2 5
Sendrecv 887947 887957 -2 5
Sendrecv 887968 887983 -2 5
Sendrecv 887995 888004 -2 5
Sendrecv 888016 888027 -2 5
Sendrecv 888038 888048 -2 5
Sendrecv 888060 888069 -2 5
Sendrecv 888081 888091 -2 5
Sendrecv 888102 888112 -2 5
Sendrecv 888124 888134 -2 5
Sendrecv 888145 888155 -2 5
Sendrecv 888166 888176 -2 5
Sendrecv 888188 888197 -2 5
Sendrecv 888209 888219 -2 5
Sendrecv 888230 888240 -2 5
Sendrecv 888254 888263 -2 5
Sendrecv 888274 888284 -2 5
Sendrecv 888297 888650 -2 5
Sendrecv 888667 888668 -2 5
Sendrecv 888681 888998 -2 5
Sendrecv 889016 889017 -2 5
Sendrecv 889028 889045 -2 5
Sendrecv 889057 889069 -2 5
Sendrecv 889081 889091 -2 5
Sendrecv 889102 889112 -2 5
Sendrecv 889124 889136 -2 5
Sendrecv 889147 889159 -2 5
Sendrecv 889170 889179 -2 5
Sendrecv 889191 889202 -2 5
Sendrecv 889214 889223 -2 5
Sendrecv 889235 889244 -2 5
Sendrecv 889256 889265 -2 5
Sendrecv 889277 889287 -2 5
Sendrecv 889298 889307 -2 5
Sendrecv 889319 889329 -2 5
Sendrecv 889343 889353 -2 5
Sendrecv 889365 889376 -2 5
Sendrecv 889387 889397 -2 5
Sendrecv 889408 889418 -2 5
Sendrecv 889430 889440 -2 5
Sendrecv 889452 889462 -2 5
Sendrecv 889474 889484 -2 5
Sendrecv 889495 889504 -2 5
Sendrecv 889516 889526 -2 5
Sendrecv 889539 889547 -2 5
Sendrecv 889558 889568 -2 5
Sendrecv 889579 889592 -2 5
Sendrecv 889609 889615 -2 5
Sendrecv 889627 889658 -2 5
Sendrecv 889671 889688 -2 5
Sendrecv 889699 889722 -2 5
Sendrecv 889734 889745 -2 5
Sendrecv 889758 889775 -2 5
Sendrecv 889787 889797 -2 5
Sendrecv 889808 889821 -2 5
Sendrecv 889832 889842 -2 5
Sendrecv 889853 889863 -2 5
Sendrecv 889875 889886 -2 5
Sendrecv 889898 889907 -2 5
Sendrecv 889919 889928 -2 5
Sendrecv 889939 889949 -2 5
Sendrecv 889961 889970 -2 5
Sendrecv 889982 889992 -2 5
Sendrecv 890004 890014 -2 5
Sendrecv 890026 890037 -2 5
Sendrecv 890048 890058 -2 5
Sendrecv 890069 890079 -2 5
Sendrecv 890091 890101 -2 5
Sendrecv 890518 890519 -2 5
Sendrecv 890531 890541 -2 5
Sendrecv 890553 890563 -2 5
Sendrecv 890575 890585 -2 5
Sendrecv 890596 890608 -2 5
Sendrecv 890620 890629 -2 5
Sendrecv 890641 890650 -2 5
Sendrecv 890662 890672 -2 5
Sendrecv 890683 890693 -2 5
Sendrecv 890706 890716 -2 5
Sendrecv 890728 890737 -2 5
Sendrecv 890749 890758 -2 5
Sendrecv 890770 890779 -2 5
Sendrecv 890791 890800 -2 5
Sendrecv 890813 890823 -2 5
Sendrecv 890835 890845 -2 5
Sendrecv 890856 890865 -2 5
Sendrecv 890877 890886 -2 5
Sendrecv 890898 890907 -2 5
Sendrecv 890919 890929 -2 5
Sendrecv 890940 890950 -2 5
Sendrecv 890962 890971 -2 5
Sendrecv 890983 890992 -2 5
Sendrecv 891004 891013 -2 5
Sendrecv 891025 891036 -2 5
Sendrecv 891048 891057 -2 5
Sendrecv 891069 891078 -2 5
Sendrecv 891090 891101 -2 5
Sendrecv 891114 891602 -2 5
Sendrecv 891620 892110 -2 5
Sendrecv 892131 892135 -2 5
Sendrecv 892148 892149 -2 5
Sendrecv 892160 892168 -2 5
Sendrecv 892179 892203 -2 5
Sendrecv 892215 892222 -2 5
Sendrecv 892234 892243 -2 5
Sendrecv 892255 892263 -2 5
Sendrecv 892275 892284 -2 5
Sendrecv 892296 892305 -2 5
Sendrecv 892317 892327 -2 5
Sendrecv 892338 892348 -2 5
Sendrecv 892360 892370 -2 5
Sendrecv 892384 892399 -2 5
Sendrecv 892411 892418 -2 5
Sendrecv 892430 892444 -2 5
Sendrecv 892456 892466 -2 5
Sendrecv 892477 892489 -2 5
Sendrecv 892502 892508 -2 5
Sendrecv 892521 892536 -2 5
Sendrecv 892549 892560 -2 5
Sendrecv 892572 892586 -2 5
Sendrecv 892600 892609 -2 5
Sendrecv 892620 892630 -2 5
Sendrecv 892641 892653 -2 5
Sendrecv 892664 892674 -2 5
Sendrecv 892685 892696 -2 5
Sendrecv 892708 892718 -2 5
Sendrecv 892729 892743 -2 5
Sendrecv 892754 892763 -2 5
Sendrecv 892775 892784 -2 5
Sendrecv 892795 892806 -2 5
Sendrecv 892817 892827 -2 5
Sendrecv 892838 892849 -2 5
Sendrecv 892861 892871 -2 5
Sendrecv 892882 892892 -2 5
Sendrecv 892904 892914 -2 5
Sendrecv 892925 892935 -2 5
Sendrecv 892946 892956 -2 5
Sendrecv 892968 892977 -2 5
Sendrecv 892989 892999 -2 5
Sendrecv 893010 893021 -2 5
Sendrecv 893035 893044 -2 5
Sendrecv 893055 893067 -2 5
Sendrecv 893079 893090 -2 5
Sendrecv 893101 893111 -2 5
Sendrecv 893122 893134 -2 5
Sendrecv 893146 893155 -2 5
Sendrecv 893167 893176 -2 5
Sendrecv 893187 893197 -2 5
Sendrecv 893208 893218 -2 5
Sendrecv 893230 893239 -2 5
Sendrecv 893251 893261 -2 5
Sendrecv 893272 893282 -2 5
Sendrecv 893294 893304 -2 5
Sendrecv 893316 893325 -2 5
Sendrecv 893337 893348 -2 5
Sendrecv 893359 893370 -2 5
Sendrecv 893382 893393 -2 5
Sendrecv 893405 893414 -2 5
Sendrecv 893426 893437 -2 5
Sendrecv 893448 893458 -2 5
Sendrecv 893470 893479 -2 5
Sendrecv 893491 893500 -2 5
Sendrecv 893512 893522 -2 5
Sendrecv 893534 893546 -2 5
Sendrecv 893557 893567 -2 5
Sendrecv 893578 893588 -2 5
Sendrecv 893602 893611 -2 5
Sendrecv 893624 893634 -2 5
Sendrecv 893649 893659 -2 5
Sendrecv 893671 893682 -2 5
Sendrecv 893693 893703 -2 5
Sendrecv 893715 893725 -2 5
Sendrecv 893736 893748 -2 5
Sendrecv 893759 893769 -2 5
Sendrecv 894397 894399 -2 5
Sendrecv 894411 894412 -2 5
Sendrecv 894423 894436 -2 5
Sendrecv 894446 894459 -2 5
Sendrecv 894471 894497 -2 5
Sendrecv 894509 894521 -2 5
Sendrecv 894533 894540 -2 5
Sendrecv 894552 894569 -2 5
Sendrecv 894584 894596 -2 5
Sendrecv 894610 894626 -2 5
Sendrecv 894638 894648 -2 5
Sendrecv 894660 894672 -2 5
Sendrecv 894684 894693 -2 5
Sendrecv 894705 894716 -2 5
Sendrecv 894728 894739 -2 5
Sendrecv 894750 894761 -2 5
Sendrecv 894773 894783 -2 5
Sendrecv 894794 894805 -2 5
Sendrecv 894816 894826 -2 5
Sendrecv 894838 894848 -2 5
Sendrecv 894860 894871 -2 5
Sendrecv 894882 894893 -2 5
Sendrecv 894906 894916 -2 5
Sendrecv 894928 894939 -2 5
Sendrecv 894950 894963 -2 5
Sendrecv 894975 894984 -2 5
Sendrecv 894996 895005 -2 5
Sendrecv 895016 895027 -2 5
Sendrecv 895039 895049 -2 5
Sendrecv 895061 895071 -2 5
Sendrecv 895083 895093 -2 5
Sendrecv 895105 895116 -2 5
Sendrecv 895127 895137 -2 5
Sendrecv 895149 895159 -2 5
Sendrecv 895171 895181 -2 5
Sendrecv 895192 895203 -2 5
Sendrecv 895214 895226 -2 5
Sendrecv 895238 895248 -2 5
Sendrecv 895262 895271 -2 5
Sendrecv 895284 895294 -2 5
Sendrecv 895306 895318 -2 5
Sendrecv 895329 895341 -2 5
Sendrecv 895352 896098 -2 5
Sendrecv 896118 897040 -2 5
Sendrecv 897063 897906 -2 5
Sendrecv 897925 898634 -2 5
Sendrecv 898651 898671 -2 5
Sendrecv 898682 898692 -2 5
Sendrecv 898704 898714 -2 5
Sendrecv 898725 898736 -2 5
Sendrecv 898747 898757 -2 5
Sendrecv 898769 898779 -2 5
Sendrecv 898791 898800 -2 5
Sendrecv 898812 898822 -2 5
Sendrecv 898833 898843 -2 5
Sendrecv 898855 898865 -2 5
Sendrecv 898877 898888 -2 5
Sendrecv 898899 898911 -2 5
Sendrecv 898922 898932 -2 5
Sendrecv 898944 898953 -2 5
Sendrecv 898965 898975 -2 5
Sendrecv 898986 898997 -2 5
Sendrecv 899008 899018 -2 5
Sendrecv 899029 899039 -2 5
Sendrecv 899051 899061 -2 5
Sendrecv 899073 899087 -2 5
Sendrecv 899100 899109 -2 5
Sendrecv 899121 899131 -2 5
Sendrecv 899142 899152 -2 5
Sendrecv 899163 899178 -2 5
Sendrecv 899191 899203 -2 5
Sendrecv 899216 899226 -2 5
Sendrecv 899237 899249 -2 5
Sendrecv 899261 899274 -2 5
Sendrecv 899286 899296 -2 5
Sendrecv 899321 899331 -2 5
Sendrecv 899343 899353 -2 5
Sendrecv 899365 899375 -2 5
Sendrecv 899387 899397 -2 5
Sendrecv 899409 899419 -2 5
Sendrecv 899430 899441 -2 5
Sendrecv 899452 899462 -2 5
Sendrecv 899474 899485 -2 5
Sendrecv 899496 899507 -2 5
Sendrecv 899518 899529 -2 5
Sendrecv 899542 899552 -2 5
Sendrecv 899564 899575 -2 5
Sendrecv 899589 899627 -2 5
Sendrecv 899638 899654 -2 5
Sendrecv 899667 899676 -2 5
Sendrecv 899688 899703 -2 5
Sendrecv 899715 899725 -2 5
Sendrecv 899737 899747 -2 5
Sendrecv 899758 899769 -2 5
Sendrecv 899781 899790 -2 5
Sendrecv 899804 899813 -2 5
Sendrecv 899825 899835 -2 5
Sendrecv 899847 899857 -2 5
Sendrecv 899869 899879 -2 5
Sendrecv 899892 899903 -2 5
Sendrecv 899915 899925 -2 5
Sendrecv 899937 899947 -2 5
Sendrecv 899959 899971 -2 5
Sendrecv 899983 899993 -2 5
Sendrecv 900005 900016 -2 5
Sendrecv 900027 900038 -2 5
Sendrecv 900049 900060 -2 5
Sendrecv 900071 900082 -2 5
Sendrecv 900094 900104 -2 5
Sendrecv 900116 900125 -2 5
Sendrecv 900137 900147 -2 5
Sendrecv 900159 900169 -2 5
Sendrecv 900181 900191 -2 5
Sendrecv 900204 900215 -2 5
Sendrecv 900227 900238 -2 5
Sendrecv 900250 900263 -2 5
Sendrecv 900275 900285 -2 5
Sendrecv 900297 900308 -2 5
Sendrecv 900320 900331 -2 5
Sendrecv 900343 900353 -2 5
Sendrecv 900364 900374 -2 5
Sendrecv 900386 900396 -2 5
Sendrecv 900408 900418 -2 5
Sendrecv 900431 900442 -2 5
Sendrecv 900453 900464 -2 5
Sendrecv 900475 900486 -2 5
Sendrecv 900497 900508 -2 5
Sendrecv 900520 900531 -2 5
Sendrecv 900542 900553 -2 5
Sendrecv 900565 900583 -2 5
Sendrecv 900596 900605 -2 5
Sendrecv 900616 900628 -2 5
Sendrecv 900640 900651 -2 5
Sendrecv 900662 900678 -2 5
Sendrecv 900691 900702 -2 5
Sendrecv 900714 900732 -2 5
Sendrecv 900744 900756 -2 5
Sendrecv 900768 900782 -2 5
Sendrecv 900794 900805 -2 5
Sendrecv 900816 900827 -2 5
Sendrecv 900839 900848 -2 5
Sendrecv 900860 900870 -2 5
Sendrecv 900884 900896 -2 5
Sendrecv 900908 900918 -2 5
Sendrecv 900930 900940 -2 5
Sendrecv 900952 900962 -2 5
Sendrecv 900975 900985 -2 5
Sendrecv 900996 901008 -2 5
Sendrecv 901020 901030 -2 5
Sendrecv 901042 901052 -2 5
Sendrecv 901064 901074 -2 5
Sendrecv 901085 901096 -2 5
Sendrecv 901109 901119 -2 5
Sendrecv 901131 901141 -2 5
Sendrecv 901152 901163 -2 5
Sendrecv 901174 901185 -2 5
Sendrecv 901198 901209 -2 5
Sendrecv 901220 901232 -2 5
Sendrecv 902289 902290 -2 5
Sendrecv 902303 902315 -2 5
Sendrecv 902329 902340 -2 5
Sendrecv 902366 902378 -2 5
Sendrecv 902391 902407 -2 5
Sendrecv 902419 902432 -2 5
Sendrecv 902445 902455 -2 5
Sendrecv 902468 902480 -2 5
Sendrecv 902492 902503 -2 5
Sendrecv 902516 902527 -2 5
Sendrecv 902540 902551 -2 5
Sendrecv 902563 902577 -2 5
Sendrecv 902591 902705 -2 5
Sendrecv 902726 902728 -2 5
Sendrecv 902740 902752 -2 5
Sendrecv 902766 902779 -2 5
Sendrecv 902787 902802 -2 5
Sendrecv 902809 902825 -2 5
Sendrecv 902833 902849 -2 5
Sendrecv 902857 902873 -2 5
Sendrecv 902880 902898 -2 5
Sendrecv 902905 902920 -2 5
Sendrecv 902928 902945 -2 5
Sendrecv 902953 902974 -2 5
Sendrecv 902982 902998 -2 5
Sendrecv 903005 903020 -2 5
Sendrecv 903028 903046 -2 5
Sendrecv 903053 903071 -2 5
Sendrecv 903078 903096 -2 5
Sendrecv 903104 903119 -2 5
Sendrecv 903128 903144 -2 5
Sendrecv 903152 903169 -2 5
Sendrecv 903177 903196 -2 5
Sendrecv 903203 903219 -2 5
Sendrecv 903227 903243 -2 5
Sendrecv 903250 903274 -2 5
Sendrecv 903282 903298 -2 5
Sendrecv 903305 903323 -2 5
Sendrecv 903330 903346 -2 5
Sendrecv 903353 903376 -2 5
Sendrecv 903384 903405 -2 5
Sendrecv 903412 903438 -2 5
Sendrecv 903445 903468 -2 5
Sendrecv 903475 903495 -2 5
Sendrecv 903503 903519 -2 5
Sendrecv 903527 903545 -2 5
Sendrecv 903552 903572 -2 5
Sendrecv 903579 903596 -2 5
Sendrecv 903604 903619 -2 5
Sendrecv 903627 903643 -2 5
Sendrecv 903650 903667 -2 5
Sendrecv 903674 903691 -2 5
Sendrecv 903699 903715 -2 5
Sendrecv 903723 903740 -2 5
Sendrecv 903747 903763 -2 5
Sendrecv 903770 903788 -2 5
Sendrecv 903796 903817 -2 5
Sendrecv 903824 903840 -2 5
Sendrecv 903847 903862 -2 5
Sendrecv 903872 903887 -2 5
Sendrecv 903895 903912 -2 5
Sendrecv 903920 905150 -2 5
Sendrecv 905165 906137 -2 5
Sendrecv 906152 906205 -2 5
Sendrecv 906213 906227 -2 5
Sendrecv 906235 906326 -2 5
Sendrecv 906341 906346 -2 5
Sendrecv 906353 906369 -2 5
Sendrecv 906376 906391 -2 5
Sendrecv 906399 906415 -2 5
Sendrecv 906423 906438 -2 5
Sendrecv 906446 906461 -2 5
Sendrecv 906468 906486 -2 5
Sendrecv 906493 906509 -2 5
Sendrecv 906516 906531 -2 5
Sendrecv 906538 906556 -2 5
Sendrecv 906565 906581 -2 5
Sendrecv 906588 906603 -2 5
Sendrecv 906611 906629 -2 5
Sendrecv 906637 906653 -2 5
Sendrecv 906661 906676 -2 5
Sendrecv 906684 906700 -2 5
Sendrecv 906707 906723 -2 5
Sendrecv 906731 906748 -2 5
Sendrecv 906755 906772 -2 5
Sendrecv 906779 906794 -2 5
Sendrecv 906801 906817 -2 5
Sendrecv 906826 906841 -2 5
Sendrecv 906848 906864 -2 5
Sendrecv 906872 906888 -2 5
Sendrecv 906896 906910 -2 5
Sendrecv 906918 906933 -2 5
Sendrecv 906941 906958 -2 5
Sendrecv 906966 906983 -2 5
Sendrecv 906990 907009 -2 5
Sendrecv 907016 907031 -2 5
Sendrecv 907038 907053 -2 5
Sendrecv 907060 907078 -2 5
Sendrecv 907086 907100 -2 5
Sendrecv 907108 907124 -2 5
Sendrecv 907132 907147 -2 5
Sendrecv 907154 907171 -2 5
Sendrecv 907178 907194 -2 5
Sendrecv 907202 907217 -2 5
Sendrecv 907224 907240 -2 5
Sendrecv 907248 907263 -2 5
Sendrecv 907270 907287 -2 5
Sendrecv 907295 907311 -2 5
Sendrecv 907318 907352 -2 5
Sendrecv 907359 907374 -2 5
Sendrecv 907382 907399 -2 5
Sendrecv 907407 907423 -2 5
Sendrecv 907430 907447 -2 5
Sendrecv 907455 907471 -2 5
Sendrecv 907479 907496 -2 5
Sendrecv 907503 907521 -2 5
Sendrecv 907530 907544 -2 5
Sendrecv 907552 907570 -2 5
Sendrecv 907577 907594 -2 5
Sendrecv 907602 907617 -2 5
Sendrecv 907625 907642 -2 5
Sendrecv 907650 907668 -2 5
Sendrecv 907675 907693 -2 5
Sendrecv 907701 907717 -2 5
Sendrecv 907725 907741 -2 5
Sendrecv 907749 907765 -2 5
Sendrecv 907773 907790 -2 5
Sendrecv 907798 907814 -2 5
Sendrecv 907822 907838 -2 5
Sendrecv 907845 907864 -2 5
Sendrecv 907871 907886 -2 5
Sendrecv 907894 907909 -2 5
Sendrecv 907917 907933 -2 5
Sendrecv 907940 907957 -2 5
Sendrecv 907964 907981 -2 5
Sendrecv 907989 908006 -2 5
Sendrecv 908014 908031 -2 5
Sendrecv 908038 908056 -2 5
Sendrecv 908063 908079 -2 5
Sendrecv 908086 908103 -2 5
Sendrecv 908111 908128 -2 5
Sendrecv 908136 908153 -2 5
Sendrecv 908160 908177 -2 5
Sendrecv 908184 908200 -2 5
Sendrecv 908209 908222 -2 5
Sendrecv 908230 908247 -2 5
Sendrecv 908255 908270 -2 5
Sendrecv 908278 908295 -2 5
Sendrecv 908303 908318 -2 5
Sendrecv 908326 908344 -2 5
Sendrecv 908352 908369 -2 5
Sendrecv 908377 908394 -2 5
Sendrecv 908402 908418 -2 5
Sendrecv 908425 908441 -2 5
Sendrecv 908449 908468 -2 5
Sendrecv 908475 908491 -2 5
Sendrecv 908499 908516 -2 5
Sendrecv 908523 908538 -2 5
Sendrecv 908546 908565 -2 5
Sendrecv 908572 908589 -2 5
Sendrecv 908596 908613 -2 5
Sendrecv 908620 908637 -2 5
Sendrecv 908645 908661 -2 5
Sendrecv 908668 908685 -2 5
Sendrecv 908693 908710 -2 5
Sendrecv 908718 908738 -2 5
Sendrecv 908745 908760 -2 5
Sendrecv 908768 908785 -2 5
Sendrecv 908793 908810 -2 5
Sendrecv 908817 908835 -2 5
Sendrecv 908842 908857 -2 5
Sendrecv 908865 908881 -2 5
Sendrecv 908888 908904 -2 5
Sendrecv 908914 908929 -2 5
Sendrecv 908936 908953 -2 5
Sendrecv 908960 908977 -2 5
Sendrecv 908985 909000 -2 5
Sendrecv 909008 909025 -2 5
Sendrecv 909032 909050 -2 5
Sendrecv 909057 909076 -2 5
Sendrecv 909084 909100 -2 5
Sendrecv 909107 909124 -2 5
Sendrecv 909132 909148 -2 5
Sendrecv 909155 909173 -2 5
Sendrecv 909180 909197 -2 5
Sendrecv 909204 909221 -2 5
Sendrecv 909228 909246 -2 5
Sendrecv 909253 909268 -2 5
Sendrecv 909276 909292 -2 5
Sendrecv 909299 909316 -2 5
Sendrecv 909324 909340 -2 5
Sendrecv 909362 909378 -2 5
Sendrecv 909385 909404 -2 5
Sendrecv 909412 909430 -2 5
Sendrecv 909438 909455 -2 5
Sendrecv 909463 909482 -2 5
Sendrecv 909490 909507 -2 5
Sendrecv 909514 909531 -2 5
Sendrecv 909539 909566 -2 5
Sendrecv 909586 909597 -2 5
Sendrecv 909612 909632 -2 5
Sendrecv 909648 909660 -2 5
Sendrecv 909674 909684 -2 5
Sendrecv 909698 909708 -2 5
Sendrecv 909722 909732 -2 5
Sendrecv 909746 909758 -2 5
Sendrecv 909771 909784 -2 5
Sendrecv 909800 909808 -2 5
Sendrecv 909821 909836 -2 5
Sendrecv 909849 909860 -2 5
Sendrecv 909873 909886 -2 5
Sendrecv 909900 909912 -2 5
Sendrecv 909926 909936 -2 5
Sendrecv 909950 909960 -2 5
Sendrecv 909973 909984 -2 5
Sendrecv 909997 910007 -2 5
Sendrecv 910021 910032 -2 5
Sendrecv 910046 910056 -2 5
Sendrecv 910070 910081 -2 5
Sendrecv 910094 910105 -2 5
Sendrecv 910118 910132 -2 5
Sendrecv 910146 910155 -2 5
Sendrecv 910168 910186 -2 5
Sendrecv 910200 910210 -2 5
Sendrecv 910223 910233 -2 5
Sendrecv 910247 910260 -2 5
Sendrecv 910274 910284 -2 5
Sendrecv 910298 910308 -2 5
Sendrecv 910321 910332 -2 5
Sendrecv 910345 910355 -2 5
Sendrecv 910371 910381 -2 5
Sendrecv 910395 910408 -2 5
Sendrecv 910421 910432 -2 5
Sendrecv 910446 910456 -2 5
Sendrecv 910470 910482 -2 5
Sendrecv 910496 910505 -2 5
Sendrecv 910518 910532 -2 5
Sendrecv 912170 912172 -2 5
Sendrecv 912186 912197 -2 5
Sendrecv 912210 912227 -2 5
Sendrecv 912241 912253 -2 5
Sendrecv 912266 912292 -2 5
Sendrecv 912307 912317 -2 5
Sendrecv 912330 912343 -2 5
Sendrecv 912356 912368 -2 5
Sendrecv 912381 912392 -2 5
Sendrecv 912405 912417 -2 5
Sendrecv 912430 912442 -2 5
Sendrecv 912455 912466 -2 5
Sendrecv 912480 912492 -2 5
Sendrecv 912507 912520 -2 5
Sendrecv 912533 912549 -2 5
Sendrecv 912562 912580 -2 5
Sendrecv 912594 912602 -2 5
Sendrecv 912615 912679 -2 5
Sendrecv 912693 912724 -2 5
Sendrecv 912737 912750 -2 5
Sendrecv 912763 912774 -2 5
Sendrecv 912787 912799 -2 5
Sendrecv 912812 912823 -2 5
Sendrecv 912836 912857 -2 5
Sendrecv 912871 912896 -2 5
Sendrecv 912909 912923 -2 5
Sendrecv 912939 912954 -2 5
Sendrecv 912969 912983 -2 5
Sendrecv 912998 913013 -2 5
Sendrecv 913028 913044 -2 5
Sendrecv 913058 913067 -2 5
Sendrecv 913081 913104 -2 5
Sendrecv 913118 913146 -2 5
Sendrecv 913159 913171 -2 5
Sendrecv 913186 913197 -2 5
Sendrecv 913210 913221 -2 5
Sendrecv 913234 913245 -2 5
Sendrecv 913258 913269 -2 5
Sendrecv 913282 913293 -2 5
Sendrecv 913306 913317 -2 5
Sendrecv 913331 913342 -2 5
Sendrecv 913357 913368 -2 5
Sendrecv 913381 913393 -2 5
Allgatherv 913438 914147 -2 0 1 2 3 4 5
Barrier 916094 917685
Barrier 917704 917736
Barrier 976477 978332
Barrier 978347 978349
Finalize 1002316 1004234
