SYSTEM_START_US: 1775663253170039
Bcast 811940 811943 -1 0
Bcast 811967 811969 -1 0
Bcast 811985 811987 -1 0
Bcast 864188 864196 -1 0
Scatterv 864228 864236 -1 0
Sendrecv 864267 880323 -2 5
Sendrecv 880340 886193 -2 3
Sendrecv 886220 886223 -2 5
Sendrecv 886230 886306 -2 3
Sendrecv 886322 886325 -2 5
Sendrecv 886343 886453 -2 3
Sendrecv 886467 886473 -2 5
Sendrecv 886487 886524 -2 3
Sendrecv 886538 886539 -2 5
Sendrecv 886560 886578 -2 3
Sendrecv 886585 886586 -2 5
Sendrecv 886590 886632 -2 3
Sendrecv 886639 886639 -2 5
Sendrecv 886644 886691 -2 3
Sendrecv 886708 886712 -2 5
Sendrecv 886759 886761 -2 3
Sendrecv 886775 886776 -2 5
Sendrecv 886784 886821 -2 3
Sendrecv 886833 886834 -2 5
Sendrecv 886839 886889 -2 3
Sendrecv 886896 886897 -2 5
Sendrecv 886902 886928 -2 3
Sendrecv 886943 886945 -2 5
Sendrecv 886953 886965 -2 3
Sendrecv 887006 887017 -2 5
Sendrecv 887023 887035 -2 3
Sendrecv 887042 887043 -2 5
Sendrecv 887047 887058 -2 3
Sendrecv 887073 887075 -2 5
Sendrecv 887083 887088 -2 3
Sendrecv 887101 887108 -2 5
Sendrecv 887117 887117 -2 3
Sendrecv 887128 887135 -2 5
Sendrecv 887145 887146 -2 3
Sendrecv 887157 887158 -2 5
Sendrecv 887165 887205 -2 3
Sendrecv 887217 887219 -2 5
Sendrecv 887227 887228 -2 3
Sendrecv 887320 887322 -2 5
Sendrecv 887328 887328 -2 3
Sendrecv 887336 887343 -2 5
Sendrecv 887354 887355 -2 3
Sendrecv 887368 887369 -2 5
Sendrecv 887377 887378 -2 3
Sendrecv 887389 887392 -2 5
Sendrecv 887400 887401 -2 3
Sendrecv 887412 887414 -2 5
Sendrecv 887422 887423 -2 3
Sendrecv 887434 887469 -2 5
Sendrecv 887477 887478 -2 3
Sendrecv 887489 887490 -2 5
Sendrecv 887498 887501 -2 3
Sendrecv 887512 887513 -2 5
Sendrecv 887521 887535 -2 3
Sendrecv 887547 887548 -2 5
Sendrecv 887556 887557 -2 3
Sendrecv 887568 887572 -2 5
Sendrecv 887581 887582 -2 3
Sendrecv 887593 887709 -2 5
Sendrecv 887775 887778 -2 3
Sendrecv 887785 887786 -2 5
Sendrecv 887790 887860 -2 3
Sendrecv 887867 887867 -2 5
Sendrecv 887871 888009 -2 3
Sendrecv 888015 888017 -2 5
Sendrecv 888022 888031 -2 3
Sendrecv 888037 888052 -2 5
Sendrecv 888063 888065 -2 3
Sendrecv 888078 888079 -2 5
Sendrecv 888087 888088 -2 3
Sendrecv 888099 888101 -2 5
Sendrecv 888111 888112 -2 3
Sendrecv 888123 888124 -2 5
Sendrecv 888133 888134 -2 3
Sendrecv 888145 888147 -2 5
Sendrecv 888154 888155 -2 3
Sendrecv 888165 888240 -2 5
Sendrecv 888249 888252 -2 3
Sendrecv 888264 888265 -2 5
Sendrecv 888273 888276 -2 3
Sendrecv 888287 888288 -2 5
Sendrecv 888296 888298 -2 3
Sendrecv 888309 888310 -2 5
Sendrecv 888318 888320 -2 3
Sendrecv 888332 888333 -2 5
Sendrecv 888341 888343 -2 3
Sendrecv 888353 888355 -2 5
Sendrecv 888363 888366 -2 3
Sendrecv 888377 888378 -2 5
Sendrecv 888387 888388 -2 3
Sendrecv 888504 888571 -2 5
Sendrecv 888577 888578 -2 3
Sendrecv 888584 888597 -2 5
Sendrecv 888610 888611 -2 3
Sendrecv 888623 888624 -2 5
Sendrecv 888633 888634 -2 3
Sendrecv 888646 888647 -2 5
Sendrecv 888655 888656 -2 3
Sendrecv 888668 888670 -2 5
Sendrecv 888678 888679 -2 3
Sendrecv 888691 888692 -2 5
Sendrecv 888700 888701 -2 3
Sendrecv 888712 888713 -2 5
Sendrecv 888721 888722 -2 3
Sendrecv 888733 888735 -2 5
Sendrecv 888743 888744 -2 3
Sendrecv 888756 888757 -2 5
Sendrecv 888766 888767 -2 3
Sendrecv 888779 888779 -2 5
Sendrecv 888788 888789 -2 3
Sendrecv 888801 888802 -2 5
Sendrecv 888810 888811 -2 3
Sendrecv 888823 888831 -2 5
Sendrecv 888842 888843 -2 3
Sendrecv 888854 888858 -2 5
Sendrecv 888865 888866 -2 3
Sendrecv 888876 888878 -2 5
Sendrecv 888886 888887 -2 3
Sendrecv 888898 889009 -2 5
Sendrecv 889017 889018 -2 3
Sendrecv 889029 889030 -2 5
Sendrecv 889037 889038 -2 3
Sendrecv 889049 889062 -2 5
Sendrecv 889071 889074 -2 3
Sendrecv 889086 889087 -2 5
Sendrecv 889096 889096 -2 3
Sendrecv 889107 889114 -2 5
Sendrecv 889122 889123 -2 3
Sendrecv 889134 889136 -2 5
Sendrecv 889143 889144 -2 3
Sendrecv 889156 889157 -2 5
Sendrecv 889164 889166 -2 3
Sendrecv 889178 889179 -2 5
Sendrecv 889186 889187 -2 3
Sendrecv 889199 889200 -2 5
Sendrecv 889209 889210 -2 3
Sendrecv 889221 889485 -2 5
Sendrecv 889632 889635 -2 3
Sendrecv 889643 889644 -2 5
Sendrecv 889649 889792 -2 3
Sendrecv 889805 889808 -2 5
Sendrecv 889813 889943 -2 3
Sendrecv 889958 889960 -2 5
Sendrecv 889968 889977 -2 3
Sendrecv 889989 889990 -2 5
Sendrecv 889998 890008 -2 3
Sendrecv 890020 890021 -2 5
Sendrecv 890028 890030 -2 3
Sendrecv 890041 890042 -2 5
Sendrecv 890050 890051 -2 3
Sendrecv 890062 890063 -2 5
Sendrecv 890072 890073 -2 3
Sendrecv 890085 890086 -2 5
Sendrecv 890094 890096 -2 3
Sendrecv 890107 890108 -2 5
Sendrecv 890116 890117 -2 3
Sendrecv 890129 890130 -2 5
Sendrecv 890137 890139 -2 3
Sendrecv 890150 890151 -2 5
Sendrecv 890159 890160 -2 3
Sendrecv 890172 890173 -2 5
Sendrecv 890181 890182 -2 3
Sendrecv 890194 890196 -2 5
Sendrecv 890203 890204 -2 3
Sendrecv 890215 890216 -2 5
Sendrecv 890224 890225 -2 3
Sendrecv 890237 890238 -2 5
Sendrecv 890245 890246 -2 3
Sendrecv 890258 890258 -2 5
Sendrecv 890266 890267 -2 3
Sendrecv 890279 890279 -2 5
Sendrecv 890287 890288 -2 3
Sendrecv 890300 890300 -2 5
Sendrecv 890308 890309 -2 3
Sendrecv 890321 890322 -2 5
Sendrecv 890329 890330 -2 3
Sendrecv 890342 890342 -2 5
Sendrecv 890350 890351 -2 3
Sendrecv 890362 890363 -2 5
Sendrecv 890371 890372 -2 3
Sendrecv 890385 890555 -2 5
Sendrecv 890564 890565 -2 3
Sendrecv 890576 890577 -2 5
Sendrecv 890584 890588 -2 3
Sendrecv 890600 890601 -2 5
Sendrecv 890608 890609 -2 3
Sendrecv 890621 890621 -2 5
Sendrecv 890629 890630 -2 3
Sendrecv 890643 890644 -2 5
Sendrecv 890652 890653 -2 3
Sendrecv 890664 890665 -2 5
Sendrecv 890673 890674 -2 3
Sendrecv 890685 890687 -2 5
Sendrecv 890695 890696 -2 3
Sendrecv 890707 890708 -2 5
Sendrecv 890716 890717 -2 3
Sendrecv 890728 890729 -2 5
Sendrecv 890737 890738 -2 3
Sendrecv 890749 890750 -2 5
Sendrecv 890758 890760 -2 3
Sendrecv 890771 890772 -2 5
Sendrecv 890780 890781 -2 3
Sendrecv 890792 890793 -2 5
Sendrecv 890801 890802 -2 3
Sendrecv 890813 890814 -2 5
Sendrecv 890822 890823 -2 3
Sendrecv 890837 891148 -2 5
Sendrecv 891526 891530 -2 3
Sendrecv 891538 891541 -2 5
Sendrecv 891546 891757 -2 3
Sendrecv 891769 891770 -2 5
Sendrecv 891775 892150 -2 3
Sendrecv 892165 892166 -2 5
Sendrecv 892171 892179 -2 3
Sendrecv 892185 892198 -2 5
Sendrecv 892202 892205 -2 3
Sendrecv 892212 892221 -2 5
Sendrecv 892225 892227 -2 3
Sendrecv 892234 892243 -2 5
Sendrecv 892247 892250 -2 3
Sendrecv 892256 892264 -2 5
Sendrecv 892268 892271 -2 3
Sendrecv 892278 892285 -2 5
Sendrecv 892290 892292 -2 3
Sendrecv 892299 892307 -2 5
Sendrecv 892311 892314 -2 3
Sendrecv 892322 892328 -2 5
Sendrecv 892333 892335 -2 3
Sendrecv 892341 892350 -2 5
Sendrecv 892354 892357 -2 3
Sendrecv 892364 892373 -2 5
Sendrecv 892377 892378 -2 3
Sendrecv 892385 892394 -2 5
Sendrecv 892399 892400 -2 3
Sendrecv 892406 892416 -2 5
Sendrecv 892420 892421 -2 3
Sendrecv 892427 892437 -2 5
Sendrecv 892441 892442 -2 3
Sendrecv 892448 892458 -2 5
Sendrecv 892463 892463 -2 3
Sendrecv 892469 892480 -2 5
Sendrecv 892485 892485 -2 3
Sendrecv 892492 892505 -2 5
Sendrecv 892509 892511 -2 3
Sendrecv 892517 892526 -2 5
Sendrecv 892530 892533 -2 3
Sendrecv 892539 892549 -2 5
Sendrecv 892553 892556 -2 3
Sendrecv 892562 892570 -2 5
Sendrecv 892574 892577 -2 3
Sendrecv 892583 892601 -2 5
Sendrecv 892605 892609 -2 3
Sendrecv 892615 892621 -2 5
Sendrecv 892625 892634 -2 3
Sendrecv 892641 892642 -2 5
Sendrecv 892648 892662 -2 3
Sendrecv 892668 892669 -2 5
Sendrecv 892673 892685 -2 3
Sendrecv 892691 892692 -2 5
Sendrecv 892696 892706 -2 3
Sendrecv 892712 892714 -2 5
Sendrecv 892718 892727 -2 3
Sendrecv 892734 892735 -2 5
Sendrecv 892739 892749 -2 3
Sendrecv 892755 892756 -2 5
Sendrecv 892760 892770 -2 3
Sendrecv 892776 892777 -2 5
Sendrecv 892782 892791 -2 3
Sendrecv 892797 892799 -2 5
Sendrecv 892803 892812 -2 3
Sendrecv 892818 892820 -2 5
Sendrecv 892824 892835 -2 3
Sendrecv 892842 892843 -2 5
Sendrecv 892848 892858 -2 3
Sendrecv 892865 893122 -2 5
Sendrecv 893126 893127 -2 3
Sendrecv 893133 893143 -2 5
Sendrecv 893147 893149 -2 3
Sendrecv 893155 893165 -2 5
Sendrecv 893169 893183 -2 3
Sendrecv 893189 893190 -2 5
Sendrecv 893194 893203 -2 3
Sendrecv 893210 893212 -2 5
Sendrecv 893217 893224 -2 3
Sendrecv 893230 893233 -2 5
Sendrecv 893237 893245 -2 3
Sendrecv 893251 893256 -2 5
Sendrecv 893260 893266 -2 3
Sendrecv 893272 893277 -2 5
Sendrecv 893281 893287 -2 3
Sendrecv 893294 893299 -2 5
Sendrecv 893303 893308 -2 3
Sendrecv 893315 893320 -2 5
Sendrecv 893324 893330 -2 3
Sendrecv 893336 893341 -2 5
Sendrecv 893345 893351 -2 3
Sendrecv 893357 893363 -2 5
Sendrecv 893367 893372 -2 3
Sendrecv 893378 893384 -2 5
Sendrecv 893388 893393 -2 3
Sendrecv 893399 893405 -2 5
Sendrecv 893409 893414 -2 3
Sendrecv 893420 893426 -2 5
Sendrecv 893431 893438 -2 3
Sendrecv 893444 893448 -2 5
Sendrecv 893452 893459 -2 3
Sendrecv 893465 893469 -2 5
Sendrecv 893474 893479 -2 3
Sendrecv 893486 893492 -2 5
Sendrecv 893496 893501 -2 3
Sendrecv 893508 893513 -2 5
Sendrecv 893519 893522 -2 3
Sendrecv 893803 893872 -2 5
Sendrecv 893877 894192 -2 3
Sendrecv 894198 894198 -2 5
Sendrecv 894203 894213 -2 3
Sendrecv 894220 894220 -2 5
Sendrecv 894224 894237 -2 3
Sendrecv 894243 894252 -2 5
Sendrecv 894256 894270 -2 3
Sendrecv 894277 894277 -2 5
Sendrecv 894281 894292 -2 3
Sendrecv 894299 894299 -2 5
Sendrecv 894303 894313 -2 3
Sendrecv 894320 894321 -2 5
Sendrecv 894325 894335 -2 3
Sendrecv 894343 894344 -2 5
Sendrecv 894348 894357 -2 3
Sendrecv 894364 894365 -2 5
Sendrecv 894369 894379 -2 3
Sendrecv 894386 894388 -2 5
Sendrecv 894392 894401 -2 3
Sendrecv 894408 894409 -2 5
Sendrecv 894413 894422 -2 3
Sendrecv 894429 894431 -2 5
Sendrecv 894435 894442 -2 3
Sendrecv 894449 894452 -2 5
Sendrecv 894456 894464 -2 3
Sendrecv 894470 894473 -2 5
Sendrecv 894477 894485 -2 3
Sendrecv 894492 894495 -2 5
Sendrecv 894499 894506 -2 3
Sendrecv 894513 894516 -2 5
Sendrecv 894520 894531 -2 3
Sendrecv 894537 894538 -2 5
Sendrecv 894542 894554 -2 3
Sendrecv 894560 894561 -2 5
Sendrecv 894565 894577 -2 3
Sendrecv 894583 894584 -2 5
Sendrecv 894588 894597 -2 3
Sendrecv 894604 894605 -2 5
Sendrecv 894609 894619 -2 3
Sendrecv 894626 894626 -2 5
Sendrecv 894631 894640 -2 3
Sendrecv 894646 894648 -2 5
Sendrecv 894654 894661 -2 3
Sendrecv 894668 894669 -2 5
Sendrecv 894673 894683 -2 3
Sendrecv 894689 894692 -2 5
Sendrecv 894696 894703 -2 3
Sendrecv 894710 894713 -2 5
Sendrecv 894717 894725 -2 3
Sendrecv 894731 894734 -2 5
Sendrecv 894738 894745 -2 3
Sendrecv 894752 894755 -2 5
Sendrecv 894759 894767 -2 3
Sendrecv 894773 894776 -2 5
Sendrecv 894780 894790 -2 3
Sendrecv 894796 894798 -2 5
Sendrecv 894803 894810 -2 3
Sendrecv 894817 894822 -2 5
Sendrecv 894828 894839 -2 3
Sendrecv 894862 894866 -2 5
Sendrecv 894881 894882 -2 3
Sendrecv 894895 894896 -2 5
Sendrecv 894904 894912 -2 3
Sendrecv 894924 894925 -2 5
Sendrecv 894933 894934 -2 3
Sendrecv 894945 894955 -2 5
Sendrecv 894964 894969 -2 3
Sendrecv 894982 894983 -2 5
Sendrecv 894992 894993 -2 3
Sendrecv 895004 895005 -2 5
Sendrecv 895014 895015 -2 3
Sendrecv 895027 895028 -2 5
Sendrecv 895036 895037 -2 3
Sendrecv 895049 895050 -2 5
Sendrecv 895058 895059 -2 3
Sendrecv 895071 895071 -2 5
Sendrecv 895079 895080 -2 3
Sendrecv 895092 895093 -2 5
Sendrecv 895101 895102 -2 3
Sendrecv 895114 895115 -2 5
Sendrecv 895122 895123 -2 3
Sendrecv 895135 895136 -2 5
Sendrecv 895144 895145 -2 3
Sendrecv 895156 895157 -2 5
Sendrecv 895165 895166 -2 3
Sendrecv 895178 895179 -2 5
Sendrecv 895187 895188 -2 3
Sendrecv 895199 895200 -2 5
Sendrecv 895208 895209 -2 3
Sendrecv 895222 895223 -2 5
Sendrecv 895231 895232 -2 3
Sendrecv 895244 895245 -2 5
Sendrecv 895253 895254 -2 3
Sendrecv 895265 895266 -2 5
Sendrecv 895274 895275 -2 3
Sendrecv 895287 895288 -2 5
Sendrecv 895295 895296 -2 3
Sendrecv 895308 895309 -2 5
Sendrecv 895317 895318 -2 3
Sendrecv 895331 895332 -2 5
Sendrecv 895340 895340 -2 3
Sendrecv 895352 895750 -2 5
Sendrecv 895759 895760 -2 3
Sendrecv 895771 895772 -2 5
Sendrecv 895780 895781 -2 3
Sendrecv 895792 895793 -2 5
Sendrecv 895801 895802 -2 3
Sendrecv 895813 895814 -2 5
Sendrecv 895824 895825 -2 3
Sendrecv 895837 895838 -2 5
Sendrecv 895846 895847 -2 3
Sendrecv 895858 895859 -2 5
Sendrecv 895867 895868 -2 3
Sendrecv 895879 895880 -2 5
Sendrecv 895888 895889 -2 3
Sendrecv 895900 895901 -2 5
Sendrecv 895909 895910 -2 3
Sendrecv 895921 895923 -2 5
Sendrecv 895932 895933 -2 3
Sendrecv 895944 895945 -2 5
Sendrecv 895953 895954 -2 3
Sendrecv 895965 895966 -2 5
Sendrecv 895974 895975 -2 3
Sendrecv 895986 895987 -2 5
Sendrecv 895995 895996 -2 3
Sendrecv 896007 896008 -2 5
Sendrecv 896016 896017 -2 3
Sendrecv 896030 896031 -2 5
Sendrecv 896039 896040 -2 3
Sendrecv 896052 896053 -2 5
Sendrecv 896061 896062 -2 3
Sendrecv 896073 896074 -2 5
Sendrecv 896082 896083 -2 3
Sendrecv 896094 896095 -2 5
Sendrecv 896103 896104 -2 3
Sendrecv 896115 896116 -2 5
Sendrecv 896124 896125 -2 3
Sendrecv 896136 896137 -2 5
Sendrecv 896145 896146 -2 3
Sendrecv 896157 896158 -2 5
Sendrecv 896166 896167 -2 3
Sendrecv 896178 896179 -2 5
Sendrecv 896187 896188 -2 3
Sendrecv 896200 896201 -2 5
Sendrecv 896209 896210 -2 3
Sendrecv 896221 896222 -2 5
Sendrecv 896231 896232 -2 3
Sendrecv 896243 896245 -2 5
Sendrecv 896252 896253 -2 3
Sendrecv 896265 896266 -2 5
Sendrecv 896274 896275 -2 3
Sendrecv 896286 896287 -2 5
Sendrecv 896295 896296 -2 3
Sendrecv 896307 896308 -2 5
Sendrecv 896316 896317 -2 3
Sendrecv 896329 896330 -2 5
Sendrecv 896338 896339 -2 3
Sendrecv 897302 897307 -2 5
Sendrecv 897315 897316 -2 3
Sendrecv 897327 897333 -2 5
Sendrecv 897343 897344 -2 3
Sendrecv 897355 897359 -2 5
Sendrecv 897368 897368 -2 3
Sendrecv 897379 897380 -2 5
Sendrecv 897389 897402 -2 3
Sendrecv 897413 897414 -2 5
Sendrecv 897422 897423 -2 3
Sendrecv 897434 897435 -2 5
Sendrecv 897443 897444 -2 3
Sendrecv 897455 897456 -2 5
Sendrecv 897463 897465 -2 3
Sendrecv 897475 897477 -2 5
Sendrecv 897484 897486 -2 3
Sendrecv 897496 897497 -2 5
Sendrecv 897505 897507 -2 3
Sendrecv 897518 897519 -2 5
Sendrecv 897527 897528 -2 3
Sendrecv 897539 897540 -2 5
Sendrecv 897548 897549 -2 3
Sendrecv 897560 897561 -2 5
Sendrecv 897569 897571 -2 3
Sendrecv 897582 897583 -2 5
Sendrecv 897591 897593 -2 3
Sendrecv 897606 897610 -2 5
Sendrecv 897618 897619 -2 3
Sendrecv 897631 897631 -2 5
Sendrecv 897639 897645 -2 3
Sendrecv 897657 897657 -2 5
Sendrecv 897665 897666 -2 3
Sendrecv 897677 897678 -2 5
Sendrecv 897686 897687 -2 3
Sendrecv 897698 897699 -2 5
Sendrecv 897708 897709 -2 3
Sendrecv 897720 897723 -2 5
Sendrecv 897731 897736 -2 3
Sendrecv 897748 897749 -2 5
Sendrecv 897757 897760 -2 3
Sendrecv 897772 897773 -2 5
Sendrecv 897781 897786 -2 3
Sendrecv 897798 897799 -2 5
Sendrecv 897807 897808 -2 3
Sendrecv 897821 897822 -2 5
Sendrecv 897829 897831 -2 3
Sendrecv 897842 897843 -2 5
Sendrecv 897851 897854 -2 3
Sendrecv 897865 897866 -2 5
Sendrecv 897874 897875 -2 3
Sendrecv 897886 897887 -2 5
Sendrecv 897895 897897 -2 3
Sendrecv 897908 897909 -2 5
Sendrecv 897916 897917 -2 3
Sendrecv 897929 897931 -2 5
Sendrecv 897939 897943 -2 3
Sendrecv 897954 897955 -2 5
Sendrecv 897963 897964 -2 3
Sendrecv 897975 897976 -2 5
Sendrecv 897984 897985 -2 3
Sendrecv 897996 897997 -2 5
Sendrecv 898004 898005 -2 3
Sendrecv 898016 898017 -2 5
Sendrecv 898027 898028 -2 3
Sendrecv 898039 898040 -2 5
Sendrecv 898048 898050 -2 3
Sendrecv 898062 898062 -2 5
Sendrecv 898070 898072 -2 3
Sendrecv 898083 898084 -2 5
Sendrecv 898092 898094 -2 3
Sendrecv 898105 898106 -2 5
Sendrecv 898113 898115 -2 3
Sendrecv 898126 898127 -2 5
Sendrecv 898135 898136 -2 3
Sendrecv 898147 898148 -2 5
Sendrecv 898156 898158 -2 3
Sendrecv 898168 898169 -2 5
Sendrecv 898177 898179 -2 3
Sendrecv 898190 898191 -2 5
Sendrecv 898199 898200 -2 3
Sendrecv 898211 898212 -2 5
Sendrecv 898220 898222 -2 3
Sendrecv 898233 898234 -2 5
Sendrecv 898244 898245 -2 3
Sendrecv 898256 898257 -2 5
Sendrecv 898264 898268 -2 3
Sendrecv 898279 898280 -2 5
Sendrecv 898288 898291 -2 3
Sendrecv 898302 898303 -2 5
Sendrecv 898311 898312 -2 3
Sendrecv 898323 898324 -2 5
Sendrecv 898332 898334 -2 3
Sendrecv 898346 898347 -2 5
Sendrecv 898355 898356 -2 3
Sendrecv 898367 898368 -2 5
Sendrecv 898376 898377 -2 3
Sendrecv 898388 898389 -2 5
Sendrecv 898397 898398 -2 3
Sendrecv 898409 898410 -2 5
Sendrecv 898418 898419 -2 3
Sendrecv 898430 898431 -2 5
Sendrecv 898439 898440 -2 3
Sendrecv 898451 898452 -2 5
Sendrecv 898460 898462 -2 3
Sendrecv 898473 898474 -2 5
Sendrecv 898482 898483 -2 3
Sendrecv 898495 898495 -2 5
Sendrecv 898503 898505 -2 3
Sendrecv 898516 898517 -2 5
Sendrecv 898525 898526 -2 3
Sendrecv 898537 898538 -2 5
Sendrecv 898548 898549 -2 3
Sendrecv 898560 898561 -2 5
Sendrecv 898568 898571 -2 3
Sendrecv 898582 898583 -2 5
Sendrecv 898591 898593 -2 3
Sendrecv 898604 898605 -2 5
Sendrecv 898613 898615 -2 3
Sendrecv 898626 898627 -2 5
Sendrecv 898635 898636 -2 3
Sendrecv 898649 898650 -2 5
Sendrecv 898658 898659 -2 3
Sendrecv 898670 898671 -2 5
Sendrecv 898679 898680 -2 3
Sendrecv 898691 898692 -2 5
Sendrecv 898700 898701 -2 3
Sendrecv 898712 898713 -2 5
Sendrecv 898721 898722 -2 3
Sendrecv 898734 898735 -2 5
Sendrecv 898742 898747 -2 3
Sendrecv 898758 898759 -2 5
Sendrecv 898767 898768 -2 3
Sendrecv 898779 898780 -2 5
Sendrecv 898787 898789 -2 3
Sendrecv 898800 898801 -2 5
Sendrecv 898809 898810 -2 3
Sendrecv 898823 898824 -2 5
Sendrecv 898832 898835 -2 3
Sendrecv 898846 898847 -2 5
Sendrecv 898854 898858 -2 3
Sendrecv 898871 898872 -2 5
Sendrecv 898880 898883 -2 3
Sendrecv 898894 898895 -2 5
Sendrecv 898903 898904 -2 3
Sendrecv 898915 898916 -2 5
Sendrecv 898924 898926 -2 3
Sendrecv 898937 898938 -2 5
Sendrecv 898946 898947 -2 3
Sendrecv 898960 898961 -2 5
Sendrecv 898969 898970 -2 3
Sendrecv 898981 898982 -2 5
Sendrecv 898990 898992 -2 3
Sendrecv 899003 899004 -2 5
Sendrecv 899012 899012 -2 3
Sendrecv 899023 899625 -2 5
Sendrecv 899635 899636 -2 3
Sendrecv 899647 899648 -2 5
Sendrecv 899656 899659 -2 3
Sendrecv 899671 899672 -2 5
Sendrecv 899679 899697 -2 3
Sendrecv 899709 899710 -2 5
Sendrecv 899718 899719 -2 3
Sendrecv 899730 899731 -2 5
Sendrecv 899739 899740 -2 3
Sendrecv 899751 899754 -2 5
Sendrecv 899763 899768 -2 3
Sendrecv 899780 899782 -2 5
Sendrecv 899790 899793 -2 3
Sendrecv 899807 899808 -2 5
Sendrecv 899819 899825 -2 3
Sendrecv 899837 899837 -2 5
Sendrecv 899845 899848 -2 3
Sendrecv 899860 899861 -2 5
Sendrecv 899868 899872 -2 3
Sendrecv 899884 899885 -2 5
Sendrecv 899893 899894 -2 3
Sendrecv 899905 899906 -2 5
Sendrecv 899916 899917 -2 3
Sendrecv 899928 899929 -2 5
Sendrecv 899937 899939 -2 3
Sendrecv 899950 899951 -2 5
Sendrecv 899960 899962 -2 3
Sendrecv 899973 899974 -2 5
Sendrecv 899982 899983 -2 3
Sendrecv 899995 899996 -2 5
Sendrecv 900004 900005 -2 3
Sendrecv 900017 900018 -2 5
Sendrecv 900026 900027 -2 3
Sendrecv 900038 900039 -2 5
Sendrecv 900047 900049 -2 3
Sendrecv 900060 900061 -2 5
Sendrecv 900069 900071 -2 3
Sendrecv 900083 900084 -2 5
Sendrecv 900092 900094 -2 3
Sendrecv 900105 900106 -2 5
Sendrecv 900114 900115 -2 3
Sendrecv 900127 900129 -2 5
Sendrecv 900137 900139 -2 3
Sendrecv 900151 900152 -2 5
Sendrecv 900160 900163 -2 3
Sendrecv 900174 900175 -2 5
Sendrecv 900183 900184 -2 3
Sendrecv 900195 900196 -2 5
Sendrecv 900204 900205 -2 3
Sendrecv 900217 900217 -2 5
Sendrecv 900227 900228 -2 3
Sendrecv 900239 900240 -2 5
Sendrecv 900248 900250 -2 3
Sendrecv 900261 900262 -2 5
Sendrecv 900270 900271 -2 3
Sendrecv 900283 900284 -2 5
Sendrecv 900292 900293 -2 3
Sendrecv 900305 900306 -2 5
Sendrecv 900314 900316 -2 3
Sendrecv 900327 900328 -2 5
Sendrecv 900337 900338 -2 3
Sendrecv 900349 900350 -2 5
Sendrecv 900358 900360 -2 3
Sendrecv 900371 900372 -2 5
Sendrecv 900380 900381 -2 3
Sendrecv 900393 900394 -2 5
Sendrecv 900402 900403 -2 3
Sendrecv 900415 900416 -2 5
Sendrecv 900424 900425 -2 3
Sendrecv 900436 900437 -2 5
Sendrecv 900447 900448 -2 3
Sendrecv 900460 900461 -2 5
Sendrecv 900469 900472 -2 3
Sendrecv 900483 900484 -2 5
Sendrecv 900492 900494 -2 3
Sendrecv 900506 900507 -2 5
Sendrecv 900514 900518 -2 3
Sendrecv 900530 900531 -2 5
Sendrecv 900540 900541 -2 3
Sendrecv 900552 900553 -2 5
Sendrecv 900562 900563 -2 3
Sendrecv 900575 901307 -2 5
Sendrecv 902221 902224 -2 3
Sendrecv 902234 902235 -2 5
Sendrecv 902240 903095 -2 3
Sendrecv 903111 903112 -2 5
Sendrecv 903117 903833 -2 3
Sendrecv 903840 903840 -2 5
Sendrecv 903845 903868 -2 3
Sendrecv 903875 903875 -2 5
Sendrecv 903879 903889 -2 3
Sendrecv 903897 903899 -2 5
Sendrecv 903903 903910 -2 3
Sendrecv 903916 903921 -2 5
Sendrecv 903926 903932 -2 3
Sendrecv 903938 903943 -2 5
Sendrecv 903947 903955 -2 3
Sendrecv 903961 903965 -2 5
Sendrecv 903969 903976 -2 3
Sendrecv 903982 903986 -2 5
Sendrecv 903990 903998 -2 3
Sendrecv 904004 904008 -2 5
Sendrecv 904012 904022 -2 3
Sendrecv 904029 904029 -2 5
Sendrecv 904034 904043 -2 3
Sendrecv 904049 904051 -2 5
Sendrecv 904055 904064 -2 3
Sendrecv 904071 904072 -2 5
Sendrecv 904076 904086 -2 3
Sendrecv 904092 904094 -2 5
Sendrecv 904098 904107 -2 3
Sendrecv 904114 904118 -2 5
Sendrecv 904122 904131 -2 3
Sendrecv 904138 904139 -2 5
Sendrecv 904144 904153 -2 3
Sendrecv 904159 904161 -2 5
Sendrecv 904165 904174 -2 3
Sendrecv 904181 904182 -2 5
Sendrecv 904186 904196 -2 3
Sendrecv 904204 904204 -2 5
Sendrecv 904208 904218 -2 3
Sendrecv 904224 904226 -2 5
Sendrecv 904230 904239 -2 3
Sendrecv 904246 904247 -2 5
Sendrecv 904251 904260 -2 3
Sendrecv 904267 904268 -2 5
Sendrecv 904272 904282 -2 3
Sendrecv 904288 904291 -2 5
Sendrecv 904296 904303 -2 3
Sendrecv 904309 904316 -2 5
Sendrecv 904320 904331 -2 3
Sendrecv 904337 904338 -2 5
Sendrecv 904342 904352 -2 3
Sendrecv 904358 904359 -2 5
Sendrecv 904364 904372 -2 3
Sendrecv 904379 904381 -2 5
Sendrecv 904385 904394 -2 3
Sendrecv 904401 904411 -2 5
Sendrecv 904416 904420 -2 3
Sendrecv 904427 904433 -2 5
Sendrecv 904438 904450 -2 3
Sendrecv 904456 904457 -2 5
Sendrecv 904461 904475 -2 3
Sendrecv 904481 904481 -2 5
Sendrecv 904486 904495 -2 3
Sendrecv 904501 904503 -2 5
Sendrecv 904507 904517 -2 3
Sendrecv 904538 904539 -2 5
Sendrecv 904543 904553 -2 3
Sendrecv 904559 904560 -2 5
Sendrecv 904565 904574 -2 3
Sendrecv 904581 904582 -2 5
Sendrecv 904586 904596 -2 3
Sendrecv 904603 904604 -2 5
Sendrecv 904608 904618 -2 3
Sendrecv 904624 904626 -2 5
Sendrecv 904630 904640 -2 3
Sendrecv 904646 904648 -2 5
Sendrecv 904652 904662 -2 3
Sendrecv 904668 904670 -2 5
Sendrecv 904674 904685 -2 3
Sendrecv 904691 904692 -2 5
Sendrecv 904696 904706 -2 3
Sendrecv 904713 904714 -2 5
Sendrecv 904718 904728 -2 3
Sendrecv 904734 904736 -2 5
Sendrecv 904740 904751 -2 3
Sendrecv 904757 904759 -2 5
Sendrecv 904764 904775 -2 3
Sendrecv 904782 904783 -2 5
Sendrecv 904787 904804 -2 3
Sendrecv 904831 904834 -2 5
Sendrecv 904846 904847 -2 3
Sendrecv 904859 904860 -2 5
Sendrecv 904868 904870 -2 3
Sendrecv 904882 904883 -2 5
Sendrecv 904893 904897 -2 3
Sendrecv 904909 904910 -2 5
Sendrecv 904918 904919 -2 3
Sendrecv 904931 904932 -2 5
Sendrecv 904940 904941 -2 3
Sendrecv 904953 904954 -2 5
Sendrecv 904962 904963 -2 3
Sendrecv 904975 904976 -2 5
Sendrecv 904984 904985 -2 3
Sendrecv 904997 904998 -2 5
Sendrecv 905006 905007 -2 3
Sendrecv 905019 905021 -2 5
Sendrecv 905029 905030 -2 3
Sendrecv 905042 905043 -2 5
Sendrecv 905051 905052 -2 3
Sendrecv 905063 905065 -2 5
Sendrecv 905073 905074 -2 3
Sendrecv 905085 905086 -2 5
Sendrecv 905095 905096 -2 3
Sendrecv 905108 905110 -2 5
Sendrecv 905119 905120 -2 3
Sendrecv 905132 905133 -2 5
Sendrecv 905141 905142 -2 3
Sendrecv 905154 905155 -2 5
Sendrecv 905162 905166 -2 3
Sendrecv 905178 905179 -2 5
Sendrecv 905187 905188 -2 3
Sendrecv 905199 905200 -2 5
Sendrecv 905210 905211 -2 3
Sendrecv 905222 905223 -2 5
Sendrecv 905231 905233 -2 3
Sendrecv 905244 905245 -2 5
Sendrecv 905253 905254 -2 3
Sendrecv 905266 905267 -2 5
Sendrecv 905276 905277 -2 3
Sendrecv 905288 905289 -2 5
Sendrecv 905297 905298 -2 3
Sendrecv 905310 905311 -2 5
Sendrecv 905319 905320 -2 3
Sendrecv 905332 905333 -2 5
Sendrecv 905341 905342 -2 3
Sendrecv 905354 905355 -2 5
Sendrecv 905363 905364 -2 3
Sendrecv 905376 905377 -2 5
Sendrecv 905385 905386 -2 3
Sendrecv 905398 905399 -2 5
Sendrecv 905407 905408 -2 3
Sendrecv 905420 905421 -2 5
Sendrecv 905429 905433 -2 3
Sendrecv 905445 905445 -2 5
Sendrecv 905453 905458 -2 3
Sendrecv 905469 905470 -2 5
Sendrecv 905478 905479 -2 3
Sendrecv 905491 905492 -2 5
Sendrecv 905501 905503 -2 3
Sendrecv 905514 905515 -2 5
Sendrecv 905524 905525 -2 3
Sendrecv 905537 905538 -2 5
Sendrecv 905546 905547 -2 3
Sendrecv 905559 905560 -2 5
Sendrecv 905568 905569 -2 3
Sendrecv 905580 905582 -2 5
Sendrecv 905590 905591 -2 3
Sendrecv 905602 905603 -2 5
Sendrecv 905611 905613 -2 3
Sendrecv 905624 905625 -2 5
Sendrecv 905633 905635 -2 3
Sendrecv 905646 905647 -2 5
Sendrecv 905655 905656 -2 3
Sendrecv 905668 905671 -2 5
Sendrecv 905679 905680 -2 3
Sendrecv 905691 905693 -2 5
Sendrecv 905701 905702 -2 3
Sendrecv 905713 905715 -2 5
Sendrecv 905723 905724 -2 3
Sendrecv 905735 905737 -2 5
Sendrecv 905745 905747 -2 3
Sendrecv 905760 905761 -2 5
Sendrecv 905769 905770 -2 3
Sendrecv 905782 905786 -2 5
Sendrecv 905797 905798 -2 3
Sendrecv 905810 905813 -2 5
Sendrecv 905821 905823 -2 3
Sendrecv 905834 905835 -2 5
Sendrecv 905843 905844 -2 3
Sendrecv 905857 905858 -2 5
Sendrecv 905866 905867 -2 3
Sendrecv 905878 905880 -2 5
Sendrecv 905888 905889 -2 3
Sendrecv 905900 905911 -2 5
Sendrecv 905920 905925 -2 3
Sendrecv 905937 905939 -2 5
Sendrecv 905946 905949 -2 3
Sendrecv 905962 905963 -2 5
Sendrecv 905972 905976 -2 3
Sendrecv 905988 905989 -2 5
Sendrecv 905997 905999 -2 3
Sendrecv 906010 906012 -2 5
Sendrecv 906020 906022 -2 3
Sendrecv 906033 906034 -2 5
Sendrecv 906042 906043 -2 3
Sendrecv 906055 906056 -2 5
Sendrecv 906064 906065 -2 3
Sendrecv 906077 906078 -2 5
Sendrecv 906086 906089 -2 3
Sendrecv 906102 906103 -2 5
Sendrecv 906111 906113 -2 3
Sendrecv 906124 906125 -2 5
Sendrecv 906133 906136 -2 3
Sendrecv 906147 906148 -2 5
Sendrecv 906156 906157 -2 3
Sendrecv 906169 906170 -2 5
Sendrecv 906178 906180 -2 3
Sendrecv 906191 906192 -2 5
Sendrecv 906202 906203 -2 3
Sendrecv 906214 906215 -2 5
Sendrecv 906223 906224 -2 3
Sendrecv 906236 906237 -2 5
Sendrecv 906245 906246 -2 3
Sendrecv 906258 906259 -2 5
Sendrecv 906267 906269 -2 3
Sendrecv 906280 906281 -2 5
Sendrecv 906289 906291 -2 3
Sendrecv 906302 906303 -2 5
Sendrecv 906311 906313 -2 3
Sendrecv 906324 906326 -2 5
Sendrecv 906334 906335 -2 3
Sendrecv 906347 906348 -2 5
Sendrecv 906356 906357 -2 3
Sendrecv 906368 906370 -2 5
Sendrecv 906378 906379 -2 3
Sendrecv 906390 906392 -2 5
Sendrecv 906400 906402 -2 3
Sendrecv 906413 906416 -2 5
Sendrecv 906425 906427 -2 3
Sendrecv 906438 906439 -2 5
Sendrecv 906447 906449 -2 3
Sendrecv 906460 906463 -2 5
Sendrecv 906471 906472 -2 3
Sendrecv 906484 907522 -2 5
Sendrecv 907532 907534 -2 3
Sendrecv 907546 907547 -2 5
Sendrecv 907556 907558 -2 3
Sendrecv 907584 907585 -2 5
Sendrecv 907593 907599 -2 3
Sendrecv 907611 907613 -2 5
Sendrecv 907621 907624 -2 3
Sendrecv 907637 907638 -2 5
Sendrecv 907647 907648 -2 3
Sendrecv 907660 907662 -2 5
Sendrecv 907671 907672 -2 3
Sendrecv 907684 907686 -2 5
Sendrecv 907695 907696 -2 3
Sendrecv 907708 907710 -2 5
Sendrecv 907718 907720 -2 3
Sendrecv 907732 907733 -2 5
Sendrecv 907742 907743 -2 3
Sendrecv 907756 907757 -2 5
Sendrecv 907766 907767 -2 3
Sendrecv 907779 907781 -2 5
Sendrecv 907791 907878 -2 3
Sendrecv 907896 907897 -2 5
Sendrecv 907909 907910 -2 3
Sendrecv 907922 907928 -2 5
Sendrecv 907938 907939 -2 3
Sendrecv 907951 907960 -2 5
Sendrecv 907969 907970 -2 3
Sendrecv 907982 907984 -2 5
Sendrecv 907992 907994 -2 3
Sendrecv 908006 908008 -2 5
Sendrecv 908018 908019 -2 3
Sendrecv 908032 908033 -2 5
Sendrecv 908042 908043 -2 3
Sendrecv 908055 908056 -2 5
Sendrecv 908065 908066 -2 3
Sendrecv 908079 908080 -2 5
Sendrecv 908089 908090 -2 3
Sendrecv 908103 908104 -2 5
Sendrecv 908113 908114 -2 3
Sendrecv 908127 908128 -2 5
Sendrecv 908136 908139 -2 3
Sendrecv 908151 908152 -2 5
Sendrecv 908161 908166 -2 3
Sendrecv 908179 908180 -2 5
Sendrecv 908189 908190 -2 3
Sendrecv 908203 908204 -2 5
Sendrecv 908213 908214 -2 3
Sendrecv 908226 908228 -2 5
Sendrecv 908237 908239 -2 3
Sendrecv 908251 908253 -2 5
Sendrecv 908261 908264 -2 3
Sendrecv 908277 908278 -2 5
Sendrecv 908286 908290 -2 3
Sendrecv 908302 908304 -2 5
Sendrecv 908312 908314 -2 3
Sendrecv 908326 908327 -2 5
Sendrecv 908336 908337 -2 3
Sendrecv 908350 908351 -2 5
Sendrecv 908360 908362 -2 3
Sendrecv 908376 908377 -2 5
Sendrecv 908385 908389 -2 3
Sendrecv 908402 908403 -2 5
Sendrecv 908412 908413 -2 3
Sendrecv 908425 908426 -2 5
Sendrecv 908435 908437 -2 3
Sendrecv 908449 908450 -2 5
Sendrecv 908459 908460 -2 3
Sendrecv 908473 908478 -2 5
Sendrecv 908487 908488 -2 3
Sendrecv 908502 908504 -2 5
Sendrecv 908513 908516 -2 3
Sendrecv 908529 908530 -2 5
Sendrecv 908539 908540 -2 3
Sendrecv 908552 908553 -2 5
Sendrecv 908562 908563 -2 3
Sendrecv 908576 908577 -2 5
Sendrecv 908586 908588 -2 3
Sendrecv 908600 908612 -2 5
Sendrecv 908623 908628 -2 3
Sendrecv 908643 908644 -2 5
Sendrecv 908652 908659 -2 3
Sendrecv 908673 908674 -2 5
Sendrecv 908683 908688 -2 3
Sendrecv 908701 908702 -2 5
Sendrecv 908710 908712 -2 3
Sendrecv 908725 908726 -2 5
Sendrecv 908735 908736 -2 3
Sendrecv 908751 908752 -2 5
Sendrecv 908760 908763 -2 3
Sendrecv 908775 908776 -2 5
Sendrecv 908785 908789 -2 3
Sendrecv 908802 908803 -2 5
Sendrecv 908812 908813 -2 3
Sendrecv 908825 908827 -2 5
Sendrecv 908835 908837 -2 3
Sendrecv 908849 908850 -2 5
Sendrecv 908859 908861 -2 3
Sendrecv 908873 908874 -2 5
Sendrecv 908883 908885 -2 3
Sendrecv 908897 908898 -2 5
Sendrecv 908907 908909 -2 3
Sendrecv 908921 908922 -2 5
Sendrecv 908931 908932 -2 3
Sendrecv 908945 908946 -2 5
Sendrecv 908955 908956 -2 3
Sendrecv 908969 908970 -2 5
Sendrecv 908979 908981 -2 3
Sendrecv 908993 908994 -2 5
Sendrecv 909005 909009 -2 3
Sendrecv 909022 909023 -2 5
Sendrecv 909031 909033 -2 3
Sendrecv 909045 909047 -2 5
Sendrecv 909055 909056 -2 3
Sendrecv 909069 909070 -2 5
Sendrecv 909079 909080 -2 3
Sendrecv 909093 909094 -2 5
Sendrecv 909104 909105 -2 3
Sendrecv 909118 909119 -2 5
Sendrecv 909128 909130 -2 3
Sendrecv 909143 909144 -2 5
Sendrecv 909152 909153 -2 3
Sendrecv 911323 911327 -2 5
Sendrecv 911337 911404 -2 3
Sendrecv 911416 911417 -2 5
Sendrecv 911425 911427 -2 3
Sendrecv 911439 911440 -2 5
Sendrecv 911448 911509 -2 3
Sendrecv 911522 911523 -2 5
Sendrecv 911531 911533 -2 3
Sendrecv 911545 911552 -2 5
Sendrecv 911561 911562 -2 3
Sendrecv 911575 911576 -2 5
Sendrecv 911584 911586 -2 3
Sendrecv 911597 911598 -2 5
Sendrecv 911608 911610 -2 3
Sendrecv 911621 911622 -2 5
Sendrecv 911631 911633 -2 3
Sendrecv 911645 911646 -2 5
Sendrecv 911654 911655 -2 3
Sendrecv 911668 911669 -2 5
Sendrecv 911677 911679 -2 3
Sendrecv 911691 911692 -2 5
Sendrecv 911700 911702 -2 3
Sendrecv 911714 911716 -2 5
Sendrecv 911724 911726 -2 3
Sendrecv 911737 911739 -2 5
Sendrecv 911747 911749 -2 3
Sendrecv 911761 911762 -2 5
Sendrecv 911770 911772 -2 3
Sendrecv 911786 911788 -2 5
Sendrecv 911796 911798 -2 3
Sendrecv 911810 911811 -2 5
Sendrecv 911820 911824 -2 3
Sendrecv 911835 911837 -2 5
Sendrecv 911845 911846 -2 3
Sendrecv 911859 911860 -2 5
Sendrecv 911869 911871 -2 3
Sendrecv 911883 911884 -2 5
Sendrecv 911893 911894 -2 3
Sendrecv 911906 911907 -2 5
Sendrecv 911916 911917 -2 3
Sendrecv 911929 911930 -2 5
Sendrecv 911939 911941 -2 3
Sendrecv 911954 911955 -2 5
Sendrecv 911964 911966 -2 3
Sendrecv 911978 911979 -2 5
Sendrecv 911987 911988 -2 3
Sendrecv 912000 912001 -2 5
Sendrecv 912010 912011 -2 3
Sendrecv 912023 912025 -2 5
Sendrecv 912033 912035 -2 3
Sendrecv 912047 912048 -2 5
Sendrecv 912057 912059 -2 3
Sendrecv 912070 912071 -2 5
Sendrecv 912080 912082 -2 3
Sendrecv 912094 912095 -2 5
Sendrecv 912104 912105 -2 3
Sendrecv 912117 912118 -2 5
Sendrecv 912127 912128 -2 3
Sendrecv 912140 912141 -2 5
Sendrecv 912150 912153 -2 3
Sendrecv 912165 912166 -2 5
Sendrecv 912174 912176 -2 3
Sendrecv 912189 912191 -2 5
Sendrecv 912199 912203 -2 3
Sendrecv 912215 912216 -2 5
Sendrecv 912225 912226 -2 3
Sendrecv 912237 912238 -2 5
Sendrecv 912247 912248 -2 3
Sendrecv 912260 912261 -2 5
Sendrecv 912269 912271 -2 3
Sendrecv 912285 912286 -2 5
Sendrecv 912294 912295 -2 3
Sendrecv 912307 912308 -2 5
Sendrecv 912317 912319 -2 3
Sendrecv 912330 912331 -2 5
Sendrecv 912340 912341 -2 3
Sendrecv 912353 912354 -2 5
Sendrecv 912363 912365 -2 3
Sendrecv 912377 912378 -2 5
Sendrecv 912386 912388 -2 3
Sendrecv 912400 912401 -2 5
Sendrecv 912409 912412 -2 3
Sendrecv 912424 912425 -2 5
Sendrecv 912433 912435 -2 3
Sendrecv 912447 912448 -2 5
Sendrecv 912456 912458 -2 3
Sendrecv 912470 912471 -2 5
Sendrecv 912479 912481 -2 3
Sendrecv 912493 912494 -2 5
Sendrecv 912502 912505 -2 3
Sendrecv 912517 912518 -2 5
Sendrecv 912527 912532 -2 3
Sendrecv 912544 912545 -2 5
Sendrecv 912567 912568 -2 3
Sendrecv 912581 912582 -2 5
Sendrecv 912590 912592 -2 3
Sendrecv 912605 912606 -2 5
Sendrecv 912614 912616 -2 3
Sendrecv 912629 912630 -2 5
Sendrecv 912640 912641 -2 3
Sendrecv 912653 912654 -2 5
Sendrecv 912663 912665 -2 3
Sendrecv 912677 912678 -2 5
Sendrecv 912687 912689 -2 3
Sendrecv 912701 912702 -2 5
Sendrecv 912711 912714 -2 3
Sendrecv 912726 912727 -2 5
Sendrecv 912736 912738 -2 3
Sendrecv 912750 912751 -2 5
Sendrecv 912760 912761 -2 3
Sendrecv 912773 912775 -2 5
Sendrecv 912786 912788 -2 3
Sendrecv 912801 912802 -2 5
Sendrecv 912810 912811 -2 3
Sendrecv 912824 912825 -2 5
Sendrecv 912834 912836 -2 3
Sendrecv 912848 912849 -2 5
Sendrecv 912858 912861 -2 3
Sendrecv 912873 912874 -2 5
Sendrecv 912885 912887 -2 3
Sendrecv 912899 912900 -2 5
Sendrecv 912909 912911 -2 3
Sendrecv 912923 912924 -2 5
Sendrecv 912933 912935 -2 3
Sendrecv 912947 912948 -2 5
Sendrecv 912957 912959 -2 3
Sendrecv 912971 912972 -2 5
Sendrecv 912983 912984 -2 3
Sendrecv 912996 912997 -2 5
Sendrecv 913006 913008 -2 3
Sendrecv 913020 913021 -2 5
Sendrecv 913030 913032 -2 3
Sendrecv 913044 913045 -2 5
Sendrecv 913054 913055 -2 3
Sendrecv 913068 913069 -2 5
Sendrecv 913078 913080 -2 3
Sendrecv 913092 913093 -2 5
Sendrecv 913102 913103 -2 3
Sendrecv 913116 913117 -2 5
Sendrecv 913125 913127 -2 3
Sendrecv 913139 913140 -2 5
Sendrecv 913149 913151 -2 3
Sendrecv 913163 913164 -2 5
Sendrecv 913173 913174 -2 3
Sendrecv 913187 913188 -2 5
Sendrecv 913197 913200 -2 3
Sendrecv 913212 913213 -2 5
Sendrecv 913222 913224 -2 3
Sendrecv 913237 913238 -2 5
Sendrecv 913246 913249 -2 3
Sendrecv 913262 913263 -2 5
Sendrecv 913272 913273 -2 3
Sendrecv 913285 913286 -2 5
Sendrecv 913295 913297 -2 3
Sendrecv 913309 913310 -2 5
Sendrecv 913319 913320 -2 3
Sendrecv 913334 913335 -2 5
Sendrecv 913344 913346 -2 3
Sendrecv 913358 913360 -2 5
Sendrecv 913368 913369 -2 3
Sendrecv 913381 913382 -2 5
Sendrecv 913391 913393 -2 3
Sendrecv 913405 913407 -2 5
Sendrecv 913415 913416 -2 3
Sendrecv 913429 913430 -2 5
Sendrecv 913438 913440 -2 3
Sendrecv 913453 913454 -2 5
Sendrecv 913463 913464 -2 3
Sendrecv 913477 913478 -2 5
Sendrecv 913486 913488 -2 3
Sendrecv 913501 913502 -2 5
Sendrecv 913511 913512 -2 3
Sendrecv 913524 913525 -2 5
Sendrecv 913534 913538 -2 3
Sendrecv 913550 913551 -2 5
Sendrecv 913560 913561 -2 3
Sendrecv 913575 913576 -2 5
Sendrecv 913585 913588 -2 3
Sendrecv 913600 913602 -2 5
Sendrecv 913610 913612 -2 3
Sendrecv 913624 913625 -2 5
Sendrecv 913634 913635 -2 3
Sendrecv 913648 913649 -2 5
Sendrecv 913657 913660 -2 3
Sendrecv 913674 913675 -2 5
Sendrecv 913683 913685 -2 3
Sendrecv 913697 913698 -2 5
Sendrecv 913707 913708 -2 3
Sendrecv 913721 913722 -2 5
Sendrecv 913731 913732 -2 3
Sendrecv 913744 913745 -2 5
Sendrecv 913754 913756 -2 3
Sendrecv 913769 913770 -2 5
Sendrecv 913781 913783 -2 3
Sendrecv 913795 913796 -2 5
Sendrecv 913805 913806 -2 3
Sendrecv 913819 913820 -2 5
Sendrecv 913829 913831 -2 3
Sendrecv 913843 913844 -2 5
Sendrecv 913853 913855 -2 3
Sendrecv 913867 913868 -2 5
Sendrecv 913877 913879 -2 3
Sendrecv 913891 913892 -2 5
Sendrecv 913901 913903 -2 3
Sendrecv 913915 913916 -2 5
Sendrecv 913926 913931 -2 3
Sendrecv 913943 913944 -2 5
Sendrecv 913953 913954 -2 3
Sendrecv 913966 913967 -2 5
Sendrecv 913976 913978 -2 3
Sendrecv 913991 913992 -2 5
Sendrecv 914000 914002 -2 3
Sendrecv 914016 914017 -2 5
Sendrecv 914026 914027 -2 3
Sendrecv 914039 914040 -2 5
Sendrecv 914049 914051 -2 3
Sendrecv 914064 914065 -2 5
Sendrecv 914074 914075 -2 3
Sendrecv 914087 914088 -2 5
Sendrecv 914097 914098 -2 3
Sendrecv 914111 914112 -2 5
Sendrecv 914120 914123 -2 3
Sendrecv 914135 914136 -2 5
Sendrecv 914145 914146 -2 3
Sendrecv 914159 914160 -2 5
Sendrecv 914169 914171 -2 3
Sendrecv 914183 914184 -2 5
Sendrecv 914193 914194 -2 3
Sendrecv 914207 914208 -2 5
Sendrecv 914216 914218 -2 3
Sendrecv 914231 914232 -2 5
Sendrecv 914240 914243 -2 3
Sendrecv 914255 914256 -2 5
Sendrecv 914267 914270 -2 3
Sendrecv 914282 914283 -2 5
Sendrecv 914292 914294 -2 3
Sendrecv 914306 914307 -2 5
Sendrecv 914316 914318 -2 3
Sendrecv 914331 914332 -2 5
Sendrecv 914340 914342 -2 3
Sendrecv 914354 914355 -2 5
Sendrecv 914366 914367 -2 3
Sendrecv 914379 914380 -2 5
Sendrecv 914389 914391 -2 3
Sendrecv 914403 914404 -2 5
Sendrecv 914413 914415 -2 3
Sendrecv 914427 914428 -2 5
Sendrecv 914437 914438 -2 3
Sendrecv 914450 914451 -2 5
Sendrecv 914461 914462 -2 3
Sendrecv 914474 914475 -2 5
Sendrecv 914484 914486 -2 3
Sendrecv 914498 914499 -2 5
Sendrecv 914508 914510 -2 3
Sendrecv 914522 914524 -2 5
Sendrecv 914532 914534 -2 3
Sendrecv 914546 914547 -2 5
Sendrecv 914556 914558 -2 3
Sendrecv 914584 914585 -2 5
Sendrecv 914594 914597 -2 3
Sendrecv 914610 914611 -2 5
Sendrecv 914622 914623 -2 3
Sendrecv 914635 914637 -2 5
Sendrecv 914646 914648 -2 3
Sendrecv 914661 914662 -2 5
Sendrecv 914670 914675 -2 3
Sendrecv 914687 914689 -2 5
Sendrecv 914697 914699 -2 3
Sendrecv 914711 914712 -2 5
Sendrecv 914723 914724 -2 3
Sendrecv 914737 914738 -2 5
Sendrecv 914747 914750 -2 3
Sendrecv 914763 914764 -2 5
Sendrecv 914776 914789 -2 3
Sendrecv 914802 914803 -2 5
Sendrecv 914813 914814 -2 3
Sendrecv 914826 914827 -2 5
Sendrecv 914838 914852 -2 3
Sendrecv 914865 914867 -2 5
Sendrecv 914875 914876 -2 3
Sendrecv 914889 914890 -2 5
Sendrecv 914899 914901 -2 3
Sendrecv 914914 914915 -2 5
Sendrecv 914924 914926 -2 3
Sendrecv 914938 914939 -2 5
Sendrecv 914948 914951 -2 3
Sendrecv 914963 914964 -2 5
Sendrecv 914973 914977 -2 3
Sendrecv 914990 914991 -2 5
Sendrecv 915000 915001 -2 3
Sendrecv 915014 915015 -2 5
Sendrecv 915023 915028 -2 3
Sendrecv 915041 915042 -2 5
Sendrecv 915051 915053 -2 3
Sendrecv 915066 915067 -2 5
Sendrecv 915075 915078 -2 3
Sendrecv 915090 915091 -2 5
Sendrecv 915100 915102 -2 3
Sendrecv 915118 915119 -2 5
Sendrecv 915128 915129 -2 3
Sendrecv 915141 915142 -2 5
Sendrecv 915151 915152 -2 3
Sendrecv 915165 915166 -2 5
Sendrecv 915175 915176 -2 3
Sendrecv 915189 915190 -2 5
Sendrecv 915199 915200 -2 3
Sendrecv 915213 915214 -2 5
Sendrecv 915222 915225 -2 3
Sendrecv 915238 915239 -2 5
Sendrecv 915248 915249 -2 3
Sendrecv 915262 915263 -2 5
Sendrecv 915272 915274 -2 3
Sendrecv 915286 915288 -2 5
Sendrecv 915296 915298 -2 3
Sendrecv 915311 915312 -2 5
Sendrecv 915320 915324 -2 3
Sendrecv 915337 915338 -2 5
Sendrecv 915347 915348 -2 3
Sendrecv 915361 915362 -2 5
Sendrecv 915371 915378 -2 3
Sendrecv 915391 915393 -2 5
Sendrecv 915401 915402 -2 3
Sendrecv 915415 915416 -2 5
Sendrecv 915425 915426 -2 3
Sendrecv 915439 915440 -2 5
Sendrecv 915449 915450 -2 3
Sendrecv 915466 915467 -2 5
Sendrecv 915476 915477 -2 3
Sendrecv 915489 915490 -2 5
Sendrecv 915499 915501 -2 3
Sendrecv 915513 915514 -2 5
Sendrecv 915523 915524 -2 3
Sendrecv 915537 915538 -2 5
Sendrecv 915547 915549 -2 3
Sendrecv 915561 915562 -2 5
Sendrecv 915571 915573 -2 3
Sendrecv 915587 915588 -2 5
Sendrecv 915596 915600 -2 3
Sendrecv 915614 915615 -2 5
Sendrecv 915624 915624 -2 3
Sendrecv 915637 915638 -2 5
Sendrecv 915647 915649 -2 3
Sendrecv 915661 915662 -2 5
Sendrecv 915671 915674 -2 3
Sendrecv 915687 915688 -2 5
Sendrecv 915697 915698 -2 3
Sendrecv 915711 915712 -2 5
Sendrecv 915721 915725 -2 3
Sendrecv 915738 915739 -2 5
Sendrecv 915748 915749 -2 3
Sendrecv 915762 915763 -2 5
Sendrecv 915774 915782 -2 3
Sendrecv 915796 917414 -2 5
Sendrecv 917429 917430 -2 3
Sendrecv 917438 917439 -2 5
Sendrecv 917445 917456 -2 3
Sendrecv 917464 917464 -2 5
Sendrecv 917469 917486 -2 3
Sendrecv 917502 917503 -2 5
Sendrecv 917512 917514 -2 3
Sendrecv 917527 917528 -2 5
Sendrecv 917537 917541 -2 3
Sendrecv 917554 917555 -2 5
Sendrecv 917564 917565 -2 3
Sendrecv 917579 917580 -2 5
Sendrecv 917588 917590 -2 3
Sendrecv 917603 917604 -2 5
Sendrecv 917613 917615 -2 3
Sendrecv 917628 917629 -2 5
Sendrecv 917638 917639 -2 3
Sendrecv 917653 917654 -2 5
Sendrecv 917662 917664 -2 3
Sendrecv 917677 917678 -2 5
Sendrecv 917687 917689 -2 3
Sendrecv 917702 917704 -2 5
Sendrecv 917713 917717 -2 3
Sendrecv 917731 917732 -2 5
Sendrecv 917740 917742 -2 3
Sendrecv 917755 917757 -2 5
Sendrecv 917767 917772 -2 3
Sendrecv 917785 917786 -2 5
Sendrecv 917795 917796 -2 3
Sendrecv 917809 917810 -2 5
Sendrecv 917821 917822 -2 3
Sendrecv 917881 917883 -2 5
Sendrecv 917894 917895 -2 3
Sendrecv 917908 917909 -2 5
Sendrecv 917921 917923 -2 3
Sendrecv 917939 917957 -2 5
Sendrecv 917966 917967 -2 3
Sendrecv 917979 917981 -2 5
Sendrecv 917989 917992 -2 3
Sendrecv 918004 918005 -2 5
Sendrecv 918013 918017 -2 3
Sendrecv 918028 918029 -2 5
Sendrecv 918039 918042 -2 3
Sendrecv 918059 918061 -2 5
Sendrecv 918073 918075 -2 3
Sendrecv 918090 918091 -2 5
Sendrecv 918102 918104 -2 3
Sendrecv 918118 918129 -2 5
Sendrecv 918140 918142 -2 3
Sendrecv 918158 918159 -2 5
Sendrecv 918170 918171 -2 3
Sendrecv 918188 918189 -2 5
Sendrecv 918199 918200 -2 3
Sendrecv 918218 918219 -2 5
Sendrecv 918229 918231 -2 3
Sendrecv 918247 918249 -2 5
Sendrecv 918259 918260 -2 3
Sendrecv 918272 918274 -2 5
Sendrecv 918284 918285 -2 3
Sendrecv 918297 918299 -2 5
Sendrecv 918308 918310 -2 3
Sendrecv 918323 918352 -2 5
Sendrecv 918363 918364 -2 3
Sendrecv 918377 918378 -2 5
Sendrecv 918391 918393 -2 3
Sendrecv 918403 918404 -2 5
Sendrecv 918409 918417 -2 3
Sendrecv 918425 918427 -2 5
Sendrecv 918432 918441 -2 3
Sendrecv 918449 918451 -2 5
Sendrecv 918456 918466 -2 3
Sendrecv 918474 918475 -2 5
Sendrecv 918480 918490 -2 3
Sendrecv 918498 918499 -2 5
Sendrecv 918505 918515 -2 3
Sendrecv 918523 918524 -2 5
Sendrecv 918529 918540 -2 3
Sendrecv 918548 918549 -2 5
Sendrecv 918554 918566 -2 3
Sendrecv 918574 918575 -2 5
Sendrecv 918580 918592 -2 3
Sendrecv 918599 918600 -2 5
Sendrecv 918605 918617 -2 3
Sendrecv 918625 918625 -2 5
Sendrecv 918631 918641 -2 3
Allgatherv 918658 919319 -2 0 1 2 3 5 6
Barrier 922552 922761
Barrier 922787 922956
Barrier 983547 983553
Barrier 983562 983570
Finalize 1005436 1009318
