SYSTEM_START_US: 1775663253167527
Bcast 800873 800877 -1 0
Bcast 800902 800903 -1 0
Bcast 800920 800922 -1 0
Bcast 851231 851236 -1 0
Scatterv 851266 851274 -1 0
Sendrecv 851319 888814 -2 3
Sendrecv 888836 888911 -2 1
Sendrecv 888935 888938 -2 3
Sendrecv 888944 888985 -2 1
Sendrecv 889002 889004 -2 3
Sendrecv 889032 889056 -2 1
Sendrecv 889064 889067 -2 3
Sendrecv 889080 889090 -2 1
Sendrecv 889103 889127 -2 3
Sendrecv 889165 889169 -2 1
Sendrecv 889181 889182 -2 3
Sendrecv 889190 889196 -2 1
Sendrecv 889209 889210 -2 3
Sendrecv 889218 889221 -2 1
Sendrecv 889233 889321 -2 3
Sendrecv 889371 889374 -2 1
Sendrecv 889386 889387 -2 3
Sendrecv 889395 889413 -2 1
Sendrecv 889425 889426 -2 3
Sendrecv 889434 889449 -2 1
Sendrecv 889462 889463 -2 3
Sendrecv 889470 889471 -2 1
Sendrecv 889482 889485 -2 3
Sendrecv 889493 889494 -2 1
Sendrecv 889555 889556 -2 3
Sendrecv 889565 889572 -2 1
Sendrecv 889585 889586 -2 3
Sendrecv 889593 889598 -2 1
Sendrecv 889610 889611 -2 3
Sendrecv 889618 889620 -2 1
Sendrecv 889632 889639 -2 3
Sendrecv 889647 889690 -2 1
Sendrecv 889703 889703 -2 3
Sendrecv 889711 889712 -2 1
Sendrecv 889723 889725 -2 3
Sendrecv 889733 889734 -2 1
Sendrecv 889745 889748 -2 3
Sendrecv 889756 889757 -2 1
Sendrecv 889842 889850 -2 3
Sendrecv 889858 889859 -2 1
Sendrecv 889871 889876 -2 3
Sendrecv 889884 889885 -2 1
Sendrecv 889897 889898 -2 3
Sendrecv 889906 889907 -2 1
Sendrecv 889920 889922 -2 3
Sendrecv 889931 889932 -2 1
Sendrecv 889944 889945 -2 3
Sendrecv 889953 889954 -2 1
Sendrecv 889966 890001 -2 3
Sendrecv 890009 890020 -2 1
Sendrecv 890033 890034 -2 3
Sendrecv 890041 890042 -2 1
Sendrecv 890054 890055 -2 3
Sendrecv 890063 890064 -2 1
Sendrecv 890075 890078 -2 3
Sendrecv 890085 890086 -2 1
Sendrecv 890098 890103 -2 3
Sendrecv 890111 890111 -2 1
Sendrecv 890124 890363 -2 3
Sendrecv 890486 890489 -2 1
Sendrecv 890498 890501 -2 3
Sendrecv 890505 890518 -2 1
Sendrecv 890534 890536 -2 3
Sendrecv 890545 890551 -2 1
Sendrecv 890564 890565 -2 3
Sendrecv 890572 890575 -2 1
Sendrecv 890587 890588 -2 3
Sendrecv 890595 890597 -2 1
Sendrecv 890608 890609 -2 3
Sendrecv 890617 890618 -2 1
Sendrecv 890630 890631 -2 3
Sendrecv 890638 890639 -2 1
Sendrecv 890651 890652 -2 3
Sendrecv 890660 890662 -2 1
Sendrecv 890673 890674 -2 3
Sendrecv 890682 890683 -2 1
Sendrecv 890693 890780 -2 3
Sendrecv 890789 890790 -2 1
Sendrecv 890802 890804 -2 3
Sendrecv 890811 890812 -2 1
Sendrecv 890824 890825 -2 3
Sendrecv 890833 890834 -2 1
Sendrecv 890846 890847 -2 3
Sendrecv 890855 890858 -2 1
Sendrecv 890870 890870 -2 3
Sendrecv 890878 890879 -2 1
Sendrecv 890891 890892 -2 3
Sendrecv 890901 890902 -2 1
Sendrecv 890914 890914 -2 3
Sendrecv 890922 890923 -2 1
Sendrecv 891038 891095 -2 3
Sendrecv 891107 891117 -2 1
Sendrecv 891129 891130 -2 3
Sendrecv 891139 891140 -2 1
Sendrecv 891151 891152 -2 3
Sendrecv 891161 891162 -2 1
Sendrecv 891176 891177 -2 3
Sendrecv 891185 891186 -2 1
Sendrecv 891198 891199 -2 3
Sendrecv 891206 891207 -2 1
Sendrecv 891219 891220 -2 3
Sendrecv 891228 891228 -2 1
Sendrecv 891240 891241 -2 3
Sendrecv 891249 891250 -2 1
Sendrecv 891262 891263 -2 3
Sendrecv 891270 891271 -2 1
Sendrecv 891283 891284 -2 3
Sendrecv 891292 891293 -2 1
Sendrecv 891305 891306 -2 3
Sendrecv 891313 891315 -2 1
Sendrecv 891327 891328 -2 3
Sendrecv 891336 891337 -2 1
Sendrecv 891349 891362 -2 3
Sendrecv 891371 891372 -2 1
Sendrecv 891384 891385 -2 3
Sendrecv 891392 891394 -2 1
Sendrecv 891404 891405 -2 3
Sendrecv 891412 891414 -2 1
Sendrecv 891424 891535 -2 3
Sendrecv 891543 891546 -2 1
Sendrecv 891559 891559 -2 3
Sendrecv 891567 891568 -2 1
Sendrecv 891580 891596 -2 3
Sendrecv 891608 891613 -2 1
Sendrecv 891625 891626 -2 3
Sendrecv 891635 891637 -2 1
Sendrecv 891648 891649 -2 3
Sendrecv 891658 891659 -2 1
Sendrecv 891670 891671 -2 3
Sendrecv 891679 891680 -2 1
Sendrecv 891691 891692 -2 3
Sendrecv 891700 891702 -2 1
Sendrecv 891712 891714 -2 3
Sendrecv 891722 891723 -2 1
Sendrecv 891734 891735 -2 3
Sendrecv 891744 891747 -2 1
Sendrecv 891759 892299 -2 3
Sendrecv 892435 892438 -2 1
Sendrecv 892446 892447 -2 3
Sendrecv 892452 892474 -2 1
Sendrecv 892481 892481 -2 3
Sendrecv 892486 892499 -2 1
Sendrecv 892505 892506 -2 3
Sendrecv 892510 892520 -2 1
Sendrecv 892527 892528 -2 3
Sendrecv 892533 892541 -2 1
Sendrecv 892547 892550 -2 3
Sendrecv 892554 892562 -2 1
Sendrecv 892570 892571 -2 3
Sendrecv 892576 892585 -2 1
Sendrecv 892592 892595 -2 3
Sendrecv 892599 892606 -2 1
Sendrecv 892613 892617 -2 3
Sendrecv 892621 892628 -2 1
Sendrecv 892635 892638 -2 3
Sendrecv 892642 892650 -2 1
Sendrecv 892656 892659 -2 3
Sendrecv 892663 892671 -2 1
Sendrecv 892678 892680 -2 3
Sendrecv 892685 892694 -2 1
Sendrecv 892700 892702 -2 3
Sendrecv 892707 892715 -2 1
Sendrecv 892722 892724 -2 3
Sendrecv 892729 892737 -2 1
Sendrecv 892743 892745 -2 3
Sendrecv 892750 892758 -2 1
Sendrecv 892764 892766 -2 3
Sendrecv 892771 892779 -2 1
Sendrecv 892785 892787 -2 3
Sendrecv 892792 892800 -2 1
Sendrecv 892806 892808 -2 3
Sendrecv 892813 892821 -2 1
Sendrecv 892827 892829 -2 3
Sendrecv 892833 892842 -2 1
Sendrecv 892848 892850 -2 3
Sendrecv 892854 892863 -2 1
Sendrecv 892869 892871 -2 3
Sendrecv 892877 892884 -2 1
Sendrecv 892891 892894 -2 3
Sendrecv 892898 892907 -2 1
Sendrecv 892914 893087 -2 3
Sendrecv 893092 893096 -2 1
Sendrecv 893102 893108 -2 3
Sendrecv 893113 893117 -2 1
Sendrecv 893123 893130 -2 3
Sendrecv 893134 893138 -2 1
Sendrecv 893144 893150 -2 3
Sendrecv 893155 893160 -2 1
Sendrecv 893166 893173 -2 3
Sendrecv 893177 893181 -2 1
Sendrecv 893188 893194 -2 3
Sendrecv 893198 893202 -2 1
Sendrecv 893209 893216 -2 3
Sendrecv 893220 893224 -2 1
Sendrecv 893230 893237 -2 3
Sendrecv 893241 893245 -2 1
Sendrecv 893251 893258 -2 3
Sendrecv 893262 893266 -2 1
Sendrecv 893273 893280 -2 3
Sendrecv 893284 893287 -2 1
Sendrecv 893293 893301 -2 3
Sendrecv 893305 893308 -2 1
Sendrecv 893315 893322 -2 3
Sendrecv 893327 893329 -2 1
Sendrecv 893336 893343 -2 3
Sendrecv 893350 893354 -2 1
Sendrecv 893360 894263 -2 3
Sendrecv 894623 894628 -2 1
Sendrecv 894641 894643 -2 3
Sendrecv 894650 894664 -2 1
Sendrecv 894677 894678 -2 3
Sendrecv 894686 894692 -2 1
Sendrecv 894704 894705 -2 3
Sendrecv 894713 894713 -2 1
Sendrecv 894725 894726 -2 3
Sendrecv 894735 894736 -2 1
Sendrecv 894749 894750 -2 3
Sendrecv 894757 894759 -2 1
Sendrecv 894770 894771 -2 3
Sendrecv 894779 894780 -2 1
Sendrecv 894791 894792 -2 3
Sendrecv 894800 894801 -2 1
Sendrecv 894812 894813 -2 3
Sendrecv 894821 894822 -2 1
Sendrecv 894834 894834 -2 3
Sendrecv 894842 894845 -2 1
Sendrecv 894856 894857 -2 3
Sendrecv 894865 894866 -2 1
Sendrecv 894877 894878 -2 3
Sendrecv 894886 894888 -2 1
Sendrecv 894898 894899 -2 3
Sendrecv 894907 894909 -2 1
Sendrecv 894920 894921 -2 3
Sendrecv 894928 894930 -2 1
Sendrecv 894941 894941 -2 3
Sendrecv 894949 894951 -2 1
Sendrecv 894962 894963 -2 3
Sendrecv 894971 894972 -2 1
Sendrecv 894983 894984 -2 3
Sendrecv 894991 894993 -2 1
Sendrecv 895004 895008 -2 3
Sendrecv 895018 895019 -2 1
Sendrecv 895030 895031 -2 3
Sendrecv 895041 895042 -2 1
Sendrecv 895053 895054 -2 3
Sendrecv 895063 895065 -2 1
Sendrecv 895075 895076 -2 3
Sendrecv 895084 895086 -2 1
Sendrecv 895097 895098 -2 3
Sendrecv 895105 895107 -2 1
Sendrecv 895119 895137 -2 3
Sendrecv 895145 895148 -2 1
Sendrecv 895160 895161 -2 3
Sendrecv 895168 895172 -2 1
Sendrecv 895184 895185 -2 3
Sendrecv 895192 895194 -2 1
Sendrecv 895205 895206 -2 3
Sendrecv 895213 895215 -2 1
Sendrecv 895226 895227 -2 3
Sendrecv 895235 895236 -2 1
Sendrecv 895247 895248 -2 3
Sendrecv 895256 895257 -2 1
Sendrecv 895268 895269 -2 3
Sendrecv 895277 895279 -2 1
Sendrecv 895290 895290 -2 3
Sendrecv 895298 895300 -2 1
Sendrecv 895311 895312 -2 3
Sendrecv 895320 895321 -2 1
Sendrecv 895332 895333 -2 3
Sendrecv 895343 895344 -2 1
Sendrecv 895356 895356 -2 3
Sendrecv 895364 895366 -2 1
Sendrecv 895379 895380 -2 3
Sendrecv 895389 895390 -2 1
Sendrecv 895401 895649 -2 3
Sendrecv 895657 895669 -2 1
Sendrecv 895681 895682 -2 3
Sendrecv 895690 895690 -2 1
Sendrecv 895702 895703 -2 3
Sendrecv 895711 895712 -2 1
Sendrecv 895723 895723 -2 3
Sendrecv 895731 895733 -2 1
Sendrecv 895743 895744 -2 3
Sendrecv 895752 895754 -2 1
Sendrecv 895765 895766 -2 3
Sendrecv 895773 895775 -2 1
Sendrecv 895786 895787 -2 3
Sendrecv 895795 895796 -2 1
Sendrecv 895807 895808 -2 3
Sendrecv 895816 895818 -2 1
Sendrecv 895829 895829 -2 3
Sendrecv 895837 895839 -2 1
Sendrecv 895850 895851 -2 3
Sendrecv 895858 895860 -2 1
Sendrecv 895871 895872 -2 3
Sendrecv 895879 895881 -2 1
Sendrecv 895892 895893 -2 3
Sendrecv 895900 895902 -2 1
Sendrecv 895913 895914 -2 3
Sendrecv 895921 895923 -2 1
Sendrecv 895935 895936 -2 3
Sendrecv 895944 895947 -2 1
Sendrecv 895958 895959 -2 3
Sendrecv 895966 895968 -2 1
Sendrecv 895978 895979 -2 3
Sendrecv 895987 895989 -2 1
Sendrecv 896000 896001 -2 3
Sendrecv 896009 896010 -2 1
Sendrecv 896021 896022 -2 3
Sendrecv 896030 896031 -2 1
Sendrecv 896042 896043 -2 3
Sendrecv 896054 896055 -2 1
Sendrecv 896655 896713 -2 3
Sendrecv 896722 896723 -2 1
Sendrecv 896734 896735 -2 3
Sendrecv 896744 896757 -2 1
Sendrecv 896769 896770 -2 3
Sendrecv 896777 896780 -2 1
Sendrecv 896791 896792 -2 3
Sendrecv 896800 896801 -2 1
Sendrecv 896812 896813 -2 3
Sendrecv 896821 896823 -2 1
Sendrecv 896834 896835 -2 3
Sendrecv 896843 896845 -2 1
Sendrecv 896856 896857 -2 3
Sendrecv 896865 896867 -2 1
Sendrecv 896878 896879 -2 3
Sendrecv 896887 896889 -2 1
Sendrecv 896900 896900 -2 3
Sendrecv 896908 896909 -2 1
Sendrecv 896920 896921 -2 3
Sendrecv 896929 896931 -2 1
Sendrecv 896941 896942 -2 3
Sendrecv 896950 896952 -2 1
Sendrecv 896963 896964 -2 3
Sendrecv 896972 896973 -2 1
Sendrecv 896984 896985 -2 3
Sendrecv 896993 896994 -2 1
Sendrecv 897005 897006 -2 3
Sendrecv 897014 897018 -2 1
Sendrecv 897030 897030 -2 3
Sendrecv 897038 897040 -2 1
Sendrecv 897051 897052 -2 3
Sendrecv 897060 897062 -2 1
Sendrecv 897076 897077 -2 3
Sendrecv 897084 897085 -2 1
Sendrecv 897096 897097 -2 3
Sendrecv 897105 897107 -2 1
Sendrecv 897118 897119 -2 3
Sendrecv 897127 897128 -2 1
Sendrecv 897139 897140 -2 3
Sendrecv 897147 897149 -2 1
Sendrecv 897160 897161 -2 3
Sendrecv 897169 897170 -2 1
Sendrecv 897181 897182 -2 3
Sendrecv 897190 897192 -2 1
Sendrecv 897202 897203 -2 3
Sendrecv 897211 897213 -2 1
Sendrecv 897224 897224 -2 3
Sendrecv 897232 897234 -2 1
Sendrecv 897245 897245 -2 3
Sendrecv 897253 897255 -2 1
Sendrecv 897266 897267 -2 3
Sendrecv 897274 897277 -2 1
Sendrecv 897289 897289 -2 3
Sendrecv 897297 897298 -2 1
Sendrecv 897309 897310 -2 3
Sendrecv 897318 897320 -2 1
Sendrecv 897331 897335 -2 3
Sendrecv 897345 897346 -2 1
Sendrecv 897357 897359 -2 3
Sendrecv 897367 897368 -2 1
Sendrecv 897381 897406 -2 3
Sendrecv 897417 897418 -2 1
Sendrecv 897430 897431 -2 3
Sendrecv 897439 897443 -2 1
Sendrecv 897454 897455 -2 3
Sendrecv 897463 897464 -2 1
Sendrecv 897476 897490 -2 3
Sendrecv 897498 897503 -2 1
Sendrecv 897515 897516 -2 3
Sendrecv 897526 897527 -2 1
Sendrecv 897539 897540 -2 3
Sendrecv 897548 897549 -2 1
Sendrecv 897561 897562 -2 3
Sendrecv 897570 897571 -2 1
Sendrecv 897582 897583 -2 3
Sendrecv 897591 897592 -2 1
Sendrecv 897604 897605 -2 3
Sendrecv 897613 897614 -2 1
Sendrecv 897625 897626 -2 3
Sendrecv 897634 897635 -2 1
Sendrecv 897647 897648 -2 3
Sendrecv 897656 897657 -2 1
Sendrecv 897668 897669 -2 3
Sendrecv 897677 897678 -2 1
Sendrecv 897690 897691 -2 3
Sendrecv 897698 897699 -2 1
Sendrecv 897711 897712 -2 3
Sendrecv 897720 897721 -2 1
Sendrecv 897734 897735 -2 3
Sendrecv 897743 897744 -2 1
Sendrecv 897756 897757 -2 3
Sendrecv 897765 897765 -2 1
Sendrecv 897777 897778 -2 3
Sendrecv 897786 897787 -2 1
Sendrecv 897799 897799 -2 3
Sendrecv 897807 897808 -2 1
Sendrecv 897820 897821 -2 3
Sendrecv 897829 897830 -2 1
Sendrecv 897843 897843 -2 3
Sendrecv 897851 897854 -2 1
Sendrecv 897866 897867 -2 3
Sendrecv 897874 897875 -2 1
Sendrecv 897886 898277 -2 3
Sendrecv 898286 898287 -2 1
Sendrecv 898298 898299 -2 3
Sendrecv 898307 898309 -2 1
Sendrecv 898320 898321 -2 3
Sendrecv 898329 898330 -2 1
Sendrecv 898343 898344 -2 3
Sendrecv 898352 898353 -2 1
Sendrecv 898364 898365 -2 3
Sendrecv 898373 898374 -2 1
Sendrecv 898385 898386 -2 3
Sendrecv 898394 898395 -2 1
Sendrecv 898407 898408 -2 3
Sendrecv 898415 898417 -2 1
Sendrecv 898428 898429 -2 3
Sendrecv 898438 898440 -2 1
Sendrecv 898451 898452 -2 3
Sendrecv 898460 898461 -2 1
Sendrecv 898472 898473 -2 3
Sendrecv 898481 898482 -2 1
Sendrecv 898493 898494 -2 3
Sendrecv 898502 898503 -2 1
Sendrecv 898514 898515 -2 3
Sendrecv 898523 898524 -2 1
Sendrecv 898535 898536 -2 3
Sendrecv 898545 898547 -2 1
Sendrecv 898558 898559 -2 3
Sendrecv 898566 898568 -2 1
Sendrecv 898579 898580 -2 3
Sendrecv 898588 898589 -2 1
Sendrecv 898600 898601 -2 3
Sendrecv 898609 898610 -2 1
Sendrecv 898622 898623 -2 3
Sendrecv 898630 898632 -2 1
Sendrecv 898643 898644 -2 3
Sendrecv 898651 898653 -2 1
Sendrecv 898664 898665 -2 3
Sendrecv 898672 898674 -2 1
Sendrecv 898685 898686 -2 3
Sendrecv 898693 898695 -2 1
Sendrecv 898706 898707 -2 3
Sendrecv 898715 898716 -2 1
Sendrecv 898727 898728 -2 3
Sendrecv 898737 898738 -2 1
Sendrecv 898749 898750 -2 3
Sendrecv 898758 898760 -2 1
Sendrecv 898771 898772 -2 3
Sendrecv 898780 898781 -2 1
Sendrecv 898792 898793 -2 3
Sendrecv 898801 898802 -2 1
Sendrecv 898813 898814 -2 3
Sendrecv 898822 898823 -2 1
Sendrecv 898834 898835 -2 3
Sendrecv 898844 898847 -2 1
Sendrecv 898861 898863 -2 3
Sendrecv 898873 898874 -2 1
Sendrecv 899837 899839 -2 3
Sendrecv 899848 899851 -2 1
Sendrecv 899862 899863 -2 3
Sendrecv 899871 899886 -2 1
Sendrecv 899899 899900 -2 3
Sendrecv 899908 899909 -2 1
Sendrecv 899920 899922 -2 3
Sendrecv 899930 899931 -2 1
Sendrecv 899942 899943 -2 3
Sendrecv 899951 899952 -2 1
Sendrecv 899963 899964 -2 3
Sendrecv 899972 899973 -2 1
Sendrecv 899984 899985 -2 3
Sendrecv 899993 899994 -2 1
Sendrecv 900005 900006 -2 3
Sendrecv 900014 900015 -2 1
Sendrecv 900027 900028 -2 3
Sendrecv 900036 900037 -2 1
Sendrecv 900048 900049 -2 3
Sendrecv 900057 900059 -2 1
Sendrecv 900070 900071 -2 3
Sendrecv 900079 900080 -2 1
Sendrecv 900092 900093 -2 3
Sendrecv 900101 900102 -2 1
Sendrecv 900115 900116 -2 3
Sendrecv 900126 900127 -2 1
Sendrecv 900138 900142 -2 3
Sendrecv 900151 900152 -2 1
Sendrecv 900163 900165 -2 3
Sendrecv 900173 900174 -2 1
Sendrecv 900185 900186 -2 3
Sendrecv 900194 900195 -2 1
Sendrecv 900206 900207 -2 3
Sendrecv 900217 900218 -2 1
Sendrecv 900229 900230 -2 3
Sendrecv 900239 900240 -2 1
Sendrecv 900252 900261 -2 3
Sendrecv 900269 900273 -2 1
Sendrecv 900285 900286 -2 3
Sendrecv 900293 900295 -2 1
Sendrecv 900306 900307 -2 3
Sendrecv 900315 900316 -2 1
Sendrecv 900329 900330 -2 3
Sendrecv 900338 900340 -2 1
Sendrecv 900352 900353 -2 3
Sendrecv 900361 900362 -2 1
Sendrecv 900374 900375 -2 3
Sendrecv 900383 900384 -2 1
Sendrecv 900395 900396 -2 3
Sendrecv 900404 900405 -2 1
Sendrecv 900416 900417 -2 3
Sendrecv 900425 900427 -2 1
Sendrecv 900438 900439 -2 3
Sendrecv 900449 900450 -2 1
Sendrecv 900462 900463 -2 3
Sendrecv 900471 900472 -2 1
Sendrecv 900483 900484 -2 3
Sendrecv 900492 900493 -2 1
Sendrecv 900504 900505 -2 3
Sendrecv 900513 900514 -2 1
Sendrecv 900526 900527 -2 3
Sendrecv 900536 900537 -2 1
Sendrecv 900549 900550 -2 3
Sendrecv 900558 900559 -2 1
Sendrecv 900571 900572 -2 3
Sendrecv 900580 900581 -2 1
Sendrecv 900592 900593 -2 3
Sendrecv 900601 900602 -2 1
Sendrecv 900614 900615 -2 3
Sendrecv 900623 900624 -2 1
Sendrecv 900635 900636 -2 3
Sendrecv 900644 900645 -2 1
Sendrecv 900656 900657 -2 3
Sendrecv 900665 900666 -2 1
Sendrecv 900677 900678 -2 3
Sendrecv 900686 900688 -2 1
Sendrecv 900699 900700 -2 3
Sendrecv 900708 900709 -2 1
Sendrecv 900721 900722 -2 3
Sendrecv 900730 900731 -2 1
Sendrecv 900742 900743 -2 3
Sendrecv 900753 900755 -2 1
Sendrecv 900767 900768 -2 3
Sendrecv 900776 900778 -2 1
Sendrecv 900790 900790 -2 3
Sendrecv 900799 900800 -2 1
Sendrecv 900811 900812 -2 3
Sendrecv 900820 900821 -2 1
Sendrecv 900833 900833 -2 3
Sendrecv 900841 900842 -2 1
Sendrecv 900855 900856 -2 3
Sendrecv 900864 900865 -2 1
Sendrecv 900876 900877 -2 3
Sendrecv 900885 900886 -2 1
Sendrecv 900897 900898 -2 3
Sendrecv 900906 900907 -2 1
Sendrecv 900918 900919 -2 3
Sendrecv 900927 900928 -2 1
Sendrecv 900939 900940 -2 3
Sendrecv 900948 900950 -2 1
Sendrecv 900961 900962 -2 3
Sendrecv 900970 900971 -2 1
Sendrecv 900982 900983 -2 3
Sendrecv 900991 900993 -2 1
Sendrecv 901004 901005 -2 3
Sendrecv 901013 901014 -2 1
Sendrecv 901025 901026 -2 3
Sendrecv 901034 901035 -2 1
Sendrecv 901046 901047 -2 3
Sendrecv 901057 901058 -2 1
Sendrecv 901070 901071 -2 3
Sendrecv 901079 901080 -2 1
Sendrecv 901092 901093 -2 3
Sendrecv 901101 901102 -2 1
Sendrecv 901113 901114 -2 3
Sendrecv 901122 901124 -2 1
Sendrecv 901135 901136 -2 3
Sendrecv 901144 901145 -2 1
Sendrecv 901158 901159 -2 3
Sendrecv 901167 901168 -2 1
Sendrecv 901179 901180 -2 3
Sendrecv 901187 901188 -2 1
Sendrecv 901200 901201 -2 3
Sendrecv 901209 901210 -2 1
Sendrecv 901221 901222 -2 3
Sendrecv 901230 901233 -2 1
Sendrecv 901245 901246 -2 3
Sendrecv 901254 901255 -2 1
Sendrecv 901266 901267 -2 3
Sendrecv 901275 901277 -2 1
Sendrecv 901288 901289 -2 3
Sendrecv 901297 901298 -2 1
Sendrecv 901309 901310 -2 3
Sendrecv 901318 901320 -2 1
Sendrecv 901333 901334 -2 3
Sendrecv 901342 901345 -2 1
Sendrecv 901357 901358 -2 3
Sendrecv 901366 901367 -2 1
Sendrecv 901380 901381 -2 3
Sendrecv 901389 901392 -2 1
Sendrecv 901403 901404 -2 3
Sendrecv 901412 901413 -2 1
Sendrecv 901425 901426 -2 3
Sendrecv 901434 901435 -2 1
Sendrecv 901446 901447 -2 3
Sendrecv 901455 901456 -2 1
Sendrecv 901468 901469 -2 3
Sendrecv 901478 901479 -2 1
Sendrecv 901490 901491 -2 3
Sendrecv 901499 901500 -2 1
Sendrecv 901511 901512 -2 3
Sendrecv 901520 901526 -2 1
Sendrecv 901539 901540 -2 3
Sendrecv 901547 901548 -2 1
Sendrecv 901559 902159 -2 3
Sendrecv 902168 902183 -2 1
Sendrecv 902195 902195 -2 3
Sendrecv 902203 902204 -2 1
Sendrecv 902215 902217 -2 3
Sendrecv 902225 902226 -2 1
Sendrecv 902238 902239 -2 3
Sendrecv 902247 902248 -2 1
Sendrecv 902260 902261 -2 3
Sendrecv 902269 902270 -2 1
Sendrecv 902283 902293 -2 3
Sendrecv 902302 902306 -2 1
Sendrecv 902319 902320 -2 3
Sendrecv 902331 902334 -2 1
Sendrecv 902346 902347 -2 3
Sendrecv 902356 902358 -2 1
Sendrecv 902370 902371 -2 3
Sendrecv 902380 902381 -2 1
Sendrecv 902392 902393 -2 3
Sendrecv 902401 902403 -2 1
Sendrecv 902414 902415 -2 3
Sendrecv 902425 902426 -2 1
Sendrecv 902437 902439 -2 3
Sendrecv 902447 902448 -2 1
Sendrecv 902460 902461 -2 3
Sendrecv 902469 902470 -2 1
Sendrecv 902482 902483 -2 3
Sendrecv 902491 902492 -2 1
Sendrecv 902504 902505 -2 3
Sendrecv 902513 902514 -2 1
Sendrecv 902525 902526 -2 3
Sendrecv 902534 902536 -2 1
Sendrecv 902547 902548 -2 3
Sendrecv 902556 902558 -2 1
Sendrecv 902570 902571 -2 3
Sendrecv 902579 902580 -2 1
Sendrecv 902592 902593 -2 3
Sendrecv 902601 902602 -2 1
Sendrecv 902614 902615 -2 3
Sendrecv 902623 902624 -2 1
Sendrecv 902636 902637 -2 3
Sendrecv 902647 902648 -2 1
Sendrecv 902660 902661 -2 3
Sendrecv 902669 902670 -2 1
Sendrecv 902682 902683 -2 3
Sendrecv 902691 902692 -2 1
Sendrecv 902704 902705 -2 3
Sendrecv 902713 902714 -2 1
Sendrecv 902725 902726 -2 3
Sendrecv 902734 902737 -2 1
Sendrecv 902748 902749 -2 3
Sendrecv 902757 902758 -2 1
Sendrecv 902770 902771 -2 3
Sendrecv 902779 902780 -2 1
Sendrecv 902792 902793 -2 3
Sendrecv 902801 902803 -2 1
Sendrecv 902814 902815 -2 3
Sendrecv 902824 902825 -2 1
Sendrecv 902836 902837 -2 3
Sendrecv 902846 902847 -2 1
Sendrecv 902858 902859 -2 3
Sendrecv 902867 902868 -2 1
Sendrecv 902880 902881 -2 3
Sendrecv 902889 902890 -2 1
Sendrecv 902902 902903 -2 3
Sendrecv 902911 902912 -2 1
Sendrecv 902924 902925 -2 3
Sendrecv 902932 902934 -2 1
Sendrecv 902946 902947 -2 3
Sendrecv 902957 902958 -2 1
Sendrecv 902970 902971 -2 3
Sendrecv 902980 902981 -2 1
Sendrecv 902992 902993 -2 3
Sendrecv 903001 903004 -2 1
Sendrecv 903016 903017 -2 3
Sendrecv 903026 903027 -2 1
Sendrecv 903038 903039 -2 3
Sendrecv 903048 903049 -2 1
Sendrecv 903062 903063 -2 3
Sendrecv 903071 903072 -2 1
Sendrecv 903084 903085 -2 3
Sendrecv 903093 903094 -2 1
Sendrecv 903105 905595 -2 3
Sendrecv 906306 906309 -2 1
Sendrecv 906319 906321 -2 3
Sendrecv 906325 906351 -2 1
Sendrecv 906366 906367 -2 3
Sendrecv 906375 906376 -2 1
Sendrecv 906388 906389 -2 3
Sendrecv 906396 906397 -2 1
Sendrecv 906409 906410 -2 3
Sendrecv 906417 906419 -2 1
Sendrecv 906431 906432 -2 3
Sendrecv 906439 906442 -2 1
Sendrecv 906453 906454 -2 3
Sendrecv 906462 906463 -2 1
Sendrecv 906475 906476 -2 3
Sendrecv 906483 906484 -2 1
Sendrecv 906497 906498 -2 3
Sendrecv 906507 906509 -2 1
Sendrecv 906521 906522 -2 3
Sendrecv 906529 906530 -2 1
Sendrecv 906542 906543 -2 3
Sendrecv 906551 906552 -2 1
Sendrecv 906563 906564 -2 3
Sendrecv 906572 906573 -2 1
Sendrecv 906585 906586 -2 3
Sendrecv 906593 906594 -2 1
Sendrecv 906606 906607 -2 3
Sendrecv 906614 906616 -2 1
Sendrecv 906629 906631 -2 3
Sendrecv 906639 906640 -2 1
Sendrecv 906652 906653 -2 3
Sendrecv 906660 906662 -2 1
Sendrecv 906673 906674 -2 3
Sendrecv 906682 906683 -2 1
Sendrecv 906695 906696 -2 3
Sendrecv 906703 906705 -2 1
Sendrecv 906716 906717 -2 3
Sendrecv 906725 906726 -2 1
Sendrecv 906738 906739 -2 3
Sendrecv 906747 906747 -2 1
Sendrecv 906759 906760 -2 3
Sendrecv 906767 906769 -2 1
Sendrecv 906780 906781 -2 3
Sendrecv 906789 906790 -2 1
Sendrecv 906802 906803 -2 3
Sendrecv 906810 906812 -2 1
Sendrecv 906824 906827 -2 3
Sendrecv 906835 906836 -2 1
Sendrecv 906847 906851 -2 3
Sendrecv 906859 906860 -2 1
Sendrecv 906871 906872 -2 3
Sendrecv 906880 906882 -2 1
Sendrecv 906893 906894 -2 3
Sendrecv 906902 906903 -2 1
Sendrecv 906915 906916 -2 3
Sendrecv 906923 906924 -2 1
Sendrecv 906938 906948 -2 3
Sendrecv 906956 906961 -2 1
Sendrecv 906973 906974 -2 3
Sendrecv 906981 906982 -2 1
Sendrecv 906994 906995 -2 3
Sendrecv 907002 907004 -2 1
Sendrecv 907015 907016 -2 3
Sendrecv 907024 907025 -2 1
Sendrecv 907051 907052 -2 3
Sendrecv 907060 907061 -2 1
Sendrecv 907073 907074 -2 3
Sendrecv 907081 907083 -2 1
Sendrecv 907095 907096 -2 3
Sendrecv 907103 907105 -2 1
Sendrecv 907117 907118 -2 3
Sendrecv 907125 907127 -2 1
Sendrecv 907139 907140 -2 3
Sendrecv 907147 907149 -2 1
Sendrecv 907160 907161 -2 3
Sendrecv 907171 907172 -2 1
Sendrecv 907183 907184 -2 3
Sendrecv 907192 907193 -2 1
Sendrecv 907205 907206 -2 3
Sendrecv 907213 907215 -2 1
Sendrecv 907227 907227 -2 3
Sendrecv 907235 907237 -2 1
Sendrecv 907249 907250 -2 3
Sendrecv 907258 907259 -2 1
Sendrecv 907271 907272 -2 3
Sendrecv 907281 907284 -2 1
Sendrecv 907296 907297 -2 3
Sendrecv 907305 907306 -2 1
Sendrecv 907321 907325 -2 3
Sendrecv 907332 907333 -2 1
Sendrecv 907345 907371 -2 3
Sendrecv 907382 907383 -2 1
Sendrecv 907395 907396 -2 3
Sendrecv 907405 907406 -2 1
Sendrecv 907418 907419 -2 3
Sendrecv 907427 907428 -2 1
Sendrecv 907440 907441 -2 3
Sendrecv 907449 907450 -2 1
Sendrecv 907462 907463 -2 3
Sendrecv 907471 907472 -2 1
Sendrecv 907484 907485 -2 3
Sendrecv 907493 907494 -2 1
Sendrecv 907506 907507 -2 3
Sendrecv 907515 907517 -2 1
Sendrecv 907529 907530 -2 3
Sendrecv 907538 907539 -2 1
Sendrecv 907551 907552 -2 3
Sendrecv 907560 907561 -2 1
Sendrecv 907572 907573 -2 3
Sendrecv 907581 907583 -2 1
Sendrecv 907595 907596 -2 3
Sendrecv 907604 907605 -2 1
Sendrecv 907616 907617 -2 3
Sendrecv 907627 907629 -2 1
Sendrecv 907640 907641 -2 3
Sendrecv 907650 907652 -2 1
Sendrecv 907664 907665 -2 3
Sendrecv 907674 907675 -2 1
Sendrecv 907686 907687 -2 3
Sendrecv 907695 907696 -2 1
Sendrecv 907708 907709 -2 3
Sendrecv 907717 907718 -2 1
Sendrecv 907731 907732 -2 3
Sendrecv 907740 907741 -2 1
Sendrecv 907753 907754 -2 3
Sendrecv 907762 907763 -2 1
Sendrecv 907774 907775 -2 3
Sendrecv 907783 907785 -2 1
Sendrecv 907797 907798 -2 3
Sendrecv 907806 907807 -2 1
Sendrecv 907818 907819 -2 3
Sendrecv 907828 907829 -2 1
Sendrecv 907841 907842 -2 3
Sendrecv 907850 907851 -2 1
Sendrecv 907863 907864 -2 3
Sendrecv 907872 907873 -2 1
Sendrecv 907885 907886 -2 3
Sendrecv 907894 907895 -2 1
Sendrecv 907907 907908 -2 3
Sendrecv 907916 907917 -2 1
Sendrecv 907929 907930 -2 3
Sendrecv 907938 907941 -2 1
Sendrecv 907955 907956 -2 3
Sendrecv 907964 907965 -2 1
Sendrecv 907977 907978 -2 3
Sendrecv 907986 907989 -2 1
Sendrecv 908001 908002 -2 3
Sendrecv 908010 908011 -2 1
Sendrecv 908023 908024 -2 3
Sendrecv 908032 908033 -2 1
Sendrecv 908046 908047 -2 3
Sendrecv 908055 908056 -2 1
Sendrecv 908067 908068 -2 3
Sendrecv 908076 908077 -2 1
Sendrecv 908089 908090 -2 3
Sendrecv 908098 908100 -2 1
Sendrecv 908111 908112 -2 3
Sendrecv 908120 908122 -2 1
Sendrecv 908133 908134 -2 3
Sendrecv 908142 908144 -2 1
Sendrecv 908155 908156 -2 3
Sendrecv 908164 908166 -2 1
Sendrecv 908177 908178 -2 3
Sendrecv 908187 908188 -2 1
Sendrecv 908199 908201 -2 3
Sendrecv 908209 908210 -2 1
Sendrecv 908222 908223 -2 3
Sendrecv 908231 908232 -2 1
Sendrecv 908244 908245 -2 3
Sendrecv 908253 908256 -2 1
Sendrecv 908269 908270 -2 3
Sendrecv 908278 908279 -2 1
Sendrecv 908291 908292 -2 3
Sendrecv 908301 908302 -2 1
Sendrecv 908316 908320 -2 3
Sendrecv 908328 908329 -2 1
Sendrecv 908341 908344 -2 3
Sendrecv 908352 908353 -2 1
Sendrecv 908364 908367 -2 3
Sendrecv 908375 908376 -2 1
Sendrecv 908387 908388 -2 3
Sendrecv 908396 908398 -2 1
Sendrecv 908410 908411 -2 3
Sendrecv 908419 908420 -2 1
Sendrecv 908432 908450 -2 3
Sendrecv 908458 908463 -2 1
Sendrecv 908475 908476 -2 3
Sendrecv 908484 908486 -2 1
Sendrecv 908497 908498 -2 3
Sendrecv 908506 908508 -2 1
Sendrecv 908520 908521 -2 3
Sendrecv 908529 908530 -2 1
Sendrecv 908542 908543 -2 3
Sendrecv 908551 908552 -2 1
Sendrecv 908564 908565 -2 3
Sendrecv 908573 908575 -2 1
Sendrecv 908586 908587 -2 3
Sendrecv 908596 908598 -2 1
Sendrecv 908610 908611 -2 3
Sendrecv 908620 908622 -2 1
Sendrecv 908634 908635 -2 3
Sendrecv 908643 908644 -2 1
Sendrecv 908656 908657 -2 3
Sendrecv 908665 908667 -2 1
Sendrecv 908678 908679 -2 3
Sendrecv 908688 908689 -2 1
Sendrecv 908700 908701 -2 3
Sendrecv 908710 908711 -2 1
Sendrecv 908723 908724 -2 3
Sendrecv 908732 908733 -2 1
Sendrecv 908745 908746 -2 3
Sendrecv 908754 908755 -2 1
Sendrecv 908767 908768 -2 3
Sendrecv 908776 908778 -2 1
Sendrecv 908789 908790 -2 3
Sendrecv 908799 908800 -2 1
Sendrecv 908811 908812 -2 3
Sendrecv 908820 908822 -2 1
Sendrecv 908833 908834 -2 3
Sendrecv 908842 908844 -2 1
Sendrecv 908855 908856 -2 3
Sendrecv 908865 908866 -2 1
Sendrecv 908877 908878 -2 3
Sendrecv 908886 908888 -2 1
Sendrecv 908899 908900 -2 3
Sendrecv 908908 908911 -2 1
Sendrecv 908924 908925 -2 3
Sendrecv 908935 908936 -2 1
Sendrecv 908947 908948 -2 3
Sendrecv 908956 908958 -2 1
Sendrecv 908970 908971 -2 3
Sendrecv 908979 908980 -2 1
Sendrecv 908992 908993 -2 3
Sendrecv 909002 909003 -2 1
Sendrecv 909014 910058 -2 3
Sendrecv 910068 910069 -2 1
Sendrecv 910095 910096 -2 3
Sendrecv 910105 910109 -2 1
Sendrecv 910121 910122 -2 3
Sendrecv 910131 910132 -2 1
Sendrecv 910145 910146 -2 3
Sendrecv 910155 910156 -2 1
Sendrecv 910169 910170 -2 3
Sendrecv 910179 910180 -2 1
Sendrecv 910193 910194 -2 3
Sendrecv 910203 910204 -2 1
Sendrecv 910217 910218 -2 3
Sendrecv 910226 910228 -2 1
Sendrecv 910241 910242 -2 3
Sendrecv 910251 910252 -2 1
Sendrecv 910264 910265 -2 3
Sendrecv 910274 910276 -2 1
Sendrecv 910288 910289 -2 3
Sendrecv 910299 910304 -2 1
Sendrecv 910358 910401 -2 3
Sendrecv 910413 910414 -2 1
Sendrecv 910427 910433 -2 3
Sendrecv 910442 910443 -2 1
Sendrecv 910456 910461 -2 3
Sendrecv 910470 910474 -2 1
Sendrecv 910487 910492 -2 3
Sendrecv 910501 910502 -2 1
Sendrecv 910515 910516 -2 3
Sendrecv 910525 910526 -2 1
Sendrecv 910540 910541 -2 3
Sendrecv 910550 910551 -2 1
Sendrecv 910564 910565 -2 3
Sendrecv 910574 910575 -2 1
Sendrecv 910588 910589 -2 3
Sendrecv 910598 910599 -2 1
Sendrecv 910612 910613 -2 3
Sendrecv 910622 910623 -2 1
Sendrecv 910636 910637 -2 3
Sendrecv 910646 910650 -2 1
Sendrecv 910663 910664 -2 3
Sendrecv 910673 910674 -2 1
Sendrecv 910687 910688 -2 3
Sendrecv 910697 910698 -2 1
Sendrecv 910711 910712 -2 3
Sendrecv 910721 910722 -2 1
Sendrecv 910735 910736 -2 3
Sendrecv 910745 910746 -2 1
Sendrecv 910759 910761 -2 3
Sendrecv 910770 910772 -2 1
Sendrecv 910787 910788 -2 3
Sendrecv 910797 910798 -2 1
Sendrecv 910811 910812 -2 3
Sendrecv 910821 910822 -2 1
Sendrecv 910835 910836 -2 3
Sendrecv 910845 910846 -2 1
Sendrecv 910859 910860 -2 3
Sendrecv 910869 910871 -2 1
Sendrecv 910886 910887 -2 3
Sendrecv 910896 910897 -2 1
Sendrecv 910910 910911 -2 3
Sendrecv 910920 910921 -2 1
Sendrecv 910934 910935 -2 3
Sendrecv 910944 910945 -2 1
Sendrecv 910958 910959 -2 3
Sendrecv 910968 910969 -2 1
Sendrecv 910982 910983 -2 3
Sendrecv 910993 910994 -2 1
Sendrecv 911007 911012 -2 3
Sendrecv 911021 911022 -2 1
Sendrecv 911035 911038 -2 3
Sendrecv 911047 911048 -2 1
Sendrecv 911060 911062 -2 3
Sendrecv 911070 911072 -2 1
Sendrecv 911085 911086 -2 3
Sendrecv 911095 911097 -2 1
Sendrecv 911109 911110 -2 3
Sendrecv 911120 911123 -2 1
Sendrecv 911138 911158 -2 3
Sendrecv 911167 911172 -2 1
Sendrecv 911185 911186 -2 3
Sendrecv 911195 911197 -2 1
Sendrecv 911210 911211 -2 3
Sendrecv 911220 911221 -2 1
Sendrecv 911234 911235 -2 3
Sendrecv 911244 911245 -2 1
Sendrecv 911260 911261 -2 3
Sendrecv 911270 911271 -2 1
Sendrecv 911283 911285 -2 3
Sendrecv 911293 911295 -2 1
Sendrecv 911310 911312 -2 3
Sendrecv 911321 911322 -2 1
Sendrecv 911334 911335 -2 3
Sendrecv 911344 911345 -2 1
Sendrecv 911358 911359 -2 3
Sendrecv 911368 911369 -2 1
Sendrecv 911382 911383 -2 3
Sendrecv 911392 911393 -2 1
Sendrecv 911406 911407 -2 3
Sendrecv 911416 911417 -2 1
Sendrecv 911430 911431 -2 3
Sendrecv 911440 911441 -2 1
Sendrecv 911454 911455 -2 3
Sendrecv 911464 911465 -2 1
Sendrecv 911478 911479 -2 3
Sendrecv 911488 911491 -2 1
Sendrecv 911504 911505 -2 3
Sendrecv 911516 911517 -2 1
Sendrecv 911530 911531 -2 3
Sendrecv 911539 911541 -2 1
Sendrecv 911554 911555 -2 3
Sendrecv 911563 911565 -2 1
Sendrecv 911578 911579 -2 3
Sendrecv 911588 911590 -2 1
Sendrecv 911602 911603 -2 3
Sendrecv 911614 911615 -2 1
Sendrecv 911628 911629 -2 3
Sendrecv 911637 911639 -2 1
Sendrecv 911651 911652 -2 3
Sendrecv 911661 911662 -2 1
Sendrecv 911675 911676 -2 3
Sendrecv 911684 911691 -2 1
Sendrecv 913825 913926 -2 3
Sendrecv 913936 913992 -2 1
Sendrecv 914005 914006 -2 3
Sendrecv 914015 914017 -2 1
Sendrecv 914028 914032 -2 3
Sendrecv 914040 914041 -2 1
Sendrecv 914053 914055 -2 3
Sendrecv 914063 914064 -2 1
Sendrecv 914076 914084 -2 3
Sendrecv 914093 914094 -2 1
Sendrecv 914106 914107 -2 3
Sendrecv 914115 914117 -2 1
Sendrecv 914131 914132 -2 3
Sendrecv 914140 914141 -2 1
Sendrecv 914153 914155 -2 3
Sendrecv 914163 914164 -2 1
Sendrecv 914177 914178 -2 3
Sendrecv 914186 914188 -2 1
Sendrecv 914200 914201 -2 3
Sendrecv 914210 914211 -2 1
Sendrecv 914223 914224 -2 3
Sendrecv 914233 914234 -2 1
Sendrecv 914246 914247 -2 3
Sendrecv 914256 914257 -2 1
Sendrecv 914270 914271 -2 3
Sendrecv 914280 914281 -2 1
Sendrecv 914295 914296 -2 3
Sendrecv 914305 914307 -2 1
Sendrecv 914320 914321 -2 3
Sendrecv 914329 914332 -2 1
Sendrecv 914344 914345 -2 3
Sendrecv 914354 914355 -2 1
Sendrecv 914369 914370 -2 3
Sendrecv 914379 914380 -2 1
Sendrecv 914392 914393 -2 3
Sendrecv 914402 914403 -2 1
Sendrecv 914415 914416 -2 3
Sendrecv 914425 914426 -2 1
Sendrecv 914438 914439 -2 3
Sendrecv 914448 914450 -2 1
Sendrecv 914463 914464 -2 3
Sendrecv 914473 914474 -2 1
Sendrecv 914486 914487 -2 3
Sendrecv 914496 914497 -2 1
Sendrecv 914509 914510 -2 3
Sendrecv 914519 914521 -2 1
Sendrecv 914533 914534 -2 3
Sendrecv 914543 914544 -2 1
Sendrecv 914556 914558 -2 3
Sendrecv 914566 914567 -2 1
Sendrecv 914580 914581 -2 3
Sendrecv 914590 914591 -2 1
Sendrecv 914603 914604 -2 3
Sendrecv 914613 914614 -2 1
Sendrecv 914626 914627 -2 3
Sendrecv 914636 914637 -2 1
Sendrecv 914649 914650 -2 3
Sendrecv 914659 914660 -2 1
Sendrecv 914672 914674 -2 3
Sendrecv 914683 914685 -2 1
Sendrecv 914699 914700 -2 3
Sendrecv 914708 914710 -2 1
Sendrecv 914722 914724 -2 3
Sendrecv 914733 914734 -2 1
Sendrecv 914746 914747 -2 3
Sendrecv 914756 914757 -2 1
Sendrecv 914769 914770 -2 3
Sendrecv 914779 914780 -2 1
Sendrecv 914792 914793 -2 3
Sendrecv 914803 914804 -2 1
Sendrecv 914816 914818 -2 3
Sendrecv 914826 914827 -2 1
Sendrecv 914839 914840 -2 3
Sendrecv 914849 914850 -2 1
Sendrecv 914863 914864 -2 3
Sendrecv 914872 914873 -2 1
Sendrecv 914886 914887 -2 3
Sendrecv 914895 914897 -2 1
Sendrecv 914909 914910 -2 3
Sendrecv 914919 914920 -2 1
Sendrecv 914933 914934 -2 3
Sendrecv 914942 914944 -2 1
Sendrecv 914956 914957 -2 3
Sendrecv 914965 914967 -2 1
Sendrecv 914979 914980 -2 3
Sendrecv 914988 914990 -2 1
Sendrecv 915002 915003 -2 3
Sendrecv 915012 915015 -2 1
Sendrecv 915028 915029 -2 3
Sendrecv 915039 915040 -2 1
Sendrecv 915053 915054 -2 3
Sendrecv 915076 915077 -2 1
Sendrecv 915090 915091 -2 3
Sendrecv 915100 915101 -2 1
Sendrecv 915114 915115 -2 3
Sendrecv 915124 915125 -2 1
Sendrecv 915138 915139 -2 3
Sendrecv 915149 915150 -2 1
Sendrecv 915162 915164 -2 3
Sendrecv 915172 915174 -2 1
Sendrecv 915186 915188 -2 3
Sendrecv 915196 915198 -2 1
Sendrecv 915211 915212 -2 3
Sendrecv 915221 915222 -2 1
Sendrecv 915235 915236 -2 3
Sendrecv 915245 915246 -2 1
Sendrecv 915259 915260 -2 3
Sendrecv 915269 915270 -2 1
Sendrecv 915283 915284 -2 3
Sendrecv 915295 915296 -2 1
Sendrecv 915309 915310 -2 3
Sendrecv 915319 915321 -2 1
Sendrecv 915333 915334 -2 3
Sendrecv 915343 915344 -2 1
Sendrecv 915357 915358 -2 3
Sendrecv 915367 915370 -2 1
Sendrecv 915383 915384 -2 3
Sendrecv 915394 915395 -2 1
Sendrecv 915408 915409 -2 3
Sendrecv 915418 915420 -2 1
Sendrecv 915432 915434 -2 3
Sendrecv 915442 915444 -2 1
Sendrecv 915456 915457 -2 3
Sendrecv 915466 915468 -2 1
Sendrecv 915480 915481 -2 3
Sendrecv 915490 915493 -2 1
Sendrecv 915505 915506 -2 3
Sendrecv 915515 915517 -2 1
Sendrecv 915529 915530 -2 3
Sendrecv 915539 915540 -2 1
Sendrecv 915553 915554 -2 3
Sendrecv 915563 915564 -2 1
Sendrecv 915577 915578 -2 3
Sendrecv 915587 915588 -2 1
Sendrecv 915601 915602 -2 3
Sendrecv 915610 915612 -2 1
Sendrecv 915624 915626 -2 3
Sendrecv 915634 915636 -2 1
Sendrecv 915648 915649 -2 3
Sendrecv 915658 915659 -2 1
Sendrecv 915672 915673 -2 3
Sendrecv 915682 915683 -2 1
Sendrecv 915696 915697 -2 3
Sendrecv 915706 915708 -2 1
Sendrecv 915721 915722 -2 3
Sendrecv 915731 915732 -2 1
Sendrecv 915747 915748 -2 3
Sendrecv 915757 915758 -2 1
Sendrecv 915771 915772 -2 3
Sendrecv 915780 915782 -2 1
Sendrecv 915794 915795 -2 3
Sendrecv 915804 915806 -2 1
Sendrecv 915818 915819 -2 3
Sendrecv 915828 915829 -2 1
Sendrecv 915843 915844 -2 3
Sendrecv 915853 915854 -2 1
Sendrecv 915867 915868 -2 3
Sendrecv 915877 915878 -2 1
Sendrecv 915890 915891 -2 3
Sendrecv 915900 915901 -2 1
Sendrecv 915914 915915 -2 3
Sendrecv 915923 915925 -2 1
Sendrecv 915938 915939 -2 3
Sendrecv 915947 915949 -2 1
Sendrecv 915962 915963 -2 3
Sendrecv 915972 915973 -2 1
Sendrecv 915986 915987 -2 3
Sendrecv 915996 915997 -2 1
Sendrecv 916009 916010 -2 3
Sendrecv 916019 916021 -2 1
Sendrecv 916034 916035 -2 3
Sendrecv 916044 916045 -2 1
Sendrecv 916057 916059 -2 3
Sendrecv 916068 916071 -2 1
Sendrecv 916085 916087 -2 3
Sendrecv 916096 916097 -2 1
Sendrecv 916109 916110 -2 3
Sendrecv 916119 916120 -2 1
Sendrecv 916133 916134 -2 3
Sendrecv 916142 916144 -2 1
Sendrecv 916157 916158 -2 3
Sendrecv 916167 916168 -2 1
Sendrecv 916182 916183 -2 3
Sendrecv 916192 916193 -2 1
Sendrecv 916206 916207 -2 3
Sendrecv 916215 916217 -2 1
Sendrecv 916229 916230 -2 3
Sendrecv 916239 916241 -2 1
Sendrecv 916254 916255 -2 3
Sendrecv 916263 916265 -2 1
Sendrecv 916277 916278 -2 3
Sendrecv 916290 916291 -2 1
Sendrecv 916304 916305 -2 3
Sendrecv 916314 916316 -2 1
Sendrecv 916328 916330 -2 3
Sendrecv 916338 916340 -2 1
Sendrecv 916352 916353 -2 3
Sendrecv 916362 916363 -2 1
Sendrecv 916376 916377 -2 3
Sendrecv 916386 916387 -2 1
Sendrecv 916400 916401 -2 3
Sendrecv 916410 916413 -2 1
Sendrecv 916426 916427 -2 3
Sendrecv 916438 916439 -2 1
Sendrecv 916451 916452 -2 3
Sendrecv 916461 916463 -2 1
Sendrecv 916476 916477 -2 3
Sendrecv 916486 916487 -2 1
Sendrecv 916500 916501 -2 3
Sendrecv 916510 916511 -2 1
Sendrecv 916524 916525 -2 3
Sendrecv 916535 916536 -2 1
Sendrecv 916549 916550 -2 3
Sendrecv 916559 916560 -2 1
Sendrecv 916572 916573 -2 3
Sendrecv 916582 916583 -2 1
Sendrecv 916596 916597 -2 3
Sendrecv 916606 916607 -2 1
Sendrecv 916620 916621 -2 3
Sendrecv 916630 916631 -2 1
Sendrecv 916644 916645 -2 3
Sendrecv 916654 916655 -2 1
Sendrecv 916668 916669 -2 3
Sendrecv 916678 916679 -2 1
Sendrecv 916692 916693 -2 3
Sendrecv 916702 916703 -2 1
Sendrecv 916716 916717 -2 3
Sendrecv 916725 916727 -2 1
Sendrecv 916740 916741 -2 3
Sendrecv 916750 916752 -2 1
Sendrecv 916765 916767 -2 3
Sendrecv 916777 916778 -2 1
Sendrecv 916791 916792 -2 3
Sendrecv 916801 916803 -2 1
Sendrecv 916816 916817 -2 3
Sendrecv 916826 916827 -2 1
Sendrecv 916839 916840 -2 3
Sendrecv 916849 916850 -2 1
Sendrecv 916863 916864 -2 3
Sendrecv 916874 916875 -2 1
Sendrecv 916888 916889 -2 3
Sendrecv 916898 916899 -2 1
Sendrecv 916912 916913 -2 3
Sendrecv 916922 916923 -2 1
Sendrecv 916936 916937 -2 3
Sendrecv 916945 916947 -2 1
Sendrecv 916959 916960 -2 3
Sendrecv 916969 916971 -2 1
Sendrecv 916983 916984 -2 3
Sendrecv 916993 916995 -2 1
Sendrecv 917008 917009 -2 3
Sendrecv 917018 917019 -2 1
Sendrecv 917031 917032 -2 3
Sendrecv 917041 917043 -2 1
Sendrecv 917055 917056 -2 3
Sendrecv 917065 917066 -2 1
Sendrecv 917093 917094 -2 3
Sendrecv 917103 917106 -2 1
Sendrecv 917119 917120 -2 3
Sendrecv 917130 917131 -2 1
Sendrecv 917144 917146 -2 3
Sendrecv 917155 917158 -2 1
Sendrecv 917171 917172 -2 3
Sendrecv 917182 917183 -2 1
Sendrecv 917196 917197 -2 3
Sendrecv 917206 917207 -2 1
Sendrecv 917220 917221 -2 3
Sendrecv 917230 917233 -2 1
Sendrecv 917247 917248 -2 3
Sendrecv 917258 917259 -2 1
Sendrecv 917272 917273 -2 3
Sendrecv 917284 917286 -2 1
Sendrecv 917306 917311 -2 3
Sendrecv 917330 917332 -2 1
Sendrecv 917348 917349 -2 3
Sendrecv 917359 917360 -2 1
Sendrecv 917372 917374 -2 3
Sendrecv 917384 917386 -2 1
Sendrecv 917399 917400 -2 3
Sendrecv 917409 917410 -2 1
Sendrecv 917423 917424 -2 3
Sendrecv 917433 917434 -2 1
Sendrecv 917448 917449 -2 3
Sendrecv 917458 917460 -2 1
Sendrecv 917472 917473 -2 3
Sendrecv 917482 917486 -2 1
Sendrecv 917498 917499 -2 3
Sendrecv 917508 917510 -2 1
Sendrecv 917525 917526 -2 3
Sendrecv 917535 917538 -2 1
Sendrecv 917550 917551 -2 3
Sendrecv 917561 917562 -2 1
Sendrecv 917575 917576 -2 3
Sendrecv 917585 917586 -2 1
Sendrecv 917599 917600 -2 3
Sendrecv 917609 917611 -2 1
Sendrecv 917625 917626 -2 3
Sendrecv 917635 917636 -2 1
Sendrecv 917649 917650 -2 3
Sendrecv 917659 917660 -2 1
Sendrecv 917673 917674 -2 3
Sendrecv 917683 917685 -2 1
Sendrecv 917697 917698 -2 3
Sendrecv 917707 917709 -2 1
Sendrecv 917722 917723 -2 3
Sendrecv 917732 917733 -2 1
Sendrecv 917746 917747 -2 3
Sendrecv 917756 917759 -2 1
Sendrecv 917771 917772 -2 3
Sendrecv 917781 917783 -2 1
Sendrecv 917796 917797 -2 3
Sendrecv 917805 917807 -2 1
Sendrecv 917820 917821 -2 3
Sendrecv 917830 917832 -2 1
Sendrecv 917845 917846 -2 3
Sendrecv 917855 917858 -2 1
Sendrecv 917872 917873 -2 3
Sendrecv 917883 917884 -2 1
Sendrecv 917896 917899 -2 3
Sendrecv 917909 917910 -2 1
Sendrecv 917923 917924 -2 3
Sendrecv 917933 917935 -2 1
Sendrecv 917947 917949 -2 3
Sendrecv 917957 917959 -2 1
Sendrecv 917972 917973 -2 3
Sendrecv 917982 917984 -2 1
Sendrecv 917997 917999 -2 3
Sendrecv 918007 918009 -2 1
Sendrecv 918022 918023 -2 3
Sendrecv 918031 918033 -2 1
Sendrecv 918046 918047 -2 3
Sendrecv 918056 918058 -2 1
Sendrecv 918071 918072 -2 3
Sendrecv 918081 918082 -2 1
Sendrecv 918097 918098 -2 3
Sendrecv 918107 918108 -2 1
Sendrecv 918121 918122 -2 3
Sendrecv 918131 918133 -2 1
Sendrecv 918146 918147 -2 3
Sendrecv 918156 918157 -2 1
Sendrecv 918170 918171 -2 3
Sendrecv 918180 918181 -2 1
Sendrecv 918195 918196 -2 3
Sendrecv 918205 918208 -2 1
Sendrecv 918220 918221 -2 3
Sendrecv 918233 918234 -2 1
Sendrecv 918246 918248 -2 3
Sendrecv 918257 918259 -2 1
Sendrecv 918273 918275 -2 3
Sendrecv 918289 918290 -2 1
Sendrecv 918306 918307 -2 3
Sendrecv 918318 918319 -2 1
Sendrecv 918331 919955 -2 3
Sendrecv 919967 919968 -2 1
Sendrecv 919981 919982 -2 3
Sendrecv 919991 919996 -2 1
Sendrecv 920010 920011 -2 3
Sendrecv 920020 920023 -2 1
Sendrecv 920037 920038 -2 3
Sendrecv 920048 920049 -2 1
Sendrecv 920063 920064 -2 3
Sendrecv 920073 920074 -2 1
Sendrecv 920087 920088 -2 3
Sendrecv 920097 920099 -2 1
Sendrecv 920112 920113 -2 3
Sendrecv 920122 920124 -2 1
Sendrecv 920137 920138 -2 3
Sendrecv 920147 920148 -2 1
Sendrecv 920161 920162 -2 3
Sendrecv 920172 920173 -2 1
Sendrecv 920186 920187 -2 3
Sendrecv 920197 920199 -2 1
Sendrecv 920212 920213 -2 3
Sendrecv 920225 920226 -2 1
Sendrecv 920239 920240 -2 3
Sendrecv 920249 920251 -2 1
Sendrecv 920264 920265 -2 3
Sendrecv 920277 920279 -2 1
Sendrecv 920291 920294 -2 3
Sendrecv 920304 920305 -2 1
Sendrecv 920318 920319 -2 3
Sendrecv 920328 920331 -2 1
Sendrecv 920344 920345 -2 3
Sendrecv 920354 920356 -2 1
Sendrecv 920369 920419 -2 3
Sendrecv 920428 920429 -2 1
Sendrecv 920443 920445 -2 3
Sendrecv 920454 920454 -2 1
Sendrecv 920467 920491 -2 3
Sendrecv 920500 920501 -2 1
Sendrecv 920514 920515 -2 3
Sendrecv 920524 920526 -2 1
Sendrecv 920538 920540 -2 3
Sendrecv 920548 920550 -2 1
Sendrecv 920563 920564 -2 3
Sendrecv 920573 920576 -2 1
Sendrecv 920589 920597 -2 3
Sendrecv 920606 920607 -2 1
Sendrecv 920624 920628 -2 3
Sendrecv 920636 920646 -2 1
Sendrecv 920661 920666 -2 3
Sendrecv 920677 920678 -2 1
Sendrecv 920691 920694 -2 3
Sendrecv 920703 920707 -2 1
Sendrecv 920720 920724 -2 3
Sendrecv 920733 920734 -2 1
Sendrecv 920748 920755 -2 3
Sendrecv 920764 920765 -2 1
Sendrecv 920779 920783 -2 3
Sendrecv 920792 920793 -2 1
Sendrecv 920806 920807 -2 3
Sendrecv 920816 920817 -2 1
Sendrecv 920831 920832 -2 3
Sendrecv 920840 920871 -2 1
Sendrecv 920885 920887 -2 3
Sendrecv 920896 920897 -2 1
Sendrecv 920912 920915 -2 3
Sendrecv 920925 920926 -2 1
Sendrecv 920938 920939 -2 3
Sendrecv 920949 920950 -2 1
Sendrecv 920963 920964 -2 3
Sendrecv 920973 920975 -2 1
Sendrecv 920987 920988 -2 3
Sendrecv 920998 920999 -2 1
Sendrecv 921012 921013 -2 3
Sendrecv 921023 921024 -2 1
Sendrecv 921037 921038 -2 3
Sendrecv 921048 921050 -2 1
Sendrecv 921063 921064 -2 3
Sendrecv 921073 921074 -2 1
Sendrecv 921089 921090 -2 3
Sendrecv 921100 921101 -2 1
Sendrecv 921114 921115 -2 3
Sendrecv 921124 921125 -2 1
Sendrecv 921137 921139 -2 3
Sendrecv 921148 921150 -2 1
Sendrecv 921169 921170 -2 3
Sendrecv 921182 921183 -2 1
Allgatherv 921208 921817 -2 0 1 3 4 5 6
Barrier 925069 925367
Barrier 925385 925468
Barrier 981256 986065
Barrier 986079 986082
Finalize 1004429 1011777
