SYSTEM_START_US: 1776533529069387
Bcast 164560 164565 -1 0
Bcast 164596 164597 -1 0
Bcast 164621 164623 -1 0
Bcast 192645 192649 -1 0
Scatterv 192670 192986 -1 0
Sendrecv 193040 193485 -2 4
Sendrecv 193519 193782 -2 4
Sendrecv 193833 194006 -2 4
Sendrecv 194042 194125 -2 4
Sendrecv 194158 194161 -2 4
Sendrecv 194216 194294 -2 4
Sendrecv 194327 194329 -2 4
Sendrecv 194353 194410 -2 4
Sendrecv 194441 194590 -2 4
Sendrecv 194658 194663 -2 4
Sendrecv 194687 194689 -2 4
Sendrecv 194713 194723 -2 4
Sendrecv 194746 194817 -2 4
Sendrecv 194849 194873 -2 4
Sendrecv 194897 194914 -2 4
Sendrecv 194986 194987 -2 4
Sendrecv 195011 195020 -2 4
Sendrecv 195044 195059 -2 4
Sendrecv 195083 195157 -2 4
Sendrecv 195188 195254 -2 4
Sendrecv 195287 195365 -2 4
Sendrecv 195396 195398 -2 4
Sendrecv 195422 195430 -2 4
Sendrecv 195453 195468 -2 4
Sendrecv 195563 195565 -2 4
Sendrecv 195588 195590 -2 4
Sendrecv 195612 195626 -2 4
Sendrecv 195654 195678 -2 4
Sendrecv 195702 195715 -2 4
Sendrecv 195739 195752 -2 4
Sendrecv 195776 195923 -2 4
Sendrecv 195956 195959 -2 4
Sendrecv 195982 196235 -2 4
Sendrecv 196274 196280 -2 4
Sendrecv 196306 196308 -2 4
Sendrecv 196331 196336 -2 4
Sendrecv 196361 196374 -2 4
Sendrecv 196398 196411 -2 4
Sendrecv 196544 196546 -2 4
Sendrecv 196570 196572 -2 4
Sendrecv 196597 196607 -2 4
Sendrecv 196631 196644 -2 4
Sendrecv 196669 196684 -2 4
Sendrecv 196709 196722 -2 4
Sendrecv 196747 196759 -2 4
Sendrecv 196784 197020 -2 4
Sendrecv 197047 197168 -2 4
Sendrecv 197194 197247 -2 4
Sendrecv 197272 197290 -2 4
Sendrecv 197303 197332 -2 4
Sendrecv 197345 197371 -2 4
Sendrecv 197384 197412 -2 4
Sendrecv 197426 197450 -2 4
Sendrecv 197464 197488 -2 4
Sendrecv 197501 197524 -2 4
Sendrecv 197538 197564 -2 4
Sendrecv 197578 197614 -2 4
Sendrecv 197627 197659 -2 4
Sendrecv 197671 197695 -2 4
Sendrecv 197804 197805 -2 4
Sendrecv 197818 197825 -2 4
Sendrecv 197838 197865 -2 4
Sendrecv 197878 198030 -2 4
Sendrecv 198055 198057 -2 4
Sendrecv 198070 198094 -2 4
Sendrecv 198107 198133 -2 4
Sendrecv 198146 198171 -2 4
Sendrecv 198183 198208 -2 4
Sendrecv 198221 198246 -2 4
Sendrecv 198259 198658 -2 4
Sendrecv 198683 198684 -2 4
Sendrecv 198698 199034 -2 4
Sendrecv 199069 199074 -2 4
Sendrecv 199097 199099 -2 4
Sendrecv 199122 199132 -2 4
Sendrecv 199155 199174 -2 4
Sendrecv 199198 199211 -2 4
Sendrecv 199237 199251 -2 4
Sendrecv 199276 199292 -2 4
Sendrecv 199316 199329 -2 4
Sendrecv 199355 199369 -2 4
Sendrecv 199393 199409 -2 4
Sendrecv 199433 199446 -2 4
Sendrecv 199470 199485 -2 4
Sendrecv 199509 199523 -2 4
Sendrecv 199547 199560 -2 4
Sendrecv 199584 199601 -2 4
Sendrecv 199625 199638 -2 4
Sendrecv 199662 199675 -2 4
Sendrecv 199699 199713 -2 4
Sendrecv 200004 200007 -2 4
Sendrecv 200031 200033 -2 4
Sendrecv 200055 200071 -2 4
Sendrecv 200094 200110 -2 4
Sendrecv 200133 200154 -2 4
Sendrecv 200178 200191 -2 4
Sendrecv 200214 200230 -2 4
Sendrecv 200253 200269 -2 4
Sendrecv 200293 200309 -2 4
Sendrecv 200333 200346 -2 4
Sendrecv 200369 200385 -2 4
Sendrecv 200409 200423 -2 4
Sendrecv 200446 200460 -2 4
Sendrecv 200483 200497 -2 4
Sendrecv 200524 200996 -2 4
Sendrecv 201028 201030 -2 4
Sendrecv 201055 201353 -2 4
Sendrecv 201385 201387 -2 4
Sendrecv 201411 201421 -2 4
Sendrecv 201446 201460 -2 4
Sendrecv 201486 201499 -2 4
Sendrecv 201524 201540 -2 4
Sendrecv 201565 201581 -2 4
Sendrecv 201606 201619 -2 4
Sendrecv 201643 201659 -2 4
Sendrecv 201683 201699 -2 4
Sendrecv 201726 201739 -2 4
Sendrecv 201763 201779 -2 4
Sendrecv 201803 201817 -2 4
Sendrecv 201842 201856 -2 4
Sendrecv 201880 201904 -2 4
Sendrecv 201930 201947 -2 4
Sendrecv 201970 201981 -2 4
Sendrecv 202004 202020 -2 4
Sendrecv 202043 202057 -2 4
Sendrecv 202080 202100 -2 4
Sendrecv 202124 202145 -2 4
Sendrecv 202168 202188 -2 4
Sendrecv 202211 202225 -2 4
Sendrecv 202248 202262 -2 4
Sendrecv 202285 202301 -2 4
Sendrecv 202325 202337 -2 4
Sendrecv 202361 202375 -2 4
Sendrecv 202398 202414 -2 4
Sendrecv 202437 202451 -2 4
Sendrecv 202474 202488 -2 4
Sendrecv 202511 202525 -2 4
Sendrecv 202950 202952 -2 4
Sendrecv 202976 202978 -2 4
Sendrecv 202999 203014 -2 4
Sendrecv 203037 203055 -2 4
Sendrecv 203079 203092 -2 4
Sendrecv 203117 203135 -2 4
Sendrecv 203159 203173 -2 4
Sendrecv 203197 203209 -2 4
Sendrecv 203233 203245 -2 4
Sendrecv 203269 203283 -2 4
Sendrecv 203306 203323 -2 4
Sendrecv 203346 203359 -2 4
Sendrecv 203382 203398 -2 4
Sendrecv 203421 203434 -2 4
Sendrecv 203458 203472 -2 4
Sendrecv 203495 203509 -2 4
Sendrecv 203534 203550 -2 4
Sendrecv 203573 203586 -2 4
Sendrecv 203610 203624 -2 4
Sendrecv 203647 204143 -2 4
Sendrecv 204176 204293 -2 4
Sendrecv 204325 204327 -2 4
Sendrecv 204351 204368 -2 4
Sendrecv 204396 204405 -2 4
Sendrecv 204429 204447 -2 4
Sendrecv 204471 204487 -2 4
Sendrecv 204511 204527 -2 4
Sendrecv 204551 204567 -2 4
Sendrecv 204591 204604 -2 4
Sendrecv 204628 204645 -2 4
Sendrecv 204669 204681 -2 4
Sendrecv 204706 204722 -2 4
Sendrecv 204746 204759 -2 4
Sendrecv 204785 204798 -2 4
Sendrecv 204822 204838 -2 4
Sendrecv 204863 204878 -2 4
Sendrecv 204902 204918 -2 4
Sendrecv 204942 204956 -2 4
Sendrecv 204980 204996 -2 4
Sendrecv 205020 205036 -2 4
Sendrecv 205060 205075 -2 4
Sendrecv 205099 205115 -2 4
Sendrecv 205139 205152 -2 4
Sendrecv 205177 205192 -2 4
Sendrecv 205217 205232 -2 4
Sendrecv 205257 205270 -2 4
Sendrecv 205294 205310 -2 4
Sendrecv 205334 205356 -2 4
Sendrecv 205382 205400 -2 4
Sendrecv 205424 205435 -2 4
Sendrecv 205458 205475 -2 4
Sendrecv 205498 205512 -2 4
Sendrecv 205535 205550 -2 4
Sendrecv 205574 205598 -2 4
Sendrecv 205621 205644 -2 4
Sendrecv 205667 205677 -2 4
Sendrecv 205700 205716 -2 4
Sendrecv 205739 205752 -2 4
Sendrecv 205775 205793 -2 4
Sendrecv 205816 205828 -2 4
Sendrecv 205851 205867 -2 4
Sendrecv 205900 206055 -2 4
Sendrecv 206086 206088 -2 4
Sendrecv 206111 206113 -2 4
Sendrecv 206136 206150 -2 4
Sendrecv 206174 206189 -2 4
Sendrecv 206212 206234 -2 4
Sendrecv 206258 206335 -2 4
Sendrecv 206360 206464 -2 4
Sendrecv 206510 206553 -2 4
Sendrecv 207265 207268 -2 4
Sendrecv 207295 207337 -2 4
Sendrecv 207366 207425 -2 4
Sendrecv 207458 207485 -2 4
Sendrecv 207519 207538 -2 4
Sendrecv 207562 207603 -2 4
Sendrecv 207627 207642 -2 4
Sendrecv 207665 207684 -2 4
Sendrecv 207710 207729 -2 4
Sendrecv 207753 207770 -2 4
Sendrecv 207794 207810 -2 4
Sendrecv 207833 207847 -2 4
Sendrecv 207870 207938 -2 4
Sendrecv 207973 207975 -2 4
Sendrecv 208000 208067 -2 4
Sendrecv 208093 208102 -2 4
Sendrecv 208126 208149 -2 4
Sendrecv 208172 208186 -2 4
Sendrecv 208210 208226 -2 4
Sendrecv 208250 208266 -2 4
Sendrecv 208290 208303 -2 4
Sendrecv 208328 208343 -2 4
Sendrecv 208367 208383 -2 4
Sendrecv 208417 208466 -2 4
Sendrecv 208493 208502 -2 4
Sendrecv 208526 208542 -2 4
Sendrecv 208566 208584 -2 4
Sendrecv 208608 208621 -2 4
Sendrecv 208646 209513 -2 4
Sendrecv 209544 209989 -2 4
Sendrecv 210025 210027 -2 4
Sendrecv 210050 210068 -2 4
Sendrecv 210091 210128 -2 4
Sendrecv 210151 210164 -2 4
Sendrecv 210187 210204 -2 4
Sendrecv 210227 210244 -2 4
Sendrecv 210267 210283 -2 4
Sendrecv 210307 210322 -2 4
Sendrecv 210346 210359 -2 4
Sendrecv 210382 210398 -2 4
Sendrecv 210421 210436 -2 4
Sendrecv 210459 210489 -2 4
Sendrecv 210513 210529 -2 4
Sendrecv 210553 210565 -2 4
Sendrecv 210588 210609 -2 4
Sendrecv 210631 210648 -2 4
Sendrecv 210671 210688 -2 4
Sendrecv 210714 210740 -2 4
Sendrecv 210763 210780 -2 4
Sendrecv 210803 210820 -2 4
Sendrecv 210843 210859 -2 4
Sendrecv 210881 210898 -2 4
Sendrecv 210920 210937 -2 4
Sendrecv 210960 210977 -2 4
Sendrecv 210999 211016 -2 4
Sendrecv 211038 211055 -2 4
Sendrecv 211078 211095 -2 4
Sendrecv 211118 211135 -2 4
Sendrecv 211157 211177 -2 4
Sendrecv 211202 211219 -2 4
Sendrecv 211243 211256 -2 4
Sendrecv 211278 211295 -2 4
Sendrecv 211318 211335 -2 4
Sendrecv 211357 211374 -2 4
Sendrecv 211396 211413 -2 4
Sendrecv 211435 211452 -2 4
Sendrecv 211474 211491 -2 4
Sendrecv 211513 211530 -2 4
Sendrecv 211552 211569 -2 4
Sendrecv 211591 211609 -2 4
Sendrecv 211631 211649 -2 4
Sendrecv 211671 211688 -2 4
Sendrecv 211710 211727 -2 4
Sendrecv 211751 211769 -2 4
Sendrecv 211791 211808 -2 4
Sendrecv 211831 211848 -2 4
Sendrecv 211870 211886 -2 4
Sendrecv 211908 211927 -2 4
Sendrecv 211949 211967 -2 4
Sendrecv 211989 212003 -2 4
Sendrecv 212026 212044 -2 4
Sendrecv 212066 212083 -2 4
Sendrecv 212105 212122 -2 4
Sendrecv 212144 212161 -2 4
Sendrecv 212183 212200 -2 4
Sendrecv 212222 212240 -2 4
Sendrecv 212262 212279 -2 4
Sendrecv 212307 212320 -2 4
Sendrecv 212342 212360 -2 4
Sendrecv 212383 212396 -2 4
Sendrecv 212418 212437 -2 4
Sendrecv 212459 212477 -2 4
Sendrecv 212499 212516 -2 4
Sendrecv 212539 212557 -2 4
Sendrecv 212579 212596 -2 4
Sendrecv 212619 212633 -2 4
Sendrecv 212655 212673 -2 4
Sendrecv 212696 212712 -2 4
Sendrecv 212735 212753 -2 4
Sendrecv 212776 212793 -2 4
Sendrecv 212815 212833 -2 4
Sendrecv 212857 212874 -2 4
Sendrecv 212896 212913 -2 4
Sendrecv 212935 212952 -2 4
Sendrecv 212975 212991 -2 4
Sendrecv 213849 213861 -2 4
Sendrecv 213877 213961 -2 4
Sendrecv 213995 213998 -2 4
Sendrecv 214024 214026 -2 4
Sendrecv 214049 214059 -2 4
Sendrecv 214082 214097 -2 4
Sendrecv 214120 214150 -2 4
Sendrecv 214173 214193 -2 4
Sendrecv 214216 214232 -2 4
Sendrecv 214254 214270 -2 4
Sendrecv 214292 214310 -2 4
Sendrecv 214332 214348 -2 4
Sendrecv 214370 214387 -2 4
Sendrecv 214410 214426 -2 4
Sendrecv 214448 214464 -2 4
Sendrecv 214486 214505 -2 4
Sendrecv 214527 214545 -2 4
Sendrecv 214567 214583 -2 4
Sendrecv 214605 214623 -2 4
Sendrecv 214645 214662 -2 4
Sendrecv 214684 214701 -2 4
Sendrecv 214725 214742 -2 4
Sendrecv 214764 214780 -2 4
Sendrecv 214801 214821 -2 4
Sendrecv 214843 214857 -2 4
Sendrecv 214881 214898 -2 4
Sendrecv 214919 214937 -2 4
Sendrecv 214959 214976 -2 4
Sendrecv 214998 215013 -2 4
Sendrecv 215035 215054 -2 4
Sendrecv 215076 215093 -2 4
Sendrecv 215115 215132 -2 4
Sendrecv 215154 215168 -2 4
Sendrecv 215190 215207 -2 4
Sendrecv 215228 215246 -2 4
Sendrecv 215268 215286 -2 4
Sendrecv 215307 215325 -2 4
Sendrecv 215347 215365 -2 4
Sendrecv 215387 215402 -2 4
Sendrecv 215424 215442 -2 4
Sendrecv 215464 215480 -2 4
Sendrecv 215501 215520 -2 4
Sendrecv 215541 217381 -2 4
Sendrecv 217407 217415 -2 4
Sendrecv 217428 218633 -2 4
Sendrecv 218666 218671 -2 4
Sendrecv 218692 218705 -2 4
Sendrecv 218727 218744 -2 4
Sendrecv 218766 218783 -2 4
Sendrecv 218804 218822 -2 4
Sendrecv 218845 218860 -2 4
Sendrecv 218881 218898 -2 4
Sendrecv 218919 218936 -2 4
Sendrecv 218957 218973 -2 4
Sendrecv 218997 219010 -2 4
Sendrecv 219032 219049 -2 4
Sendrecv 219070 219088 -2 4
Sendrecv 219110 219127 -2 4
Sendrecv 219149 219165 -2 4
Sendrecv 219187 219203 -2 4
Sendrecv 219224 219240 -2 4
Sendrecv 219261 219277 -2 4
Sendrecv 219299 219316 -2 4
Sendrecv 219337 219352 -2 4
Sendrecv 219375 219400 -2 4
Sendrecv 219422 219434 -2 4
Sendrecv 219455 219470 -2 4
Sendrecv 219492 219508 -2 4
Sendrecv 219529 219544 -2 4
Sendrecv 219565 219582 -2 4
Sendrecv 219606 219629 -2 4
Sendrecv 219651 219668 -2 4
Sendrecv 219690 219705 -2 4
Sendrecv 219727 219743 -2 4
Sendrecv 219764 219780 -2 4
Sendrecv 219801 219816 -2 4
Sendrecv 219837 219853 -2 4
Sendrecv 219874 219890 -2 4
Sendrecv 219913 219927 -2 4
Sendrecv 219949 219965 -2 4
Sendrecv 219986 220001 -2 4
Sendrecv 220022 220038 -2 4
Sendrecv 220062 220075 -2 4
Sendrecv 220097 220113 -2 4
Sendrecv 220134 220149 -2 4
Sendrecv 220171 220188 -2 4
Sendrecv 220210 220226 -2 4
Sendrecv 220248 220263 -2 4
Sendrecv 220285 220300 -2 4
Sendrecv 220322 220338 -2 4
Sendrecv 220360 220376 -2 4
Sendrecv 220397 220413 -2 4
Sendrecv 220435 220452 -2 4
Sendrecv 220474 220489 -2 4
Sendrecv 220510 220528 -2 4
Sendrecv 220549 220566 -2 4
Sendrecv 220588 220604 -2 4
Sendrecv 220625 220642 -2 4
Sendrecv 220663 220680 -2 4
Sendrecv 220701 220718 -2 4
Sendrecv 220740 220758 -2 4
Sendrecv 220779 220795 -2 4
Sendrecv 220817 220832 -2 4
Sendrecv 220853 220871 -2 4
Sendrecv 220892 220909 -2 4
Sendrecv 220930 220946 -2 4
Sendrecv 220967 220983 -2 4
Sendrecv 221004 221023 -2 4
Sendrecv 221044 221061 -2 4
Sendrecv 221082 221099 -2 4
Sendrecv 221120 221137 -2 4
Sendrecv 221160 221175 -2 4
Sendrecv 221196 221212 -2 4
Sendrecv 221233 221250 -2 4
Sendrecv 221271 221292 -2 4
Sendrecv 221313 221329 -2 4
Sendrecv 221350 221366 -2 4
Sendrecv 221387 221404 -2 4
Sendrecv 221425 221442 -2 4
Sendrecv 221463 221480 -2 4
Sendrecv 221501 221519 -2 4
Sendrecv 221540 221555 -2 4
Sendrecv 221576 221592 -2 4
Sendrecv 221613 221630 -2 4
Sendrecv 221651 221668 -2 4
Sendrecv 221689 221706 -2 4
Sendrecv 221727 221744 -2 4
Sendrecv 221765 221782 -2 4
Sendrecv 221804 221831 -2 4
Sendrecv 221852 221865 -2 4
Sendrecv 221886 221902 -2 4
Sendrecv 221923 221939 -2 4
Sendrecv 221960 221975 -2 4
Sendrecv 221996 222012 -2 4
Sendrecv 222035 222065 -2 4
Sendrecv 222090 222106 -2 4
Sendrecv 222127 222144 -2 4
Sendrecv 222165 222182 -2 4
Sendrecv 222203 222220 -2 4
Sendrecv 222244 222259 -2 4
Sendrecv 222281 222296 -2 4
Sendrecv 222317 222334 -2 4
Sendrecv 222356 222374 -2 4
Sendrecv 222396 222413 -2 4
Sendrecv 222434 222450 -2 4
Sendrecv 222472 222488 -2 4
Sendrecv 222510 222527 -2 4
Sendrecv 222549 222565 -2 4
Sendrecv 222587 222603 -2 4
Sendrecv 222625 222722 -2 4
Sendrecv 222755 222799 -2 4
Sendrecv 222821 222850 -2 4
Sendrecv 222872 222890 -2 4
Sendrecv 222912 222928 -2 4
Sendrecv 222950 222966 -2 4
Sendrecv 222988 223008 -2 4
Sendrecv 223030 223107 -2 4
Sendrecv 223130 223195 -2 4
Sendrecv 224551 224554 -2 4
Sendrecv 224576 224590 -2 4
Sendrecv 224611 224633 -2 4
Sendrecv 224655 224666 -2 4
Sendrecv 224688 224725 -2 4
Sendrecv 224746 224768 -2 4
Sendrecv 224789 224805 -2 4
Sendrecv 224827 224843 -2 4
Sendrecv 224865 224881 -2 4
Sendrecv 224903 224920 -2 4
Sendrecv 224942 224958 -2 4
Sendrecv 224979 224997 -2 4
Sendrecv 225018 225035 -2 4
Sendrecv 225057 225072 -2 4
Sendrecv 225093 225113 -2 4
Sendrecv 225134 225150 -2 4
Sendrecv 225177 225204 -2 4
Sendrecv 225227 225242 -2 4
Sendrecv 225266 225276 -2 4
Sendrecv 225298 225317 -2 4
Sendrecv 225338 225356 -2 4
Sendrecv 225377 225395 -2 4
Sendrecv 225416 225432 -2 4
Sendrecv 225454 225472 -2 4
Sendrecv 225493 225508 -2 4
Sendrecv 225530 225551 -2 4
Sendrecv 225572 225588 -2 4
Sendrecv 225609 225625 -2 4
Sendrecv 225646 225663 -2 4
Sendrecv 225684 225700 -2 4
Sendrecv 225721 225737 -2 4
Sendrecv 225758 225775 -2 4
Sendrecv 225796 225814 -2 4
Sendrecv 225835 225851 -2 4
Sendrecv 225872 225901 -2 4
Sendrecv 225924 225941 -2 4
Sendrecv 225962 225973 -2 4
Sendrecv 225994 226010 -2 4
Sendrecv 226031 226047 -2 4
Sendrecv 226068 226084 -2 4
Sendrecv 226105 226133 -2 4
Sendrecv 226162 226190 -2 4
Sendrecv 226212 226224 -2 4
Sendrecv 226245 226264 -2 4
Sendrecv 226285 226303 -2 4
Sendrecv 226325 226338 -2 4
Sendrecv 226361 226375 -2 4
Sendrecv 226398 226415 -2 4
Sendrecv 226436 226452 -2 4
Sendrecv 226474 226490 -2 4
Sendrecv 226512 226528 -2 4
Sendrecv 226550 226565 -2 4
Sendrecv 226587 226603 -2 4
Sendrecv 226625 226638 -2 4
Sendrecv 226660 226678 -2 4
Sendrecv 226700 226716 -2 4
Sendrecv 226737 226753 -2 4
Sendrecv 226774 226790 -2 4
Sendrecv 226811 226828 -2 4
Sendrecv 226849 226865 -2 4
Sendrecv 226886 226902 -2 4
Sendrecv 226926 228538 -2 4
Sendrecv 228571 228703 -2 4
Sendrecv 228732 228760 -2 4
Sendrecv 228783 228799 -2 4
Sendrecv 228821 228836 -2 4
Sendrecv 228859 228875 -2 4
Sendrecv 228897 228913 -2 4
Sendrecv 228935 228949 -2 4
Sendrecv 228972 228986 -2 4
Sendrecv 229008 229025 -2 4
Sendrecv 229047 229061 -2 4
Sendrecv 229084 229098 -2 4
Sendrecv 229120 229134 -2 4
Sendrecv 229163 229177 -2 4
Sendrecv 229202 229218 -2 4
Sendrecv 229241 229256 -2 4
Sendrecv 229278 229294 -2 4
Sendrecv 229316 229330 -2 4
Sendrecv 229352 229368 -2 4
Sendrecv 229391 229405 -2 4
Sendrecv 229428 229442 -2 4
Sendrecv 229464 229480 -2 4
Sendrecv 229502 229516 -2 4
Sendrecv 229538 229553 -2 4
Sendrecv 229575 229591 -2 4
Sendrecv 229613 229629 -2 4
Sendrecv 229651 229667 -2 4
Sendrecv 229689 229703 -2 4
Sendrecv 229725 229741 -2 4
Sendrecv 229765 229780 -2 4
Sendrecv 229802 229818 -2 4
Sendrecv 229841 229855 -2 4
Sendrecv 229877 229892 -2 4
Sendrecv 229915 229931 -2 4
Sendrecv 229952 229967 -2 4
Sendrecv 229989 230005 -2 4
Sendrecv 230027 230042 -2 4
Sendrecv 230065 230081 -2 4
Sendrecv 230103 230119 -2 4
Sendrecv 230141 230160 -2 4
Sendrecv 230183 230199 -2 4
Sendrecv 230221 230234 -2 4
Sendrecv 230259 230272 -2 4
Sendrecv 230297 230314 -2 4
Sendrecv 230336 230349 -2 4
Sendrecv 230371 230387 -2 4
Sendrecv 230409 230423 -2 4
Sendrecv 230445 230460 -2 4
Sendrecv 230482 230499 -2 4
Sendrecv 230521 230533 -2 4
Sendrecv 230556 230571 -2 4
Sendrecv 230594 230607 -2 4
Sendrecv 230629 230645 -2 4
Sendrecv 230667 230681 -2 4
Sendrecv 230703 230717 -2 4
Sendrecv 230739 230755 -2 4
Sendrecv 230776 230792 -2 4
Sendrecv 230813 230831 -2 4
Sendrecv 230852 230867 -2 4
Sendrecv 230889 230904 -2 4
Sendrecv 230926 230941 -2 4
Sendrecv 230962 230978 -2 4
Sendrecv 230999 231015 -2 4
Sendrecv 231036 231052 -2 4
Sendrecv 231073 231089 -2 4
Sendrecv 231110 231126 -2 4
Sendrecv 231148 231170 -2 4
Sendrecv 231192 231208 -2 4
Sendrecv 231230 231244 -2 4
Sendrecv 231266 231281 -2 4
Sendrecv 231302 231318 -2 4
Sendrecv 231342 231356 -2 4
Sendrecv 231378 231394 -2 4
Sendrecv 231415 231431 -2 4
Sendrecv 231452 231468 -2 4
Sendrecv 231489 231504 -2 4
Sendrecv 231525 231541 -2 4
Sendrecv 231562 231578 -2 4
Sendrecv 231599 231615 -2 4
Sendrecv 231636 231651 -2 4
Sendrecv 231672 231687 -2 4
Sendrecv 231708 231724 -2 4
Sendrecv 231745 231762 -2 4
Sendrecv 231783 231798 -2 4
Sendrecv 231819 231835 -2 4
Sendrecv 231858 231872 -2 4
Sendrecv 231894 231911 -2 4
Sendrecv 231932 231948 -2 4
Sendrecv 231969 231985 -2 4
Sendrecv 232006 232020 -2 4
Sendrecv 232041 232057 -2 4
Sendrecv 232078 232094 -2 4
Sendrecv 232115 232129 -2 4
Sendrecv 232150 232171 -2 4
Sendrecv 232193 232209 -2 4
Sendrecv 232229 232246 -2 4
Sendrecv 232267 232283 -2 4
Sendrecv 232303 232320 -2 4
Sendrecv 232341 232357 -2 4
Sendrecv 232382 232393 -2 4
Sendrecv 232414 232433 -2 4
Sendrecv 232454 232470 -2 4
Sendrecv 232491 232506 -2 4
Sendrecv 232527 232543 -2 4
Sendrecv 232564 232578 -2 4
Sendrecv 232599 232615 -2 4
Sendrecv 232636 232652 -2 4
Sendrecv 232672 232689 -2 4
Sendrecv 232709 232725 -2 4
Sendrecv 232745 232761 -2 4
Sendrecv 232781 232798 -2 4
Sendrecv 232819 232835 -2 4
Sendrecv 232856 232871 -2 4
Sendrecv 232894 232908 -2 4
Sendrecv 232929 232947 -2 4
Sendrecv 232968 232984 -2 4
Sendrecv 233004 233020 -2 4
Sendrecv 233040 233057 -2 4
Sendrecv 233077 233094 -2 4
Sendrecv 233114 233131 -2 4
Sendrecv 233151 233173 -2 4
Sendrecv 233194 233210 -2 4
Sendrecv 233230 233250 -2 4
Sendrecv 233270 233286 -2 4
Sendrecv 233306 233323 -2 4
Sendrecv 233343 233360 -2 4
Sendrecv 233380 233397 -2 4
Sendrecv 233419 233434 -2 4
Sendrecv 233456 233472 -2 4
Sendrecv 233492 233510 -2 4
Sendrecv 233530 233546 -2 4
Sendrecv 233566 233583 -2 4
Sendrecv 233602 233619 -2 4
Sendrecv 233639 233656 -2 4
Sendrecv 233675 233692 -2 4
Sendrecv 233711 233729 -2 4
Sendrecv 233749 233766 -2 4
Sendrecv 233786 233803 -2 4
Sendrecv 233823 233839 -2 4
Sendrecv 233858 233876 -2 4
Sendrecv 233895 233912 -2 4
Sendrecv 233934 233947 -2 4
Sendrecv 233967 233986 -2 4
Sendrecv 234006 234022 -2 4
Sendrecv 234041 234057 -2 4
Sendrecv 234077 234093 -2 4
Sendrecv 234113 234129 -2 4
Sendrecv 234148 234177 -2 4
Sendrecv 234201 234218 -2 4
Sendrecv 234238 234253 -2 4
Sendrecv 234273 234289 -2 4
Sendrecv 234309 234327 -2 4
Sendrecv 234347 234363 -2 4
Sendrecv 234383 234398 -2 4
Sendrecv 234418 234434 -2 4
Sendrecv 234456 234469 -2 4
Sendrecv 234492 234505 -2 4
Sendrecv 234525 234543 -2 4
Sendrecv 234563 234579 -2 4
Sendrecv 234599 234614 -2 4
Sendrecv 234634 234650 -2 4
Sendrecv 234669 234685 -2 4
Sendrecv 234705 234720 -2 4
Sendrecv 234740 234756 -2 4
Sendrecv 234776 234791 -2 4
Sendrecv 234810 234827 -2 4
Sendrecv 234847 234862 -2 4
Sendrecv 234882 234898 -2 4
Sendrecv 234917 234932 -2 4
Sendrecv 234952 234968 -2 4
Sendrecv 234987 235004 -2 4
Sendrecv 235024 235041 -2 4
Sendrecv 235061 235076 -2 4
Sendrecv 235096 235111 -2 4
Sendrecv 235131 235147 -2 4
Sendrecv 235174 235185 -2 4
Sendrecv 236957 236960 -2 4
Sendrecv 236973 237005 -2 4
Sendrecv 237016 237052 -2 4
Sendrecv 237065 237228 -2 4
Sendrecv 237256 237258 -2 4
Sendrecv 237279 237293 -2 4
Sendrecv 237313 237327 -2 4
Sendrecv 237348 237363 -2 4
Sendrecv 237383 237399 -2 4
Sendrecv 237419 237434 -2 4
Sendrecv 237453 237469 -2 4
Sendrecv 237489 237504 -2 4
Sendrecv 237524 237538 -2 4
Sendrecv 237558 237573 -2 4
Sendrecv 237593 237609 -2 4
Sendrecv 237628 237643 -2 4
Sendrecv 237663 237679 -2 4
Sendrecv 237699 237715 -2 4
Sendrecv 237734 237750 -2 4
Sendrecv 237769 237783 -2 4
Sendrecv 237803 237818 -2 4
Sendrecv 237841 237852 -2 4
Sendrecv 237872 237887 -2 4
Sendrecv 237909 237923 -2 4
Sendrecv 237942 237959 -2 4
Sendrecv 237978 237992 -2 4
Sendrecv 238011 238026 -2 4
Sendrecv 238046 238060 -2 4
Sendrecv 238080 238095 -2 4
Sendrecv 238114 238129 -2 4
Sendrecv 238148 238169 -2 4
Sendrecv 238273 238388 -2 4
Sendrecv 238411 238425 -2 4
Sendrecv 238446 238463 -2 4
Sendrecv 238484 238516 -2 4
Sendrecv 238536 238551 -2 4
Sendrecv 238571 238586 -2 4
Sendrecv 238606 238624 -2 4
Sendrecv 238644 238659 -2 4
Sendrecv 238679 238695 -2 4
Sendrecv 238715 238728 -2 4
Sendrecv 238749 238762 -2 4
Sendrecv 238782 238799 -2 4
Sendrecv 238819 238972 -2 4
Sendrecv 238994 239007 -2 4
Sendrecv 239027 239051 -2 4
Sendrecv 239073 239279 -2 4
Sendrecv 239302 240156 -2 4
Sendrecv 240190 240192 -2 4
Sendrecv 240215 240246 -2 4
Sendrecv 240267 240283 -2 4
Sendrecv 240302 240315 -2 4
Sendrecv 240335 240347 -2 4
Sendrecv 240366 240379 -2 4
Sendrecv 240399 240410 -2 4
Sendrecv 240430 240443 -2 4
Sendrecv 240462 240477 -2 4
Sendrecv 240496 240508 -2 4
Sendrecv 240528 240541 -2 4
Sendrecv 240560 240573 -2 4
Sendrecv 240593 240605 -2 4
Sendrecv 240625 240637 -2 4
Sendrecv 240657 240670 -2 4
Sendrecv 240690 240713 -2 4
Sendrecv 240734 240866 -2 4
Sendrecv 240917 240927 -2 4
Sendrecv 240950 240964 -2 4
Sendrecv 240985 241000 -2 4
Sendrecv 241021 241038 -2 4
Sendrecv 241081 241087 -2 4
Sendrecv 241114 241147 -2 4
Sendrecv 241236 241239 -2 4
Sendrecv 241260 241283 -2 4
Sendrecv 241303 241354 -2 4
Sendrecv 241389 241392 -2 4
Sendrecv 241417 241423 -2 4
Sendrecv 241451 241457 -2 4
Sendrecv 241483 241490 -2 4
Sendrecv 241514 241523 -2 4
Sendrecv 241544 241578 -2 4
Sendrecv 241602 241622 -2 4
Sendrecv 241643 241655 -2 4
Sendrecv 241675 241688 -2 4
Sendrecv 241708 241721 -2 4
Sendrecv 241742 241754 -2 4
Sendrecv 241774 241806 -2 4
Sendrecv 241826 241838 -2 4
Sendrecv 241858 241870 -2 4
Sendrecv 241890 241903 -2 4
Sendrecv 241922 241938 -2 4
Sendrecv 241958 241970 -2 4
Sendrecv 241995 246083 -2 4
Sendrecv 246117 246152 -2 4
Sendrecv 246164 248479 -2 4
Sendrecv 248507 248512 -2 4
Sendrecv 248532 248534 -2 4
Sendrecv 248554 248558 -2 4
Sendrecv 248579 248592 -2 4
Sendrecv 248612 248623 -2 4
Sendrecv 248643 248655 -2 4
Sendrecv 248675 248688 -2 4
Sendrecv 248709 248718 -2 4
Sendrecv 248740 248749 -2 4
Sendrecv 248769 248780 -2 4
Sendrecv 248800 248810 -2 4
Sendrecv 248830 248842 -2 4
Sendrecv 248864 248875 -2 4
Sendrecv 248896 248906 -2 4
Sendrecv 248926 248936 -2 4
Sendrecv 248957 248967 -2 4
Sendrecv 248987 248998 -2 4
Sendrecv 249018 249031 -2 4
Sendrecv 249051 249063 -2 4
Sendrecv 249083 249106 -2 4
Sendrecv 249128 249137 -2 4
Sendrecv 249157 249163 -2 4
Sendrecv 249183 249193 -2 4
Sendrecv 249213 249224 -2 4
Sendrecv 249244 249255 -2 4
Sendrecv 249275 249287 -2 4
Sendrecv 249308 249320 -2 4
Sendrecv 249340 249352 -2 4
Sendrecv 249372 249382 -2 4
Sendrecv 249402 249414 -2 4
Sendrecv 249433 249445 -2 4
Sendrecv 249465 249476 -2 4
Sendrecv 249495 249511 -2 4
Sendrecv 249530 249541 -2 4
Sendrecv 249560 249572 -2 4
Sendrecv 249592 249604 -2 4
Sendrecv 249623 249635 -2 4
Sendrecv 249657 249665 -2 4
Sendrecv 249686 249697 -2 4
Sendrecv 249717 249728 -2 4
Sendrecv 249747 249761 -2 4
Sendrecv 249784 249794 -2 4
Sendrecv 249813 249823 -2 4
Sendrecv 249842 249855 -2 4
Sendrecv 249874 249886 -2 4
Sendrecv 249905 249916 -2 4
Sendrecv 249936 249950 -2 4
Sendrecv 249969 249983 -2 4
Sendrecv 250003 250012 -2 4
Sendrecv 250032 250043 -2 4
Sendrecv 250062 250075 -2 4
Sendrecv 250106 250112 -2 4
Sendrecv 250132 250143 -2 4
Sendrecv 250161 250174 -2 4
Sendrecv 250193 250209 -2 4
Sendrecv 250228 250238 -2 4
Sendrecv 250257 250269 -2 4
Sendrecv 250288 250299 -2 4
Sendrecv 250318 250331 -2 4
Sendrecv 250350 250362 -2 4
Sendrecv 250380 250397 -2 4
Sendrecv 250416 250426 -2 4
Sendrecv 250445 250458 -2 4
Sendrecv 250476 250488 -2 4
Sendrecv 250507 250519 -2 4
Sendrecv 250540 250550 -2 4
Sendrecv 250569 250581 -2 4
Sendrecv 250599 250612 -2 4
Sendrecv 250630 250644 -2 4
Sendrecv 250665 250676 -2 4
Sendrecv 250695 250707 -2 4
Sendrecv 250726 250739 -2 4
Sendrecv 250757 250769 -2 4
Sendrecv 250788 250801 -2 4
Sendrecv 250820 250837 -2 4
Sendrecv 250856 250866 -2 4
Sendrecv 250885 250897 -2 4
Sendrecv 250916 250928 -2 4
Sendrecv 250946 250959 -2 4
Sendrecv 250978 250990 -2 4
Sendrecv 251009 251022 -2 4
Sendrecv 251041 251052 -2 4
Sendrecv 251071 251086 -2 4
Sendrecv 251116 251126 -2 4
Sendrecv 251145 251155 -2 4
Sendrecv 251173 251186 -2 4
Sendrecv 251204 251218 -2 4
Sendrecv 251236 251249 -2 4
Sendrecv 251267 251282 -2 4
Sendrecv 251301 251314 -2 4
Sendrecv 251333 251345 -2 4
Sendrecv 251364 251376 -2 4
Sendrecv 251395 251407 -2 4
Sendrecv 251426 251441 -2 4
Sendrecv 251459 251470 -2 4
Sendrecv 251488 251504 -2 4
Sendrecv 251522 251534 -2 4
Sendrecv 251553 251565 -2 4
Sendrecv 251585 251596 -2 4
Sendrecv 251614 251628 -2 4
Sendrecv 251647 251659 -2 4
Sendrecv 251677 251693 -2 4
Sendrecv 251713 251724 -2 4
Sendrecv 251742 251756 -2 4
Sendrecv 251773 251787 -2 4
Sendrecv 251805 251818 -2 4
Sendrecv 251836 251849 -2 4
Sendrecv 251867 251880 -2 4
Sendrecv 251898 251911 -2 4
Sendrecv 251929 251944 -2 4
Sendrecv 251962 251975 -2 4
Sendrecv 251993 252006 -2 4
Sendrecv 252023 252037 -2 4
Sendrecv 252055 252068 -2 4
Sendrecv 252086 252104 -2 4
Sendrecv 252124 252138 -2 4
Sendrecv 252155 252168 -2 4
Sendrecv 252186 252203 -2 4
Sendrecv 252221 252233 -2 4
Sendrecv 252250 252265 -2 4
Sendrecv 252282 252295 -2 4
Sendrecv 252312 252326 -2 4
Sendrecv 252346 252357 -2 4
Sendrecv 252375 252392 -2 4
Sendrecv 252410 252421 -2 4
Sendrecv 252438 252452 -2 4
Sendrecv 252472 252484 -2 4
Sendrecv 252502 252514 -2 4
Sendrecv 252532 252547 -2 4
Sendrecv 252565 252576 -2 4
Sendrecv 252594 252608 -2 4
Sendrecv 252627 252642 -2 4
Sendrecv 252659 252673 -2 4
Sendrecv 252691 252704 -2 4
Sendrecv 252721 252735 -2 4
Sendrecv 252753 252766 -2 4
Sendrecv 252783 252797 -2 4
Sendrecv 252815 252831 -2 4
Sendrecv 252848 252861 -2 4
Sendrecv 252879 252892 -2 4
Sendrecv 252911 252924 -2 4
Sendrecv 252941 252955 -2 4
Sendrecv 252972 252988 -2 4
Sendrecv 253006 253017 -2 4
Sendrecv 253034 253048 -2 4
Sendrecv 253066 253082 -2 4
Sendrecv 253110 253121 -2 4
Sendrecv 253138 253151 -2 4
Sendrecv 253168 253182 -2 4
Sendrecv 253199 253213 -2 4
Sendrecv 253233 253247 -2 4
Sendrecv 253264 253278 -2 4
Sendrecv 253296 253309 -2 4
Sendrecv 253326 253340 -2 4
Sendrecv 253358 253370 -2 4
Sendrecv 253390 253404 -2 4
Sendrecv 253422 253433 -2 4
Sendrecv 253450 253464 -2 4
Sendrecv 253482 253495 -2 4
Sendrecv 253513 253528 -2 4
Sendrecv 253546 253560 -2 4
Sendrecv 253577 253591 -2 4
Sendrecv 253608 253622 -2 4
Sendrecv 253639 253652 -2 4
Sendrecv 253669 253686 -2 4
Sendrecv 253703 253717 -2 4
Sendrecv 253734 253748 -2 4
Sendrecv 253765 253778 -2 4
Sendrecv 253796 253809 -2 4
Sendrecv 253827 253840 -2 4
Sendrecv 253858 253872 -2 4
Sendrecv 253889 253902 -2 4
Sendrecv 253920 253933 -2 4
Sendrecv 253950 253966 -2 4
Sendrecv 253983 254000 -2 4
Sendrecv 254018 254029 -2 4
Sendrecv 254046 254061 -2 4
Sendrecv 254079 254092 -2 4
Sendrecv 254120 254134 -2 4
Sendrecv 254154 254163 -2 4
Sendrecv 254181 254195 -2 4
Sendrecv 254212 254225 -2 4
Sendrecv 254243 254260 -2 4
Sendrecv 254279 254288 -2 4
Sendrecv 254306 254320 -2 4
Sendrecv 254338 254352 -2 4
Sendrecv 254369 254383 -2 4
Sendrecv 254400 254416 -2 4
Sendrecv 254434 254447 -2 4
Sendrecv 254464 254479 -2 4
Sendrecv 254496 254509 -2 4
Sendrecv 254526 254540 -2 4
Sendrecv 254558 254573 -2 4
Sendrecv 254591 254604 -2 4
Sendrecv 254622 254635 -2 4
Sendrecv 254652 254667 -2 4
Sendrecv 254685 254698 -2 4
Sendrecv 254715 254732 -2 4
Sendrecv 254749 254760 -2 4
Allgatherv 254801 255674 -2 0 1 2 3 4
Barrier 258878 260288
Barrier 260312 260411
Barrier 348095 350122
Barrier 350137 350142
Finalize 350572 352072
