SYSTEM_START_US: 1775663253159695
Bcast 853693 853695 -1 0
Bcast 853718 853719 -1 0
Bcast 853733 853734 -1 0
Bcast 896214 896216 -1 0
Scatterv 896235 896342 -1 0
Sendrecv 896369 896532 -2 4
Sendrecv 896546 896615 -2 2
Sendrecv 896642 896646 -2 4
Sendrecv 896651 896774 -2 2
Sendrecv 896789 896792 -2 4
Sendrecv 896809 896838 -2 2
Sendrecv 896859 896863 -2 4
Sendrecv 896872 896904 -2 2
Sendrecv 896920 896922 -2 4
Sendrecv 896957 896960 -2 2
Sendrecv 896974 896975 -2 4
Sendrecv 896983 897014 -2 2
Sendrecv 897026 897029 -2 4
Sendrecv 897037 897041 -2 2
Sendrecv 897053 897104 -2 4
Sendrecv 897151 897152 -2 2
Sendrecv 897163 897164 -2 4
Sendrecv 897171 897219 -2 2
Sendrecv 897231 897232 -2 4
Sendrecv 897240 897258 -2 2
Sendrecv 897270 897271 -2 4
Sendrecv 897279 897295 -2 2
Sendrecv 897307 897308 -2 4
Sendrecv 897316 897317 -2 2
Sendrecv 897378 897379 -2 4
Sendrecv 897387 897387 -2 2
Sendrecv 897400 897401 -2 4
Sendrecv 897409 897417 -2 2
Sendrecv 897430 897431 -2 4
Sendrecv 897439 897442 -2 2
Sendrecv 897453 897461 -2 4
Sendrecv 897470 897470 -2 2
Sendrecv 897481 897489 -2 4
Sendrecv 897497 897535 -2 2
Sendrecv 897547 897548 -2 4
Sendrecv 897556 897556 -2 2
Sendrecv 897568 897571 -2 4
Sendrecv 897579 897580 -2 2
Sendrecv 897664 897672 -2 4
Sendrecv 897681 897682 -2 2
Sendrecv 897693 897698 -2 4
Sendrecv 897706 897708 -2 2
Sendrecv 897719 897721 -2 4
Sendrecv 897729 897730 -2 2
Sendrecv 897741 897744 -2 4
Sendrecv 897753 897754 -2 2
Sendrecv 897765 897766 -2 4
Sendrecv 897775 897776 -2 2
Sendrecv 897788 897822 -2 4
Sendrecv 897832 897833 -2 2
Sendrecv 897844 897845 -2 4
Sendrecv 897853 897866 -2 2
Sendrecv 897877 897878 -2 4
Sendrecv 897886 897886 -2 2
Sendrecv 897898 897900 -2 4
Sendrecv 897908 897909 -2 2
Sendrecv 897920 897925 -2 4
Sendrecv 897933 897934 -2 2
Sendrecv 897945 898126 -2 4
Sendrecv 898192 898195 -2 2
Sendrecv 898202 898204 -2 4
Sendrecv 898208 898336 -2 2
Sendrecv 898351 898352 -2 4
Sendrecv 898357 898367 -2 2
Sendrecv 898374 898374 -2 4
Sendrecv 898378 898397 -2 2
Sendrecv 898403 898408 -2 4
Sendrecv 898412 898419 -2 2
Sendrecv 898426 898432 -2 4
Sendrecv 898436 898441 -2 2
Sendrecv 898447 898455 -2 4
Sendrecv 898460 898462 -2 2
Sendrecv 898469 898477 -2 4
Sendrecv 898481 898484 -2 2
Sendrecv 898490 898498 -2 4
Sendrecv 898503 898507 -2 2
Sendrecv 898513 898599 -2 4
Sendrecv 898611 898612 -2 2
Sendrecv 898619 898619 -2 4
Sendrecv 898624 898634 -2 2
Sendrecv 898641 898641 -2 4
Sendrecv 898646 898657 -2 2
Sendrecv 898663 898664 -2 4
Sendrecv 898668 898679 -2 2
Sendrecv 898685 898686 -2 4
Sendrecv 898690 898702 -2 2
Sendrecv 898708 898709 -2 4
Sendrecv 898713 898724 -2 2
Sendrecv 898730 898731 -2 4
Sendrecv 898735 898746 -2 2
Sendrecv 898833 898921 -2 4
Sendrecv 898926 898926 -2 2
Sendrecv 898933 898954 -2 4
Sendrecv 898959 898962 -2 2
Sendrecv 898968 898977 -2 4
Sendrecv 898981 898983 -2 2
Sendrecv 898990 898999 -2 4
Sendrecv 899005 899009 -2 2
Sendrecv 899015 899023 -2 4
Sendrecv 899027 899031 -2 2
Sendrecv 899037 899045 -2 4
Sendrecv 899049 899052 -2 2
Sendrecv 899058 899066 -2 4
Sendrecv 899070 899073 -2 2
Sendrecv 899079 899087 -2 4
Sendrecv 899092 899094 -2 2
Sendrecv 899101 899111 -2 4
Sendrecv 899115 899116 -2 2
Sendrecv 899122 899132 -2 4
Sendrecv 899136 899137 -2 2
Sendrecv 899144 899155 -2 4
Sendrecv 899159 899160 -2 2
Sendrecv 899166 899188 -2 4
Sendrecv 899193 899194 -2 2
Sendrecv 899200 899209 -2 4
Sendrecv 899213 899216 -2 2
Sendrecv 899223 899230 -2 4
Sendrecv 899234 899236 -2 2
Sendrecv 899243 899361 -2 4
Sendrecv 899366 899366 -2 2
Sendrecv 899373 899381 -2 4
Sendrecv 899386 899391 -2 2
Sendrecv 899397 899419 -2 4
Sendrecv 899423 899426 -2 2
Sendrecv 899432 899440 -2 4
Sendrecv 899445 899457 -2 2
Sendrecv 899464 899466 -2 4
Sendrecv 899470 899481 -2 2
Sendrecv 899487 899488 -2 4
Sendrecv 899492 899502 -2 2
Sendrecv 899509 899509 -2 4
Sendrecv 899514 899524 -2 2
Sendrecv 899530 899531 -2 4
Sendrecv 899535 899546 -2 2
Sendrecv 899552 899553 -2 4
Sendrecv 899557 899567 -2 2
Sendrecv 899573 899983 -2 4
Sendrecv 900123 900127 -2 2
Sendrecv 900135 900136 -2 4
Sendrecv 900141 900278 -2 2
Sendrecv 900285 900286 -2 4
Sendrecv 900291 900313 -2 2
Sendrecv 900320 900320 -2 4
Sendrecv 900332 900338 -2 2
Sendrecv 900350 900351 -2 4
Sendrecv 900359 900360 -2 2
Sendrecv 900372 900373 -2 4
Sendrecv 900381 900382 -2 2
Sendrecv 900393 900394 -2 4
Sendrecv 900402 900403 -2 2
Sendrecv 900415 900417 -2 4
Sendrecv 900426 900427 -2 2
Sendrecv 900438 900440 -2 4
Sendrecv 900447 900448 -2 2
Sendrecv 900460 900461 -2 4
Sendrecv 900469 900470 -2 2
Sendrecv 900481 900482 -2 4
Sendrecv 900490 900491 -2 2
Sendrecv 900502 900503 -2 4
Sendrecv 900511 900512 -2 2
Sendrecv 900524 900525 -2 4
Sendrecv 900533 900534 -2 2
Sendrecv 900546 900548 -2 4
Sendrecv 900555 900556 -2 2
Sendrecv 900568 900569 -2 4
Sendrecv 900576 900577 -2 2
Sendrecv 900589 900590 -2 4
Sendrecv 900597 900598 -2 2
Sendrecv 900610 900611 -2 4
Sendrecv 900618 900619 -2 2
Sendrecv 900631 900632 -2 4
Sendrecv 900639 900640 -2 2
Sendrecv 900651 900652 -2 4
Sendrecv 900660 900661 -2 2
Sendrecv 900672 900673 -2 4
Sendrecv 900681 900682 -2 2
Sendrecv 900693 900694 -2 4
Sendrecv 900702 900703 -2 2
Sendrecv 900714 900715 -2 4
Sendrecv 900725 900725 -2 2
Sendrecv 900735 900909 -2 4
Sendrecv 900918 900919 -2 2
Sendrecv 900931 900932 -2 4
Sendrecv 900939 900940 -2 2
Sendrecv 900952 900953 -2 4
Sendrecv 900960 900961 -2 2
Sendrecv 900973 900974 -2 4
Sendrecv 900981 900982 -2 2
Sendrecv 900994 900996 -2 4
Sendrecv 901003 901004 -2 2
Sendrecv 901016 901017 -2 4
Sendrecv 901025 901026 -2 2
Sendrecv 901037 901039 -2 4
Sendrecv 901047 901048 -2 2
Sendrecv 901059 901060 -2 4
Sendrecv 901068 901069 -2 2
Sendrecv 901080 901081 -2 4
Sendrecv 901089 901090 -2 2
Sendrecv 901102 901103 -2 4
Sendrecv 901111 901112 -2 2
Sendrecv 901123 901124 -2 4
Sendrecv 901132 901133 -2 2
Sendrecv 901144 901146 -2 4
Sendrecv 901153 901154 -2 2
Sendrecv 901165 901167 -2 4
Sendrecv 901174 901175 -2 2
Sendrecv 901188 901877 -2 4
Sendrecv 902088 902091 -2 2
Sendrecv 902099 902100 -2 4
Sendrecv 902105 902475 -2 2
Sendrecv 902491 902492 -2 4
Sendrecv 902500 902510 -2 2
Sendrecv 902521 902522 -2 4
Sendrecv 902530 902536 -2 2
Sendrecv 902548 902549 -2 4
Sendrecv 902556 902557 -2 2
Sendrecv 902570 902571 -2 4
Sendrecv 902580 902581 -2 2
Sendrecv 902593 902594 -2 4
Sendrecv 902601 902603 -2 2
Sendrecv 902614 902615 -2 4
Sendrecv 902622 902623 -2 2
Sendrecv 902635 902636 -2 4
Sendrecv 902643 902645 -2 2
Sendrecv 902656 902657 -2 4
Sendrecv 902665 902666 -2 2
Sendrecv 902677 902678 -2 4
Sendrecv 902686 902689 -2 2
Sendrecv 902700 902701 -2 4
Sendrecv 902708 902710 -2 2
Sendrecv 902721 902722 -2 4
Sendrecv 902730 902731 -2 2
Sendrecv 902742 902743 -2 4
Sendrecv 902751 902752 -2 2
Sendrecv 902764 902765 -2 4
Sendrecv 902772 902773 -2 2
Sendrecv 902784 902785 -2 4
Sendrecv 902793 902794 -2 2
Sendrecv 902806 902807 -2 4
Sendrecv 902814 902815 -2 2
Sendrecv 902826 902829 -2 4
Sendrecv 902837 902842 -2 2
Sendrecv 902853 902855 -2 4
Sendrecv 902862 902863 -2 2
Sendrecv 902876 902876 -2 4
Sendrecv 902884 902885 -2 2
Sendrecv 902898 902899 -2 4
Sendrecv 902907 902908 -2 2
Sendrecv 902919 902920 -2 4
Sendrecv 902928 902929 -2 2
Sendrecv 902940 902952 -2 4
Sendrecv 902962 902965 -2 2
Sendrecv 902977 902978 -2 4
Sendrecv 902988 902992 -2 2
Sendrecv 903004 903005 -2 4
Sendrecv 903012 903016 -2 2
Sendrecv 903028 903029 -2 4
Sendrecv 903036 903037 -2 2
Sendrecv 903048 903049 -2 4
Sendrecv 903057 903059 -2 2
Sendrecv 903070 903071 -2 4
Sendrecv 903078 903079 -2 2
Sendrecv 903091 903092 -2 4
Sendrecv 903099 903101 -2 2
Sendrecv 903112 903113 -2 4
Sendrecv 903121 903122 -2 2
Sendrecv 903133 903134 -2 4
Sendrecv 903142 903143 -2 2
Sendrecv 903155 903156 -2 4
Sendrecv 903163 903164 -2 2
Sendrecv 903178 903179 -2 4
Sendrecv 903186 903188 -2 2
Sendrecv 903199 903202 -2 4
Sendrecv 903209 903211 -2 2
Sendrecv 903224 903471 -2 4
Sendrecv 903480 903481 -2 2
Sendrecv 903491 903492 -2 4
Sendrecv 903501 903514 -2 2
Sendrecv 903525 903526 -2 4
Sendrecv 903534 903534 -2 2
Sendrecv 903546 903546 -2 4
Sendrecv 903554 903555 -2 2
Sendrecv 903566 903567 -2 4
Sendrecv 903575 903576 -2 2
Sendrecv 903587 903588 -2 4
Sendrecv 903596 903597 -2 2
Sendrecv 903608 903609 -2 4
Sendrecv 903617 903619 -2 2
Sendrecv 903630 903631 -2 4
Sendrecv 903638 903640 -2 2
Sendrecv 903651 903652 -2 4
Sendrecv 903659 903661 -2 2
Sendrecv 903672 903673 -2 4
Sendrecv 903681 903682 -2 2
Sendrecv 903693 903694 -2 4
Sendrecv 903702 903703 -2 2
Sendrecv 903715 903715 -2 4
Sendrecv 903723 903724 -2 2
Sendrecv 903735 903736 -2 4
Sendrecv 903744 903745 -2 2
Sendrecv 903756 903757 -2 4
Sendrecv 903766 903768 -2 2
Sendrecv 903781 903782 -2 4
Sendrecv 903789 903790 -2 2
Sendrecv 903801 903802 -2 4
Sendrecv 903810 903811 -2 2
Sendrecv 903822 903823 -2 4
Sendrecv 903831 903833 -2 2
Sendrecv 903844 903845 -2 4
Sendrecv 903852 903853 -2 2
Sendrecv 903865 903866 -2 4
Sendrecv 903873 903875 -2 2
Sendrecv 904534 904535 -2 4
Sendrecv 904544 904545 -2 2
Sendrecv 904556 904557 -2 4
Sendrecv 904564 904567 -2 2
Sendrecv 904579 904580 -2 4
Sendrecv 904590 904601 -2 2
Sendrecv 904613 904614 -2 4
Sendrecv 904621 904623 -2 2
Sendrecv 904635 904636 -2 4
Sendrecv 904643 904645 -2 2
Sendrecv 904656 904657 -2 4
Sendrecv 904665 904667 -2 2
Sendrecv 904678 904679 -2 4
Sendrecv 904687 904688 -2 2
Sendrecv 904700 904701 -2 4
Sendrecv 904708 904710 -2 2
Sendrecv 904722 904723 -2 4
Sendrecv 904730 904732 -2 2
Sendrecv 904743 904744 -2 4
Sendrecv 904752 904753 -2 2
Sendrecv 904764 904765 -2 4
Sendrecv 904773 904774 -2 2
Sendrecv 904785 904786 -2 4
Sendrecv 904794 904795 -2 2
Sendrecv 904807 904808 -2 4
Sendrecv 904815 904817 -2 2
Sendrecv 904828 904829 -2 4
Sendrecv 904836 904838 -2 2
Sendrecv 904849 904850 -2 4
Sendrecv 904858 904862 -2 2
Sendrecv 904873 904874 -2 4
Sendrecv 904882 904884 -2 2
Sendrecv 904896 904897 -2 4
Sendrecv 904907 904908 -2 2
Sendrecv 904919 904920 -2 4
Sendrecv 904928 904929 -2 2
Sendrecv 904940 904941 -2 4
Sendrecv 904948 904951 -2 2
Sendrecv 904962 904963 -2 4
Sendrecv 904970 904971 -2 2
Sendrecv 904983 904984 -2 4
Sendrecv 904991 904993 -2 2
Sendrecv 905004 905005 -2 4
Sendrecv 905012 905013 -2 2
Sendrecv 905025 905026 -2 4
Sendrecv 905034 905035 -2 2
Sendrecv 905046 905047 -2 4
Sendrecv 905055 905056 -2 2
Sendrecv 905067 905068 -2 4
Sendrecv 905076 905077 -2 2
Sendrecv 905088 905089 -2 4
Sendrecv 905097 905098 -2 2
Sendrecv 905109 905110 -2 4
Sendrecv 905118 905121 -2 2
Sendrecv 905132 905133 -2 4
Sendrecv 905141 905142 -2 2
Sendrecv 905153 905154 -2 4
Sendrecv 905161 905169 -2 2
Sendrecv 905181 905182 -2 4
Sendrecv 905190 905191 -2 2
Sendrecv 905202 905226 -2 4
Sendrecv 905236 905236 -2 2
Sendrecv 905253 905254 -2 4
Sendrecv 905261 905263 -2 2
Sendrecv 905270 905277 -2 4
Sendrecv 905282 905287 -2 2
Sendrecv 905293 905312 -2 4
Sendrecv 905317 905319 -2 2
Sendrecv 905326 905336 -2 4
Sendrecv 905341 905348 -2 2
Sendrecv 905355 905359 -2 4
Sendrecv 905364 905371 -2 2
Sendrecv 905378 905380 -2 4
Sendrecv 905385 905393 -2 2
Sendrecv 905400 905402 -2 4
Sendrecv 905406 905415 -2 2
Sendrecv 905422 905424 -2 4
Sendrecv 905428 905436 -2 2
Sendrecv 905443 905445 -2 4
Sendrecv 905450 905458 -2 2
Sendrecv 905465 905467 -2 4
Sendrecv 905471 905479 -2 2
Sendrecv 905486 905488 -2 4
Sendrecv 905493 905501 -2 2
Sendrecv 905507 905509 -2 4
Sendrecv 905514 905522 -2 2
Sendrecv 905529 905531 -2 4
Sendrecv 905535 905544 -2 2
Sendrecv 905550 905552 -2 4
Sendrecv 905557 905566 -2 2
Sendrecv 905575 905575 -2 4
Sendrecv 905580 905588 -2 2
Sendrecv 905595 905597 -2 4
Sendrecv 905601 905610 -2 2
Sendrecv 905616 905618 -2 4
Sendrecv 905623 905631 -2 2
Sendrecv 905638 905640 -2 4
Sendrecv 905644 905652 -2 2
Sendrecv 905659 905661 -2 4
Sendrecv 905666 905675 -2 2
Sendrecv 905682 905684 -2 4
Sendrecv 905688 905699 -2 2
Sendrecv 905706 906104 -2 4
Sendrecv 906108 906109 -2 2
Sendrecv 906115 906124 -2 4
Sendrecv 906129 906130 -2 2
Sendrecv 906137 906145 -2 4
Sendrecv 906150 906152 -2 2
Sendrecv 906159 906169 -2 4
Sendrecv 906173 906175 -2 2
Sendrecv 906182 906190 -2 4
Sendrecv 906194 906197 -2 2
Sendrecv 906204 906211 -2 4
Sendrecv 906216 906218 -2 2
Sendrecv 906224 906232 -2 4
Sendrecv 906237 906239 -2 2
Sendrecv 906246 906253 -2 4
Sendrecv 906258 906260 -2 2
Sendrecv 906268 906276 -2 4
Sendrecv 906281 906283 -2 2
Sendrecv 906290 906297 -2 4
Sendrecv 906302 906304 -2 2
Sendrecv 906311 906318 -2 4
Sendrecv 906323 906325 -2 2
Sendrecv 906332 906340 -2 4
Sendrecv 906344 906347 -2 2
Sendrecv 906353 906361 -2 4
Sendrecv 906365 906368 -2 2
Sendrecv 906374 906383 -2 4
Sendrecv 906388 906390 -2 2
Sendrecv 906397 906405 -2 4
Sendrecv 906410 906411 -2 2
Sendrecv 906418 906426 -2 4
Sendrecv 906431 906433 -2 2
Sendrecv 906439 906447 -2 4
Sendrecv 906452 906454 -2 2
Sendrecv 906461 906468 -2 4
Sendrecv 906473 906475 -2 2
Sendrecv 906482 906489 -2 4
Sendrecv 906494 906496 -2 2
Sendrecv 906503 906510 -2 4
Sendrecv 906515 906517 -2 2
Sendrecv 906524 906532 -2 4
Sendrecv 906536 906538 -2 2
Sendrecv 906545 906553 -2 4
Sendrecv 906557 906559 -2 2
Sendrecv 906566 906575 -2 4
Sendrecv 906581 906582 -2 2
Sendrecv 906589 906597 -2 4
Sendrecv 906601 906604 -2 2
Sendrecv 906611 906618 -2 4
Sendrecv 906623 906625 -2 2
Sendrecv 906632 906639 -2 4
Sendrecv 906644 906646 -2 2
Sendrecv 906653 906660 -2 4
Sendrecv 906665 906667 -2 2
Sendrecv 906674 906683 -2 4
Sendrecv 906687 906694 -2 2
Sendrecv 907146 907659 -2 4
Sendrecv 907664 907670 -2 2
Sendrecv 907677 907688 -2 4
Sendrecv 907692 907695 -2 2
Sendrecv 907702 907712 -2 4
Sendrecv 907724 907732 -2 2
Sendrecv 907744 907745 -2 4
Sendrecv 907752 907753 -2 2
Sendrecv 907765 907766 -2 4
Sendrecv 907774 907775 -2 2
Sendrecv 907786 907787 -2 4
Sendrecv 907795 907796 -2 2
Sendrecv 907807 907808 -2 4
Sendrecv 907815 907817 -2 2
Sendrecv 907828 907829 -2 4
Sendrecv 907836 907838 -2 2
Sendrecv 907849 907850 -2 4
Sendrecv 907858 907859 -2 2
Sendrecv 907870 907871 -2 4
Sendrecv 907879 907881 -2 2
Sendrecv 907892 907893 -2 4
Sendrecv 907900 907902 -2 2
Sendrecv 907914 907915 -2 4
Sendrecv 907922 907924 -2 2
Sendrecv 907935 907936 -2 4
Sendrecv 907944 907948 -2 2
Sendrecv 907961 907962 -2 4
Sendrecv 907970 907976 -2 2
Sendrecv 907987 907988 -2 4
Sendrecv 907996 907997 -2 2
Sendrecv 908008 908009 -2 4
Sendrecv 908017 908018 -2 2
Sendrecv 908029 908030 -2 4
Sendrecv 908038 908039 -2 2
Sendrecv 908050 908052 -2 4
Sendrecv 908060 908062 -2 2
Sendrecv 908073 908079 -2 4
Sendrecv 908088 908091 -2 2
Sendrecv 908102 908103 -2 4
Sendrecv 908110 908117 -2 2
Sendrecv 908129 908130 -2 4
Sendrecv 908137 908138 -2 2
Sendrecv 908149 908151 -2 4
Sendrecv 908160 908162 -2 2
Sendrecv 908173 908174 -2 4
Sendrecv 908182 908185 -2 2
Sendrecv 908196 908197 -2 4
Sendrecv 908205 908206 -2 2
Sendrecv 908217 908218 -2 4
Sendrecv 908226 908228 -2 2
Sendrecv 908239 908240 -2 4
Sendrecv 908248 908249 -2 2
Sendrecv 908260 908261 -2 4
Sendrecv 908268 908272 -2 2
Sendrecv 908285 908286 -2 4
Sendrecv 908294 908295 -2 2
Sendrecv 908306 908307 -2 4
Sendrecv 908315 908316 -2 2
Sendrecv 908327 908328 -2 4
Sendrecv 908336 908337 -2 2
Sendrecv 908348 908349 -2 4
Sendrecv 908356 908358 -2 2
Sendrecv 908370 908371 -2 4
Sendrecv 908379 908382 -2 2
Sendrecv 908393 908394 -2 4
Sendrecv 908401 908403 -2 2
Sendrecv 908414 908415 -2 4
Sendrecv 908423 908425 -2 2
Sendrecv 908436 908437 -2 4
Sendrecv 908445 908446 -2 2
Sendrecv 908458 908459 -2 4
Sendrecv 908466 908468 -2 2
Sendrecv 908479 908480 -2 4
Sendrecv 908487 908489 -2 2
Sendrecv 908500 908501 -2 4
Sendrecv 908509 908510 -2 2
Sendrecv 908521 908522 -2 4
Sendrecv 908529 908532 -2 2
Sendrecv 908543 908544 -2 4
Sendrecv 908551 908553 -2 2
Sendrecv 908565 908566 -2 4
Sendrecv 908573 908575 -2 2
Sendrecv 908586 908588 -2 4
Sendrecv 908597 908599 -2 2
Sendrecv 908610 908611 -2 4
Sendrecv 908619 908622 -2 2
Sendrecv 908633 908634 -2 4
Sendrecv 908642 908643 -2 2
Sendrecv 908654 908655 -2 4
Sendrecv 908663 908665 -2 2
Sendrecv 908676 908677 -2 4
Sendrecv 908685 908687 -2 2
Sendrecv 908699 908700 -2 4
Sendrecv 908707 908708 -2 2
Sendrecv 908720 908721 -2 4
Sendrecv 908728 908729 -2 2
Sendrecv 908740 908741 -2 4
Sendrecv 908749 908751 -2 2
Sendrecv 908762 908763 -2 4
Sendrecv 908770 908772 -2 2
Sendrecv 908783 908784 -2 4
Sendrecv 908791 908793 -2 2
Sendrecv 908805 908806 -2 4
Sendrecv 908813 908815 -2 2
Sendrecv 908826 908827 -2 4
Sendrecv 908834 908836 -2 2
Sendrecv 908848 908849 -2 4
Sendrecv 908856 908857 -2 2
Sendrecv 908869 908870 -2 4
Sendrecv 908877 908879 -2 2
Sendrecv 908891 908892 -2 4
Sendrecv 908901 908903 -2 2
Sendrecv 908914 908915 -2 4
Sendrecv 908922 908924 -2 2
Sendrecv 908936 908936 -2 4
Sendrecv 908944 908946 -2 2
Sendrecv 908957 908958 -2 4
Sendrecv 908966 908968 -2 2
Sendrecv 908979 908980 -2 4
Sendrecv 908987 908990 -2 2
Sendrecv 909001 909002 -2 4
Sendrecv 909010 909011 -2 2
Sendrecv 909022 909023 -2 4
Sendrecv 909031 909032 -2 2
Sendrecv 909043 909045 -2 4
Sendrecv 909053 909054 -2 2
Sendrecv 909065 909066 -2 4
Sendrecv 909073 909078 -2 2
Sendrecv 909089 909090 -2 4
Sendrecv 909098 909098 -2 2
Sendrecv 909110 909111 -2 4
Sendrecv 909119 909121 -2 2
Sendrecv 909132 909133 -2 4
Sendrecv 909140 909142 -2 2
Sendrecv 909153 909154 -2 4
Sendrecv 909163 909166 -2 2
Sendrecv 909177 909178 -2 4
Sendrecv 909186 909189 -2 2
Sendrecv 909201 909202 -2 4
Sendrecv 909210 909212 -2 2
Sendrecv 909225 909226 -2 4
Sendrecv 909234 909235 -2 2
Sendrecv 909247 909247 -2 4
Sendrecv 909255 909257 -2 2
Sendrecv 909268 909269 -2 4
Sendrecv 909277 909278 -2 2
Sendrecv 909290 909291 -2 4
Sendrecv 909298 909300 -2 2
Sendrecv 909311 909313 -2 4
Sendrecv 909320 909323 -2 2
Sendrecv 909334 909335 -2 4
Sendrecv 909343 909344 -2 2
Sendrecv 909355 909356 -2 4
Sendrecv 909364 909371 -2 2
Sendrecv 909386 909980 -2 4
Sendrecv 909989 909990 -2 2
Sendrecv 910001 910002 -2 4
Sendrecv 910010 910027 -2 2
Sendrecv 910039 910040 -2 4
Sendrecv 910048 910049 -2 2
Sendrecv 910060 910062 -2 4
Sendrecv 910070 910070 -2 2
Sendrecv 910082 910083 -2 4
Sendrecv 910091 910092 -2 2
Sendrecv 910103 910111 -2 4
Sendrecv 910120 910123 -2 2
Sendrecv 910135 910136 -2 4
Sendrecv 910144 910152 -2 2
Sendrecv 910167 910168 -2 4
Sendrecv 910177 910179 -2 2
Sendrecv 910191 910192 -2 4
Sendrecv 910200 910203 -2 2
Sendrecv 910215 910215 -2 4
Sendrecv 910223 910225 -2 2
Sendrecv 910236 910237 -2 4
Sendrecv 910245 910247 -2 2
Sendrecv 910258 910260 -2 4
Sendrecv 910268 910270 -2 2
Sendrecv 910282 910282 -2 4
Sendrecv 910290 910293 -2 2
Sendrecv 910304 910305 -2 4
Sendrecv 910313 910314 -2 2
Sendrecv 910326 910327 -2 4
Sendrecv 910335 910336 -2 2
Sendrecv 910348 910349 -2 4
Sendrecv 910356 910358 -2 2
Sendrecv 910369 910370 -2 4
Sendrecv 910378 910380 -2 2
Sendrecv 910391 910392 -2 4
Sendrecv 910400 910402 -2 2
Sendrecv 910414 910415 -2 4
Sendrecv 910422 910425 -2 2
Sendrecv 910436 910437 -2 4
Sendrecv 910445 910446 -2 2
Sendrecv 910458 910459 -2 4
Sendrecv 910467 910469 -2 2
Sendrecv 910482 910483 -2 4
Sendrecv 910491 910492 -2 2
Sendrecv 910505 910506 -2 4
Sendrecv 910513 910514 -2 2
Sendrecv 910526 910527 -2 4
Sendrecv 910535 910536 -2 2
Sendrecv 910548 910549 -2 4
Sendrecv 910557 910558 -2 2
Sendrecv 910569 910571 -2 4
Sendrecv 910579 910581 -2 2
Sendrecv 910592 910593 -2 4
Sendrecv 910601 910602 -2 2
Sendrecv 910614 910615 -2 4
Sendrecv 910623 910624 -2 2
Sendrecv 910636 910637 -2 4
Sendrecv 910645 910647 -2 2
Sendrecv 910659 910660 -2 4
Sendrecv 910667 910669 -2 2
Sendrecv 910680 910681 -2 4
Sendrecv 910689 910691 -2 2
Sendrecv 910702 910703 -2 4
Sendrecv 910711 910713 -2 2
Sendrecv 910724 910725 -2 4
Sendrecv 910733 910734 -2 2
Sendrecv 910746 910747 -2 4
Sendrecv 910755 910756 -2 2
Sendrecv 910768 910768 -2 4
Sendrecv 910776 910779 -2 2
Sendrecv 910790 910792 -2 4
Sendrecv 910801 910803 -2 2
Sendrecv 910814 910815 -2 4
Sendrecv 910823 910825 -2 2
Sendrecv 910837 910838 -2 4
Sendrecv 910846 910849 -2 2
Sendrecv 910861 910861 -2 4
Sendrecv 910869 910871 -2 2
Sendrecv 910882 910884 -2 4
Sendrecv 910892 910894 -2 2
Sendrecv 910906 910907 -2 4
Sendrecv 910914 910917 -2 2
Sendrecv 910928 912573 -2 4
Sendrecv 913418 913422 -2 2
Sendrecv 913431 913434 -2 4
Sendrecv 913439 914157 -2 2
Sendrecv 914175 914176 -2 4
Sendrecv 914185 914199 -2 2
Sendrecv 914210 914211 -2 4
Sendrecv 914219 914220 -2 2
Sendrecv 914231 914232 -2 4
Sendrecv 914240 914241 -2 2
Sendrecv 914253 914253 -2 4
Sendrecv 914261 914263 -2 2
Sendrecv 914274 914275 -2 4
Sendrecv 914283 914286 -2 2
Sendrecv 914297 914298 -2 4
Sendrecv 914306 914307 -2 2
Sendrecv 914318 914319 -2 4
Sendrecv 914328 914329 -2 2
Sendrecv 914341 914342 -2 4
Sendrecv 914349 914353 -2 2
Sendrecv 914365 914366 -2 4
Sendrecv 914374 914375 -2 2
Sendrecv 914386 914387 -2 4
Sendrecv 914394 914396 -2 2
Sendrecv 914407 914408 -2 4
Sendrecv 914415 914417 -2 2
Sendrecv 914428 914429 -2 4
Sendrecv 914437 914438 -2 2
Sendrecv 914450 914451 -2 4
Sendrecv 914462 914463 -2 2
Sendrecv 914474 914475 -2 4
Sendrecv 914482 914484 -2 2
Sendrecv 914495 914496 -2 4
Sendrecv 914504 914506 -2 2
Sendrecv 914517 914518 -2 4
Sendrecv 914525 914527 -2 2
Sendrecv 914538 914539 -2 4
Sendrecv 914547 914549 -2 2
Sendrecv 914560 914561 -2 4
Sendrecv 914568 914571 -2 2
Sendrecv 914582 914583 -2 4
Sendrecv 914591 914592 -2 2
Sendrecv 914603 914604 -2 4
Sendrecv 914611 914613 -2 2
Sendrecv 914624 914625 -2 4
Sendrecv 914632 914634 -2 2
Sendrecv 914645 914646 -2 4
Sendrecv 914654 914661 -2 2
Sendrecv 914673 914674 -2 4
Sendrecv 914682 914683 -2 2
Sendrecv 914694 914695 -2 4
Sendrecv 914703 914704 -2 2
Sendrecv 914715 914716 -2 4
Sendrecv 914724 914726 -2 2
Sendrecv 914737 914738 -2 4
Sendrecv 914746 914747 -2 2
Sendrecv 914758 914763 -2 4
Sendrecv 914775 914778 -2 2
Sendrecv 914792 914793 -2 4
Sendrecv 914801 914805 -2 2
Sendrecv 914816 914817 -2 4
Sendrecv 914825 914826 -2 2
Sendrecv 914838 914839 -2 4
Sendrecv 914846 914848 -2 2
Sendrecv 914859 914860 -2 4
Sendrecv 914881 914884 -2 2
Sendrecv 914895 914896 -2 4
Sendrecv 914904 914905 -2 2
Sendrecv 914917 914918 -2 4
Sendrecv 914925 914927 -2 2
Sendrecv 914939 914940 -2 4
Sendrecv 914948 914949 -2 2
Sendrecv 914960 914961 -2 4
Sendrecv 914969 914971 -2 2
Sendrecv 914982 914983 -2 4
Sendrecv 914991 914993 -2 2
Sendrecv 915004 915005 -2 4
Sendrecv 915013 915016 -2 2
Sendrecv 915027 915028 -2 4
Sendrecv 915036 915037 -2 2
Sendrecv 915049 915050 -2 4
Sendrecv 915057 915059 -2 2
Sendrecv 915070 915071 -2 4
Sendrecv 915079 915082 -2 2
Sendrecv 915093 915094 -2 4
Sendrecv 915102 915104 -2 2
Sendrecv 915118 915119 -2 4
Sendrecv 915127 915129 -2 2
Sendrecv 915145 915147 -2 4
Sendrecv 915155 915156 -2 2
Sendrecv 915168 915191 -2 4
Sendrecv 915201 915201 -2 2
Sendrecv 915213 915213 -2 4
Sendrecv 915221 915227 -2 2
Sendrecv 915239 915240 -2 4
Sendrecv 915248 915250 -2 2
Sendrecv 915262 915263 -2 4
Sendrecv 915270 915272 -2 2
Sendrecv 915284 915285 -2 4
Sendrecv 915293 915294 -2 2
Sendrecv 915306 915307 -2 4
Sendrecv 915315 915316 -2 2
Sendrecv 915327 915328 -2 4
Sendrecv 915336 915338 -2 2
Sendrecv 915350 915351 -2 4
Sendrecv 915358 915361 -2 2
Sendrecv 915373 915374 -2 4
Sendrecv 915382 915383 -2 2
Sendrecv 915394 915395 -2 4
Sendrecv 915403 915405 -2 2
Sendrecv 915416 915417 -2 4
Sendrecv 915425 915427 -2 2
Sendrecv 915439 915440 -2 4
Sendrecv 915448 915449 -2 2
Sendrecv 915463 915464 -2 4
Sendrecv 915472 915473 -2 2
Sendrecv 915484 915485 -2 4
Sendrecv 915493 915497 -2 2
Sendrecv 915508 915509 -2 4
Sendrecv 915518 915519 -2 2
Sendrecv 915530 915531 -2 4
Sendrecv 915539 915540 -2 2
Sendrecv 915552 915554 -2 4
Sendrecv 915562 915563 -2 2
Sendrecv 915575 915576 -2 4
Sendrecv 915584 915585 -2 2
Sendrecv 915596 915598 -2 4
Sendrecv 915606 915607 -2 2
Sendrecv 915618 915620 -2 4
Sendrecv 915628 915629 -2 2
Sendrecv 915640 915642 -2 4
Sendrecv 915650 915651 -2 2
Sendrecv 915662 915664 -2 4
Sendrecv 915672 915673 -2 2
Sendrecv 915685 915686 -2 4
Sendrecv 915694 915695 -2 2
Sendrecv 915707 915708 -2 4
Sendrecv 915715 915717 -2 2
Sendrecv 915729 915730 -2 4
Sendrecv 915738 915739 -2 2
Sendrecv 915751 915752 -2 4
Sendrecv 915760 915761 -2 2
Sendrecv 915774 915775 -2 4
Sendrecv 915784 915787 -2 2
Sendrecv 915800 915801 -2 4
Sendrecv 915809 915810 -2 2
Sendrecv 915822 915822 -2 4
Sendrecv 915830 915834 -2 2
Sendrecv 915845 915846 -2 4
Sendrecv 915854 915855 -2 2
Sendrecv 915867 915868 -2 4
Sendrecv 915876 915878 -2 2
Sendrecv 915890 915891 -2 4
Sendrecv 915899 915900 -2 2
Sendrecv 915911 915912 -2 4
Sendrecv 915920 915921 -2 2
Sendrecv 915933 915934 -2 4
Sendrecv 915942 915944 -2 2
Sendrecv 915955 915956 -2 4
Sendrecv 915964 915966 -2 2
Sendrecv 915977 915978 -2 4
Sendrecv 915986 915987 -2 2
Sendrecv 915999 916000 -2 4
Sendrecv 916008 916010 -2 2
Sendrecv 916021 916023 -2 4
Sendrecv 916032 916033 -2 2
Sendrecv 916044 916046 -2 4
Sendrecv 916054 916055 -2 2
Sendrecv 916066 916067 -2 4
Sendrecv 916075 916076 -2 2
Sendrecv 916089 916090 -2 4
Sendrecv 916100 916101 -2 2
Sendrecv 916113 916114 -2 4
Sendrecv 916122 916123 -2 2
Sendrecv 916135 916141 -2 4
Sendrecv 916150 916153 -2 2
Sendrecv 916165 916166 -2 4
Sendrecv 916174 916175 -2 2
Sendrecv 916187 916188 -2 4
Sendrecv 916196 916197 -2 2
Sendrecv 916208 916210 -2 4
Sendrecv 916218 916220 -2 2
Sendrecv 916231 916232 -2 4
Sendrecv 916240 916242 -2 2
Sendrecv 916253 916268 -2 4
Sendrecv 916277 916280 -2 2
Sendrecv 916292 916293 -2 4
Sendrecv 916301 916307 -2 2
Sendrecv 916319 916320 -2 4
Sendrecv 916328 916330 -2 2
Sendrecv 916341 916342 -2 4
Sendrecv 916350 916353 -2 2
Sendrecv 916364 916365 -2 4
Sendrecv 916373 916374 -2 2
Sendrecv 916386 916387 -2 4
Sendrecv 916394 916397 -2 2
Sendrecv 916408 916409 -2 4
Sendrecv 916417 916419 -2 2
Sendrecv 916432 916433 -2 4
Sendrecv 916441 916442 -2 2
Sendrecv 916455 916456 -2 4
Sendrecv 916464 916466 -2 2
Sendrecv 916478 916479 -2 4
Sendrecv 916487 916488 -2 2
Sendrecv 916500 916501 -2 4
Sendrecv 916509 916511 -2 2
Sendrecv 916522 916523 -2 4
Sendrecv 916531 916532 -2 2
Sendrecv 916544 916546 -2 4
Sendrecv 916554 916555 -2 2
Sendrecv 916567 916568 -2 4
Sendrecv 916576 916577 -2 2
Sendrecv 916589 916590 -2 4
Sendrecv 916598 916600 -2 2
Sendrecv 916611 916612 -2 4
Sendrecv 916620 916622 -2 2
Sendrecv 916633 916634 -2 4
Sendrecv 916642 916644 -2 2
Sendrecv 916656 916657 -2 4
Sendrecv 916665 916666 -2 2
Sendrecv 916677 916679 -2 4
Sendrecv 916687 916688 -2 2
Sendrecv 916699 916701 -2 4
Sendrecv 916709 916710 -2 2
Sendrecv 916721 916722 -2 4
Sendrecv 916730 916732 -2 2
Sendrecv 916744 916745 -2 4
Sendrecv 916753 916756 -2 2
Sendrecv 916769 916770 -2 4
Sendrecv 916778 916780 -2 2
Sendrecv 916791 916792 -2 4
Sendrecv 916800 916802 -2 2
Sendrecv 916814 916816 -2 4
Sendrecv 916824 916825 -2 2
Sendrecv 916836 917877 -2 4
Sendrecv 917888 917889 -2 2
Sendrecv 917901 917902 -2 4
Sendrecv 917909 917928 -2 2
Sendrecv 917941 917942 -2 4
Sendrecv 917951 917954 -2 2
Sendrecv 917967 917968 -2 4
Sendrecv 917976 917978 -2 2
Sendrecv 917990 917991 -2 4
Sendrecv 918000 918001 -2 2
Sendrecv 918014 918015 -2 4
Sendrecv 918023 918026 -2 2
Sendrecv 918038 918039 -2 4
Sendrecv 918048 918049 -2 2
Sendrecv 918062 918063 -2 4
Sendrecv 918072 918073 -2 2
Sendrecv 918086 918087 -2 4
Sendrecv 918095 918097 -2 2
Sendrecv 918109 918110 -2 4
Sendrecv 918119 918121 -2 2
Sendrecv 918220 918221 -2 4
Sendrecv 918231 918232 -2 2
Sendrecv 918246 918253 -2 4
Sendrecv 918263 918264 -2 2
Sendrecv 918277 918282 -2 4
Sendrecv 918291 918292 -2 2
Sendrecv 918305 918313 -2 4
Sendrecv 918323 918324 -2 2
Sendrecv 918336 918337 -2 4
Sendrecv 918346 918347 -2 2
Sendrecv 918360 918363 -2 4
Sendrecv 918372 918373 -2 2
Sendrecv 918385 918386 -2 4
Sendrecv 918395 918396 -2 2
Sendrecv 918409 918410 -2 4
Sendrecv 918419 918420 -2 2
Sendrecv 918432 918434 -2 4
Sendrecv 918442 918444 -2 2
Sendrecv 918457 918458 -2 4
Sendrecv 918466 918468 -2 2
Sendrecv 918481 918482 -2 4
Sendrecv 918491 918496 -2 2
Sendrecv 918509 918510 -2 4
Sendrecv 918518 918519 -2 2
Sendrecv 918532 918533 -2 4
Sendrecv 918542 918543 -2 2
Sendrecv 918556 918558 -2 4
Sendrecv 918566 918568 -2 2
Sendrecv 918581 918582 -2 4
Sendrecv 918592 918593 -2 2
Sendrecv 918605 918606 -2 4
Sendrecv 918616 918620 -2 2
Sendrecv 918632 918634 -2 4
Sendrecv 918642 918644 -2 2
Sendrecv 918656 918657 -2 4
Sendrecv 918666 918668 -2 2
Sendrecv 918680 918681 -2 4
Sendrecv 918690 918691 -2 2
Sendrecv 918704 918705 -2 4
Sendrecv 918714 918719 -2 2
Sendrecv 918732 918733 -2 4
Sendrecv 918741 918743 -2 2
Sendrecv 918755 918756 -2 4
Sendrecv 918765 918767 -2 2
Sendrecv 918779 918780 -2 4
Sendrecv 918789 918790 -2 2
Sendrecv 918803 918804 -2 4
Sendrecv 918813 918814 -2 2
Sendrecv 918827 918832 -2 4
Sendrecv 918841 918846 -2 2
Sendrecv 918859 918860 -2 4
Sendrecv 918869 918870 -2 2
Sendrecv 918882 918883 -2 4
Sendrecv 918892 918893 -2 2
Sendrecv 918905 918907 -2 4
Sendrecv 918915 918918 -2 2
Sendrecv 918930 918931 -2 4
Sendrecv 918941 918942 -2 2
Sendrecv 918955 918972 -2 4
Sendrecv 918983 918987 -2 2
Sendrecv 919001 919002 -2 4
Sendrecv 919010 919017 -2 2
Sendrecv 919030 919031 -2 4
Sendrecv 919040 919042 -2 2
Sendrecv 919055 919056 -2 4
Sendrecv 919065 919066 -2 2
Sendrecv 919079 919080 -2 4
Sendrecv 919089 919092 -2 2
Sendrecv 919105 919106 -2 4
Sendrecv 919115 919116 -2 2
Sendrecv 919132 919133 -2 4
Sendrecv 919142 919143 -2 2
Sendrecv 919156 919157 -2 4
Sendrecv 919165 919167 -2 2
Sendrecv 919179 919180 -2 4
Sendrecv 919189 919191 -2 2
Sendrecv 919203 919204 -2 4
Sendrecv 919212 919215 -2 2
Sendrecv 919227 919228 -2 4
Sendrecv 919237 919239 -2 2
Sendrecv 919251 919252 -2 4
Sendrecv 919261 919262 -2 2
Sendrecv 919275 919276 -2 4
Sendrecv 919285 919286 -2 2
Sendrecv 919299 919300 -2 4
Sendrecv 919310 919311 -2 2
Sendrecv 919323 919324 -2 4
Sendrecv 919333 919337 -2 2
Sendrecv 919352 919353 -2 4
Sendrecv 919361 919362 -2 2
Sendrecv 919375 919376 -2 4
Sendrecv 919385 919386 -2 2
Sendrecv 919399 919400 -2 4
Sendrecv 919408 919410 -2 2
Sendrecv 919423 919424 -2 4
Sendrecv 919433 919435 -2 2
Sendrecv 919448 919449 -2 4
Sendrecv 919457 919460 -2 2
Sendrecv 919473 919474 -2 4
Sendrecv 919482 919484 -2 2
Sendrecv 919496 919497 -2 4
Sendrecv 919506 919507 -2 2
Sendrecv 921746 921748 -2 4
Sendrecv 921757 921758 -2 2
Sendrecv 921769 921770 -2 4
Sendrecv 921778 921838 -2 2
Sendrecv 921851 921852 -2 4
Sendrecv 921862 921863 -2 2
Sendrecv 921875 921876 -2 4
Sendrecv 921885 921886 -2 2
Sendrecv 921898 921905 -2 4
Sendrecv 921914 921915 -2 2
Sendrecv 921928 921929 -2 4
Sendrecv 921937 921938 -2 2
Sendrecv 921950 921953 -2 4
Sendrecv 921962 921963 -2 2
Sendrecv 921975 921976 -2 4
Sendrecv 921985 921986 -2 2
Sendrecv 921998 921999 -2 4
Sendrecv 922008 922009 -2 2
Sendrecv 922021 922022 -2 4
Sendrecv 922031 922032 -2 2
Sendrecv 922045 922046 -2 4
Sendrecv 922054 922056 -2 2
Sendrecv 922068 922069 -2 4
Sendrecv 922077 922079 -2 2
Sendrecv 922091 922092 -2 4
Sendrecv 922101 922102 -2 2
Sendrecv 922114 922115 -2 4
Sendrecv 922127 922128 -2 2
Sendrecv 922140 922141 -2 4
Sendrecv 922149 922152 -2 2
Sendrecv 922166 922167 -2 4
Sendrecv 922176 922177 -2 2
Sendrecv 922189 922190 -2 4
Sendrecv 922200 922202 -2 2
Sendrecv 922214 922215 -2 4
Sendrecv 922223 922225 -2 2
Sendrecv 922237 922238 -2 4
Sendrecv 922246 922248 -2 2
Sendrecv 922260 922261 -2 4
Sendrecv 922269 922271 -2 2
Sendrecv 922283 922284 -2 4
Sendrecv 922293 922296 -2 2
Sendrecv 922308 922309 -2 4
Sendrecv 922318 922319 -2 2
Sendrecv 922331 922332 -2 4
Sendrecv 922341 922342 -2 2
Sendrecv 922354 922355 -2 4
Sendrecv 922363 922366 -2 2
Sendrecv 922378 922379 -2 4
Sendrecv 922387 922389 -2 2
Sendrecv 922401 922402 -2 4
Sendrecv 922411 922412 -2 2
Sendrecv 922424 922425 -2 4
Sendrecv 922434 922436 -2 2
Sendrecv 922448 922449 -2 4
Sendrecv 922457 922459 -2 2
Sendrecv 922471 922472 -2 4
Sendrecv 922480 922482 -2 2
Sendrecv 922495 922496 -2 4
Sendrecv 922505 922506 -2 2
Sendrecv 922518 922519 -2 4
Sendrecv 922527 922531 -2 2
Sendrecv 922545 922546 -2 4
Sendrecv 922555 922556 -2 2
Sendrecv 922568 922569 -2 4
Sendrecv 922577 922578 -2 2
Sendrecv 922590 922591 -2 4
Sendrecv 922600 922602 -2 2
Sendrecv 922614 922615 -2 4
Sendrecv 922623 922625 -2 2
Sendrecv 922637 922639 -2 4
Sendrecv 922647 922649 -2 2
Sendrecv 922661 922662 -2 4
Sendrecv 922670 922672 -2 2
Sendrecv 922684 922685 -2 4
Sendrecv 922693 922695 -2 2
Sendrecv 922707 922708 -2 4
Sendrecv 922717 922718 -2 2
Sendrecv 922730 922731 -2 4
Sendrecv 922740 922742 -2 2
Sendrecv 922754 922755 -2 4
Sendrecv 922763 922765 -2 2
Sendrecv 922777 922778 -2 4
Sendrecv 922787 922788 -2 2
Sendrecv 922800 922801 -2 4
Sendrecv 922810 922811 -2 2
Sendrecv 922823 922824 -2 4
Sendrecv 922834 922835 -2 2
Sendrecv 922847 922848 -2 4
Sendrecv 922856 922860 -2 2
Sendrecv 922874 922875 -2 4
Sendrecv 922883 922885 -2 2
Sendrecv 922911 922912 -2 4
Sendrecv 922920 922923 -2 2
Sendrecv 922935 922936 -2 4
Sendrecv 922945 922946 -2 2
Sendrecv 922959 922960 -2 4
Sendrecv 922968 922970 -2 2
Sendrecv 922982 922984 -2 4
Sendrecv 922993 922995 -2 2
Sendrecv 923007 923008 -2 4
Sendrecv 923017 923019 -2 2
Sendrecv 923031 923032 -2 4
Sendrecv 923041 923044 -2 2
Sendrecv 923056 923057 -2 4
Sendrecv 923066 923068 -2 2
Sendrecv 923080 923081 -2 4
Sendrecv 923090 923091 -2 2
Sendrecv 923104 923105 -2 4
Sendrecv 923113 923115 -2 2
Sendrecv 923131 923132 -2 4
Sendrecv 923141 923141 -2 2
Sendrecv 923154 923155 -2 4
Sendrecv 923163 923166 -2 2
Sendrecv 923178 923179 -2 4
Sendrecv 923188 923189 -2 2
Sendrecv 923203 923204 -2 4
Sendrecv 923213 923215 -2 2
Sendrecv 923229 923230 -2 4
Sendrecv 923239 923241 -2 2
Sendrecv 923253 923254 -2 4
Sendrecv 923263 923265 -2 2
Sendrecv 923277 923279 -2 4
Sendrecv 923287 923289 -2 2
Sendrecv 923301 923302 -2 4
Sendrecv 923311 923313 -2 2
Sendrecv 923325 923327 -2 4
Sendrecv 923336 923338 -2 2
Sendrecv 923350 923351 -2 4
Sendrecv 923360 923362 -2 2
Sendrecv 923374 923375 -2 4
Sendrecv 923384 923385 -2 2
Sendrecv 923398 923399 -2 4
Sendrecv 923407 923409 -2 2
Sendrecv 923422 923423 -2 4
Sendrecv 923432 923433 -2 2
Sendrecv 923446 923447 -2 4
Sendrecv 923455 923457 -2 2
Sendrecv 923469 923470 -2 4
Sendrecv 923479 923481 -2 2
Sendrecv 923493 923494 -2 4
Sendrecv 923503 923504 -2 2
Sendrecv 923517 923518 -2 4
Sendrecv 923527 923529 -2 2
Sendrecv 923542 923543 -2 4
Sendrecv 923552 923554 -2 2
Sendrecv 923566 923568 -2 4
Sendrecv 923578 923580 -2 2
Sendrecv 923592 923593 -2 4
Sendrecv 923602 923603 -2 2
Sendrecv 923615 923616 -2 4
Sendrecv 923625 923627 -2 2
Sendrecv 923639 923640 -2 4
Sendrecv 923649 923651 -2 2
Sendrecv 923663 923664 -2 4
Sendrecv 923673 923676 -2 2
Sendrecv 923688 923690 -2 4
Sendrecv 923698 923699 -2 2
Sendrecv 923712 923713 -2 4
Sendrecv 923721 923723 -2 2
Sendrecv 923735 923736 -2 4
Sendrecv 923745 923746 -2 2
Sendrecv 923758 923760 -2 4
Sendrecv 923768 923770 -2 2
Sendrecv 923783 923784 -2 4
Sendrecv 923793 923794 -2 2
Sendrecv 923807 923808 -2 4
Sendrecv 923816 923818 -2 2
Sendrecv 923831 923832 -2 4
Sendrecv 923841 923842 -2 2
Sendrecv 923854 923855 -2 4
Sendrecv 923864 923866 -2 2
Sendrecv 923880 923881 -2 4
Sendrecv 923890 923891 -2 2
Sendrecv 923903 923904 -2 4
Sendrecv 923915 923918 -2 2
Sendrecv 923931 923932 -2 4
Sendrecv 923940 923942 -2 2
Sendrecv 923954 923955 -2 4
Sendrecv 923964 923965 -2 2
Sendrecv 923978 923979 -2 4
Sendrecv 923987 923990 -2 2
Sendrecv 924002 924003 -2 4
Sendrecv 924012 924015 -2 2
Sendrecv 924028 924029 -2 4
Sendrecv 924037 924038 -2 2
Sendrecv 924051 924052 -2 4
Sendrecv 924060 924062 -2 2
Sendrecv 924074 924075 -2 4
Sendrecv 924084 924086 -2 2
Sendrecv 924099 924100 -2 4
Sendrecv 924108 924110 -2 2
Sendrecv 924125 924126 -2 4
Sendrecv 924135 924137 -2 2
Sendrecv 924149 924150 -2 4
Sendrecv 924159 924161 -2 2
Sendrecv 924173 924174 -2 4
Sendrecv 924183 924185 -2 2
Sendrecv 924197 924198 -2 4
Sendrecv 924207 924209 -2 2
Sendrecv 924221 924222 -2 4
Sendrecv 924232 924233 -2 2
Sendrecv 924245 924246 -2 4
Sendrecv 924255 924259 -2 2
Sendrecv 924273 924274 -2 4
Sendrecv 924283 924284 -2 2
Sendrecv 924296 924297 -2 4
Sendrecv 924306 924308 -2 2
Sendrecv 924321 924322 -2 4
Sendrecv 924331 924332 -2 2
Sendrecv 924345 924346 -2 4
Sendrecv 924354 924356 -2 2
Sendrecv 924369 924370 -2 4
Sendrecv 924379 924381 -2 2
Sendrecv 924394 924395 -2 4
Sendrecv 924404 924405 -2 2
Sendrecv 924417 924418 -2 4
Sendrecv 924427 924428 -2 2
Sendrecv 924441 924442 -2 4
Sendrecv 924451 924453 -2 2
Sendrecv 924465 924466 -2 4
Sendrecv 924475 924476 -2 2
Sendrecv 924489 924490 -2 4
Sendrecv 924498 924501 -2 2
Sendrecv 924513 924514 -2 4
Sendrecv 924523 924524 -2 2
Sendrecv 924537 924538 -2 4
Sendrecv 924546 924548 -2 2
Sendrecv 924560 924562 -2 4
Sendrecv 924572 924573 -2 2
Sendrecv 924585 924586 -2 4
Sendrecv 924595 924598 -2 2
Sendrecv 924612 924613 -2 4
Sendrecv 924622 924624 -2 2
Sendrecv 924636 924637 -2 4
Sendrecv 924645 924648 -2 2
Sendrecv 924661 924662 -2 4
Sendrecv 924671 924672 -2 2
Sendrecv 924684 924685 -2 4
Sendrecv 924694 924696 -2 2
Sendrecv 924708 924710 -2 4
Sendrecv 924719 924721 -2 2
Sendrecv 924733 924734 -2 4
Sendrecv 924743 924745 -2 2
Sendrecv 924757 924758 -2 4
Sendrecv 924767 924768 -2 2
Sendrecv 924780 924781 -2 4
Sendrecv 924790 924792 -2 2
Sendrecv 924804 924806 -2 4
Sendrecv 924814 924816 -2 2
Sendrecv 924828 924829 -2 4
Sendrecv 924838 924840 -2 2
Sendrecv 924852 924854 -2 4
Sendrecv 924862 924864 -2 2
Sendrecv 924876 924877 -2 4
Sendrecv 924886 924888 -2 2
Sendrecv 924900 924901 -2 4
Sendrecv 924923 924925 -2 2
Sendrecv 924940 924941 -2 4
Sendrecv 924950 924951 -2 2
Sendrecv 924964 924966 -2 4
Sendrecv 924976 924977 -2 2
Sendrecv 924990 924991 -2 4
Sendrecv 925000 925004 -2 2
Sendrecv 925017 925018 -2 4
Sendrecv 925027 925028 -2 2
Sendrecv 925041 925042 -2 4
Sendrecv 925051 925052 -2 2
Sendrecv 925065 925067 -2 4
Sendrecv 925077 925080 -2 2
Sendrecv 925093 925094 -2 4
Sendrecv 925103 925105 -2 2
Sendrecv 925131 925132 -2 4
Sendrecv 925141 925143 -2 2
Sendrecv 925155 925157 -2 4
Sendrecv 925166 925181 -2 2
Sendrecv 925194 925195 -2 4
Sendrecv 925204 925205 -2 2
Sendrecv 925218 925220 -2 4
Sendrecv 925228 925231 -2 2
Sendrecv 925244 925245 -2 4
Sendrecv 925254 925256 -2 2
Sendrecv 925268 925269 -2 4
Sendrecv 925278 925280 -2 2
Sendrecv 925293 925294 -2 4
Sendrecv 925303 925305 -2 2
Sendrecv 925319 925320 -2 4
Sendrecv 925329 925331 -2 2
Sendrecv 925344 925345 -2 4
Sendrecv 925356 925358 -2 2
Sendrecv 925370 925371 -2 4
Sendrecv 925380 925383 -2 2
Sendrecv 925396 925397 -2 4
Sendrecv 925406 925407 -2 2
Sendrecv 925420 925421 -2 4
Sendrecv 925430 925432 -2 2
Sendrecv 925445 925446 -2 4
Sendrecv 925455 925457 -2 2
Sendrecv 925470 925472 -2 4
Sendrecv 925481 925482 -2 2
Sendrecv 925495 925496 -2 4
Sendrecv 925505 925506 -2 2
Sendrecv 925519 925520 -2 4
Sendrecv 925529 925530 -2 2
Sendrecv 925542 925544 -2 4
Sendrecv 925552 925555 -2 2
Sendrecv 925568 925569 -2 4
Sendrecv 925578 925579 -2 2
Sendrecv 925592 925593 -2 4
Sendrecv 925601 925604 -2 2
Sendrecv 925616 925617 -2 4
Sendrecv 925626 925628 -2 2
Sendrecv 925641 925642 -2 4
Sendrecv 925651 925653 -2 2
Sendrecv 925667 925668 -2 4
Sendrecv 925677 925678 -2 2
Sendrecv 925691 925692 -2 4
Sendrecv 925700 925705 -2 2
Sendrecv 925720 925721 -2 4
Sendrecv 925730 925731 -2 2
Sendrecv 925744 925745 -2 4
Sendrecv 925754 925756 -2 2
Sendrecv 925768 925770 -2 4
Sendrecv 925778 925780 -2 2
Sendrecv 925793 925794 -2 4
Sendrecv 925803 925805 -2 2
Sendrecv 925818 925820 -2 4
Sendrecv 925829 925830 -2 2
Sendrecv 925843 925844 -2 4
Sendrecv 925853 925854 -2 2
Sendrecv 925867 925868 -2 4
Sendrecv 925877 925878 -2 2
Sendrecv 925891 925892 -2 4
Sendrecv 925901 925903 -2 2
Sendrecv 925916 925917 -2 4
Sendrecv 925926 925930 -2 2
Sendrecv 925943 925944 -2 4
Sendrecv 925953 925954 -2 2
Sendrecv 925967 925968 -2 4
Sendrecv 925977 925978 -2 2
Sendrecv 925991 925992 -2 4
Sendrecv 926001 926002 -2 2
Sendrecv 926017 926018 -2 4
Sendrecv 926027 926028 -2 2
Sendrecv 926041 926042 -2 4
Sendrecv 926051 926053 -2 2
Sendrecv 926067 926068 -2 4
Sendrecv 926077 926079 -2 2
Sendrecv 926092 926093 -2 4
Sendrecv 926102 926107 -2 2
Sendrecv 926123 926124 -2 4
Sendrecv 926133 926139 -2 2
Sendrecv 926152 927774 -2 4
Sendrecv 927785 927786 -2 2
Sendrecv 927799 927801 -2 4
Sendrecv 927810 927814 -2 2
Sendrecv 927828 927829 -2 4
Sendrecv 927838 927843 -2 2
Sendrecv 927856 927857 -2 4
Sendrecv 927866 927870 -2 2
Sendrecv 927883 927884 -2 4
Sendrecv 927893 927895 -2 2
Sendrecv 927908 927909 -2 4
Sendrecv 927918 927919 -2 2
Sendrecv 927932 927933 -2 4
Sendrecv 927942 927944 -2 2
Sendrecv 927957 927958 -2 4
Sendrecv 927967 927969 -2 2
Sendrecv 927982 927983 -2 4
Sendrecv 927992 927994 -2 2
Sendrecv 928007 928008 -2 4
Sendrecv 928018 928019 -2 2
Sendrecv 928032 928033 -2 4
Sendrecv 928041 928045 -2 2
Sendrecv 928059 928061 -2 4
Sendrecv 928069 928072 -2 2
Sendrecv 928084 928086 -2 4
Sendrecv 928094 928096 -2 2
Sendrecv 928114 928115 -2 4
Sendrecv 928125 928126 -2 2
Sendrecv 928139 928140 -2 4
Sendrecv 928148 928150 -2 2
Sendrecv 928163 928165 -2 4
Sendrecv 928174 928176 -2 2
Sendrecv 928189 928239 -2 4
Sendrecv 928249 928250 -2 2
Sendrecv 928263 928266 -2 4
Sendrecv 928275 928276 -2 2
Sendrecv 928289 928311 -2 4
Sendrecv 928321 928322 -2 2
Sendrecv 928335 928336 -2 4
Sendrecv 928344 928347 -2 2
Sendrecv 928359 928360 -2 4
Sendrecv 928369 928371 -2 2
Sendrecv 928384 928385 -2 4
Sendrecv 928394 928395 -2 2
Sendrecv 928408 928418 -2 4
Sendrecv 928427 928429 -2 2
Sendrecv 928442 928447 -2 4
Sendrecv 928458 928459 -2 2
Sendrecv 928472 928485 -2 4
Sendrecv 928496 928498 -2 2
Sendrecv 928512 928514 -2 4
Sendrecv 928523 928526 -2 2
Sendrecv 928539 928543 -2 4
Sendrecv 928554 928556 -2 2
Sendrecv 928568 928574 -2 4
Sendrecv 928585 928586 -2 2
Sendrecv 928599 928604 -2 4
Sendrecv 928613 928614 -2 2
Sendrecv 928627 928629 -2 4
Sendrecv 928637 928638 -2 2
Sendrecv 928651 928653 -2 4
Sendrecv 928662 928663 -2 2
Sendrecv 928676 928708 -2 4
Sendrecv 928717 928718 -2 2
Sendrecv 928731 928736 -2 4
Sendrecv 928746 928747 -2 2
Sendrecv 928759 928761 -2 4
Sendrecv 928770 928771 -2 2
Sendrecv 928783 928784 -2 4
Sendrecv 928793 928795 -2 2
Sendrecv 928808 928809 -2 4
Sendrecv 928818 928820 -2 2
Sendrecv 928832 928834 -2 4
Sendrecv 928842 928845 -2 2
Sendrecv 928857 928858 -2 4
Sendrecv 928869 928870 -2 2
Sendrecv 928883 928884 -2 4
Sendrecv 928893 928896 -2 2
Sendrecv 928908 928909 -2 4
Sendrecv 928920 928921 -2 2
Sendrecv 928934 928935 -2 4
Sendrecv 928944 928946 -2 2
Sendrecv 928959 928960 -2 4
Sendrecv 928969 928970 -2 2
Sendrecv 928983 928984 -2 4
Sendrecv 928993 929001 -2 2
Allgatherv 929024 929499 -2 0 1 2 4 5 6
Barrier 932830 933136
Barrier 933157 933272
Barrier 992399 993895
Barrier 993906 993913
Finalize 1012768 1019635
