SYSTEM_START_US: 1775658893668317
Bcast 2834763 2834767 -1 0
Bcast 2834796 2834798 -1 0
Bcast 2834818 2834820 -1 0
Bcast 2941476 2941482 -1 0
Scatter 2942759 2942848 -1 0
Scatter 2942910 2943751 -1 0
Sendrecv_replace 2943773 2944099 -2 5
Sendrecv_replace 2944164 2944764 -2 14
Sendrecv_replace 2944871 2945127 -2 5
Sendrecv_replace 2945165 2947026 -2 2
Sendrecv_replace 2947206 2947246 -2 5
Sendrecv_replace 2947264 2947276 -2 2
Sendrecv_replace 2947357 2947370 -2 5
Sendrecv_replace 2947387 2947394 -2 2
Gather 2947523 2947564 0
Bcast 2947589 2959268 -1 0
Barrier 2965993 2967799
Barrier 2967834 3010301
Barrier 3064619 3119801
Barrier 3119840 3154447
Finalize 3169489 3311476
