SYSTEM_START_US: 1775658893654645
Bcast 2854857 2854861 -1 0
Bcast 2854899 2854901 -1 0
Bcast 2854922 2854923 -1 0
Bcast 2955351 2955355 -1 0
Scatter 2956465 2956718 -1 0
Scatter 2956764 2957495 -1 0
Sendrecv_replace 2957526 2958159 -2 6
Sendrecv_replace 2958210 2958491 -2 11
Sendrecv_replace 2958705 2958726 -2 6
Sendrecv_replace 2958753 2959692 -2 3
Sendrecv_replace 2959838 2959852 -2 6
Sendrecv_replace 2959875 2959908 -2 3
Sendrecv_replace 2959997 2960010 -2 6
Sendrecv_replace 2960031 2960195 -2 3
Gather 2960359 2960378 0
Bcast 2960408 2967905 -1 0
Barrier 2973190 2980196
Barrier 2980232 3023943
Barrier 3119430 3134744
Barrier 3134756 3134764
Finalize 3147896 3270057
