SYSTEM_START_US: 1775658893583005
Bcast 2912195 2912199 -1 0
Bcast 2912230 2912232 -1 0
Bcast 2912252 2912254 -1 0
Bcast 3023653 3023656 -1 0
Scatter 3028662 3028676 -1 0
Scatter 3028709 3029108 -1 0
Sendrecv_replace 3029155 3029284 -2 11
Sendrecv_replace 3029343 3029717 -2 5
Sendrecv_replace 3029833 3030206 -2 8
Sendrecv_replace 3030234 3030784 -2 5
Sendrecv_replace 3030906 3031764 -2 8
Sendrecv_replace 3031792 3032316 -2 5
Sendrecv_replace 3032406 3032421 -2 8
Sendrecv_replace 3032441 3032456 -2 5
Gather 3032586 3032604 0
Bcast 3032627 3033628 -1 0
Barrier 3038629 3054155
Barrier 3054181 3061497
Barrier 3127047 3198016
Barrier 3198032 3210801
Finalize 3223085 3291587
