SYSTEM_START_US: 1775658893664151
Bcast 2600338 2600342 -1 0
Bcast 2600371 2600373 -1 0
Bcast 2600393 2600394 -1 0
Bcast 2728569 2728575 -1 0
Scatter 2946925 2947452 -1 0
Scatter 2947495 2948063 -1 0
Sendrecv_replace 2948093 2948761 -2 13
Sendrecv_replace 2948806 2948811 -2 12
Sendrecv_replace 2948905 2949301 -2 15
Sendrecv_replace 2949336 2950087 -2 8
Sendrecv_replace 2950206 2950230 -2 15
Sendrecv_replace 2950246 2950254 -2 8
Sendrecv_replace 2950337 2951245 -2 15
Sendrecv_replace 2951275 2951952 -2 8
Gather 2952094 2952155 0
Bcast 2952184 2954271 -1 0
Barrier 2959089 2972964
Barrier 2972997 2981273
Barrier 3041318 3116865
Barrier 3116886 3138630
Finalize 3150542 3229010
