SYSTEM_START_US: 1775658893861585
Bcast 1914645 1914650 1 2 3 4 5 6 7 8 9 10 11 12 13 14 15
Bcast 1917167 1917171 1 2 3 4 5 6 7 8 9 10 11 12 13 14 15
Bcast 1917203 1917205 1 2 3 4 5 6 7 8 9 10 11 12 13 14 15
Bcast 2097429 2097438 1 2 3 4 5 6 7 8 9 10 11 12 13 14 15
Scatter 2749412 2749698 1 2 3 4 5 6 7 8 9 10 11 12 13 14 15
Scatter 2749755 2749988 1 2 3 4 5 6 7 8 9 10 11 12 13 14 15
Sendrecv_replace 2750013 2750046 -2 0
Sendrecv_replace 2750094 2750098 -2 0
Sendrecv_replace 2750171 2751747 -2 3
Sendrecv_replace 2751786 2752267 -2 12
Sendrecv_replace 2752390 2752428 -2 3
Sendrecv_replace 2752481 2752496 -2 12
Sendrecv_replace 2752638 2754447 -2 3
Sendrecv_replace 2754476 2754489 -2 12
Gather 2754681 2754748 -1 1 2 3 4 5 6 7 8 9 10 11 12 13 14 15
Bcast 2754890 2754928 1 2 3 4 5 6 7 8 9 10 11 12 13 14 15
Barrier 2759771 2776168
Barrier 2776254 2784934
Barrier 2876490 2920261
Barrier 2920279 2942430
Finalize 2958941 3085015
