SYSTEM_START_US: 1775658893682802
Bcast 2261229 2261233 -1 0
Bcast 2261295 2261297 -1 0
Bcast 2261333 2261335 -1 0
Bcast 2406564 2406570 -1 0
Scatter 2928749 2928763 -1 0
Scatter 2928797 2928807 -1 0
Sendrecv_replace 2928830 2928859 -2 1
Sendrecv_replace 2928895 2930329 -2 13
Sendrecv_replace 2930425 2930434 -2 0
Sendrecv_replace 2930450 2930773 -2 13
Sendrecv_replace 2930922 2931407 -2 0
Sendrecv_replace 2931443 2932913 -2 13
Sendrecv_replace 2933099 2933120 -2 0
Sendrecv_replace 2933139 2933155 -2 13
Gather 2933289 2933311 0
Bcast 2933334 2933711 -1 0
Barrier 2938640 2953643
Barrier 2953674 2961700
Barrier 3017969 3103695
Barrier 3103709 3123463
Finalize 3135887 3200126
