SYSTEM_START_US: 1775658893585114
Bcast 2799868 2799870 -1 0
Bcast 2799898 2799900 -1 0
Bcast 2799920 2799921 -1 0
Bcast 2913511 2913516 -1 0
Scatter 3026383 3026399 -1 0
Scatter 3026436 3027051 -1 0
Sendrecv_replace 3027085 3027128 -2 9
Sendrecv_replace 3027189 3028660 -2 15
Sendrecv_replace 3028746 3028754 -2 10
Sendrecv_replace 3028769 3029134 -2 7
Sendrecv_replace 3029316 3029398 -2 10
Sendrecv_replace 3029425 3029486 -2 7
Sendrecv_replace 3029641 3029654 -2 10
Sendrecv_replace 3029674 3029689 -2 7
Gather 3029817 3029840 0
Bcast 3029942 3036543 -1 0
Barrier 3042178 3050073
Barrier 3050103 3076675
Barrier 3183063 3199240
Barrier 3199256 3210014
Finalize 3222316 3289106
