SYSTEM_START_US: 1775658893738691
Bcast 2593140 2593147 -1 0
Bcast 2593181 2593183 -1 0
Bcast 2593205 2593206 -1 0
Bcast 2699423 2699432 -1 0
Scatter 2872566 2872850 -1 0
Scatter 2872890 2873471 -1 0
Sendrecv_replace 2873500 2874173 -2 15
Sendrecv_replace 2874327 2874358 -2 6
Sendrecv_replace 2874548 2874926 -2 13
Sendrecv_replace 2874953 2876007 -2 10
Sendrecv_replace 2876125 2876146 -2 13
Sendrecv_replace 2876189 2876205 -2 10
Sendrecv_replace 2876296 2876314 -2 13
Sendrecv_replace 2876331 2877352 -2 10
Gather 2877518 2877559 0
Bcast 2877583 2888669 -1 0
Barrier 2895035 2897426
Barrier 2897466 2907587
Barrier 3003256 3042397
Barrier 3042418 3067589
Finalize 3079457 3135712
