SYSTEM_START_US: 1775658893564808
Bcast 2861492 2861498 -1 0
Bcast 2861537 2861539 -1 0
Bcast 2861561 2861562 -1 0
Bcast 2974090 2974099 -1 0
Scatter 3046502 3046712 -1 0
Scatter 3046755 3047378 -1 0
Sendrecv_replace 3047406 3047767 -2 14
Sendrecv_replace 3047831 3047841 -2 9
Sendrecv_replace 3047931 3048920 -2 12
Sendrecv_replace 3048948 3048965 -2 9
Sendrecv_replace 3049128 3050380 -2 12
Sendrecv_replace 3050412 3050429 -2 9
Sendrecv_replace 3050507 3050521 -2 12
Sendrecv_replace 3050537 3051252 -2 9
Gather 3051400 3051426 0
Bcast 3051454 3053614 -1 0
Barrier 3058498 3072213
Barrier 3072249 3144287
Barrier 3205246 3220141
Barrier 3220166 3230217
Finalize 3262926 3313367
