SYSTEM_START_US: 1775658893626048
Bcast 2820187 2820194 -1 0
Bcast 2820240 2820242 -1 0
Bcast 2820266 2820267 -1 0
Bcast 2937674 2937681 -1 0
Scatter 2985312 2985328 -1 0
Scatter 2985365 2985371 -1 0
Sendrecv_replace 2985388 2985429 -2 3
Sendrecv_replace 2985486 2987361 -2 7
Sendrecv_replace 2987450 2987458 -2 2
Sendrecv_replace 2987474 2987776 -2 15
Sendrecv_replace 2987893 2988081 -2 2
Sendrecv_replace 2988118 2988586 -2 15
Sendrecv_replace 2988712 2988727 -2 2
Sendrecv_replace 2988743 2988757 -2 15
Gather 2988902 2988930 0
Bcast 2988960 2990663 -1 0
Barrier 2995547 3009612
Barrier 3009649 3073753
Barrier 3129893 3163037
Barrier 3163052 3183458
Finalize 3196599 3267139
