SYSTEM_START_US: 1775658893746781
Bcast 2755470 2755475 -1 0
Bcast 2755515 2755518 -1 0
Bcast 2755547 2755550 -1 0
Bcast 2859845 2859856 -1 0
Scatter 2864245 2864613 -1 0
Scatter 2864729 2865278 -1 0
Sendrecv_replace 2865308 2865601 -2 7
Sendrecv_replace 2865661 2865668 -2 4
Sendrecv_replace 2865765 2866722 -2 7
Sendrecv_replace 2866743 2866750 -2 0
Sendrecv_replace 2866855 2866872 -2 7
Sendrecv_replace 2866900 2867207 -2 0
Sendrecv_replace 2867294 2868962 -2 7
Sendrecv_replace 2869000 2869022 -2 0
Gather 2869177 2869246 0
Bcast 2869271 2874756 -1 0
Barrier 2880174 2890333
Barrier 2890363 2898653
Barrier 3018232 3035079
Barrier 3035093 3074834
Finalize 3097143 3210313
