SYSTEM_START_US: 1775658893644721
Bcast 2619751 2619756 -1 0
Bcast 2619785 2619787 -1 0
Bcast 2619808 2619809 -1 0
Bcast 2734595 2749856 -1 0
Scatter 2966589 2966669 -1 0
Scatter 2966715 2967365 -1 0
Sendrecv_replace 2967393 2967425 -2 8
Sendrecv_replace 2967471 2967479 -2 2
Sendrecv_replace 2967564 2969326 -2 9
Sendrecv_replace 2969352 2969751 -2 6
Sendrecv_replace 2969920 2969941 -2 9
Sendrecv_replace 2969961 2970473 -2 6
Sendrecv_replace 2970572 2970598 -2 9
Sendrecv_replace 2970631 2970645 -2 6
Gather 2970797 2970846 0
Bcast 2970872 2982135 -1 0
Barrier 2988184 2991448
Barrier 2991476 2995397
Barrier 3051440 3136357
Barrier 3136384 3152478
Finalize 3167162 3233463
