SYSTEM_START_US: 1775658893748234
Bcast 2390632 2390637 -1 0
Bcast 2390666 2390668 -1 0
Bcast 2390688 2390690 -1 0
Bcast 2500159 2500167 -1 0
Scatter 2862908 2863053 -1 0
Scatter 2863109 2863149 -1 0
Sendrecv_replace 2863174 2863198 -2 2
Sendrecv_replace 2863241 2864037 -2 10
Sendrecv_replace 2864133 2865381 -2 1
Sendrecv_replace 2865402 2865740 -2 14
Sendrecv_replace 2865927 2865947 -2 1
Sendrecv_replace 2865966 2867380 -2 14
Sendrecv_replace 2867469 2867483 -2 1
Sendrecv_replace 2867555 2867575 -2 14
Gather 2867713 2867752 0
Bcast 2867787 2873460 -1 0
Barrier 2879602 2888603
Barrier 2888636 2899039
Barrier 2993324 3039291
Barrier 3039870 3070835
Finalize 3084020 3168138
