SYSTEM_START_US: 1775658893649075
Bcast 2854210 2854212 -1 0
Bcast 2854241 2854242 -1 0
Bcast 2854262 2854263 -1 0
Bcast 2953637 2957573 -1 0
Scatter 2962068 2962114 -1 0
Scatter 2962215 2962985 -1 0
Sendrecv_replace 2963020 2963765 -2 4
Sendrecv_replace 2963831 2964203 -2 1
Sendrecv_replace 2964306 2964344 -2 4
Sendrecv_replace 2964374 2964388 -2 1
Sendrecv_replace 2964502 2966478 -2 4
Sendrecv_replace 2966513 2966530 -2 1
Sendrecv_replace 2966640 2966661 -2 4
Sendrecv_replace 2966689 2966717 -2 1
Gather 2966850 2966872 0
Bcast 2966898 2972462 -1 0
Barrier 2977635 2988598
Barrier 2988634 3016385
Barrier 3101917 3139800
Barrier 3139816 3157809
Finalize 3171762 3291451
