SYSTEM_START_US: 1775658893753213
Bcast 2510734 2510743 -1 0
Bcast 2510788 2510792 -1 0
Bcast 2510818 2510822 -1 0
Bcast 2631629 2631642 -1 0
Scatter 2857668 2858305 -1 0
Scatter 2858352 2858871 -1 0
Sendrecv_replace 2858901 2858951 -2 10
Sendrecv_replace 2858989 2859002 -2 8
Sendrecv_replace 2859085 2859657 -2 11
Sendrecv_replace 2859690 2860287 -2 4
Sendrecv_replace 2860420 2860720 -2 11
Sendrecv_replace 2860745 2861201 -2 4
Sendrecv_replace 2861289 2862223 -2 11
Sendrecv_replace 2862255 2862284 -2 4
Gather 2862414 2863122 0
Bcast 2863158 2863420 -1 0
Barrier 2868305 2883928
Barrier 2884001 2941554
Barrier 3027774 3027798
Barrier 3027812 3040519
Finalize 3052969 3168643
