SYSTEM_START_US: 1775658893597737
Bcast 2788488 2788491 -1 0
Bcast 2788519 2788520 -1 0
Bcast 2788547 2788548 -1 0
Bcast 2908960 2908965 -1 0
Scatter 3013745 3013875 -1 0
Scatter 3013922 3014515 -1 0
Sendrecv_replace 3014541 3014780 -2 12
Sendrecv_replace 3014833 3015091 -2 3
Sendrecv_replace 3015180 3015882 -2 14
Sendrecv_replace 3015908 3016200 -2 11
Sendrecv_replace 3016321 3016827 -2 14
Sendrecv_replace 3016849 3016859 -2 11
Sendrecv_replace 3016935 3016946 -2 14
Sendrecv_replace 3016961 3017149 -2 11
Gather 3017290 3017309 0
Bcast 3017334 3024707 -1 0
Barrier 3029855 3037456
Barrier 3037497 3115163
Barrier 3175115 3186621
Barrier 3186637 3191680
Finalize 3227085 3278680
