SYSTEM_START_US: 1775665669987380
Bcast 692609 692615 1 2 3
Bcast 692835 692837 1 2 3
Bcast 692847 692848 1 2 3
Allreduce 730767 781239 -2 1 2 3
Allgather 781768 781780 -2 1 2 3
Allreduce 781813 781882 -2 1 2 3
Allgather 781899 781944 -2 1 2 3
Allreduce 781976 782064 -2 1 2 3
Allgather 782082 782087 -2 1 2 3
Allreduce 782105 782125 -2 1 2 3
Allgather 782145 782149 -2 1 2 3
Allreduce 782165 782170 -2 1 2 3
Allgather 782178 782180 -2 1 2 3
Allreduce 782198 782200 -2 1 2 3
Allgather 782223 782225 -2 1 2 3
Allreduce 782246 782248 -2 1 2 3
Allgather 782256 782257 -2 1 2 3
Allreduce 782277 782279 -2 1 2 3
Allgather 782286 782288 -2 1 2 3
Allreduce 782315 782321 -2 1 2 3
Allgather 782346 782351 -2 1 2 3
Allreduce 782406 782409 -2 1 2 3
Allgather 782420 782422 -2 1 2 3
Allreduce 782453 782459 -2 1 2 3
Allgather 782467 782468 -2 1 2 3
Allreduce 782501 782503 -2 1 2 3
Allgather 782511 782512 -2 1 2 3
Allreduce 782548 782550 -2 1 2 3
Allgather 782558 782560 -2 1 2 3
Allreduce 782626 782629 -2 1 2 3
Allgather 782637 782639 -2 1 2 3
Allreduce 782682 782684 -2 1 2 3
Allgather 782693 782696 -2 1 2 3
Allreduce 782737 782739 -2 1 2 3
Allgather 782747 782749 -2 1 2 3
Allreduce 782791 782792 -2 1 2 3
Allgather 782800 782803 -2 1 2 3
Allreduce 782849 782851 -2 1 2 3
Allgather 782859 782860 -2 1 2 3
Allreduce 782912 782913 -2 1 2 3
Allgather 782921 782922 -2 1 2 3
Allreduce 782978 782982 -2 1 2 3
Allgather 782990 782995 -2 1 2 3
Allreduce 783092 783107 -2 1 2 3
Allgather 783116 783121 -2 1 2 3
Allreduce 783183 783187 -2 1 2 3
Allgather 783195 783196 -2 1 2 3
Allreduce 783257 783260 -2 1 2 3
Allgather 783268 783269 -2 1 2 3
Allreduce 783334 783337 -2 1 2 3
Allgather 783345 783346 -2 1 2 3
Allreduce 783423 783425 -2 1 2 3
Allgather 783432 783433 -2 1 2 3
Allreduce 783507 783509 -2 1 2 3
Allgather 783516 783517 -2 1 2 3
Allreduce 783595 783597 -2 1 2 3
Allgather 783605 783608 -2 1 2 3
Allreduce 783688 783741 -2 1 2 3
Allgather 783766 783768 -2 1 2 3
Allreduce 783898 783900 -2 1 2 3
Allgather 783915 783924 -2 1 2 3
Allreduce 784052 784054 -2 1 2 3
Allgather 784069 784070 -2 1 2 3
Allreduce 784198 784200 -2 1 2 3
Allgather 784325 784331 -2 1 2 3
Allreduce 784460 784462 -2 1 2 3
Allgather 784478 784480 -2 1 2 3
Allreduce 784612 784666 -2 1 2 3
Allgather 784680 784688 -2 1 2 3
Allreduce 784851 784853 -2 1 2 3
Allgather 784869 784871 -2 1 2 3
Allreduce 785023 785025 -2 1 2 3
Allgather 785040 785048 -2 1 2 3
Allreduce 785207 785209 -2 1 2 3
Allgather 785223 785225 -2 1 2 3
Allreduce 785382 785386 -2 1 2 3
Allgather 785404 785406 -2 1 2 3
Allreduce 785603 785605 -2 1 2 3
Allgather 785620 785634 -2 1 2 3
Allreduce 785804 785807 -2 1 2 3
Allgather 785821 785823 -2 1 2 3
Allreduce 785984 785986 -2 1 2 3
Allgather 786001 786002 -2 1 2 3
Allreduce 786179 786181 -2 1 2 3
Allgather 786196 786200 -2 1 2 3
Allreduce 786381 786383 -2 1 2 3
Allgather 786397 786402 -2 1 2 3
Allreduce 786575 786577 -2 1 2 3
Allgather 786591 786593 -2 1 2 3
Allreduce 786785 786788 -2 1 2 3
Allgather 786802 786806 -2 1 2 3
Allreduce 786991 786994 -2 1 2 3
Allgather 787008 787009 -2 1 2 3
Allreduce 787208 787209 -2 1 2 3
Allgather 787224 787225 -2 1 2 3
Allreduce 787580 787584 -2 1 2 3
Allgather 787597 787601 -2 1 2 3
Allreduce 787805 787808 -2 1 2 3
Allgather 787822 787823 -2 1 2 3
Allreduce 788031 788033 -2 1 2 3
Allgather 788047 788049 -2 1 2 3
Allreduce 788261 788264 -2 1 2 3
Allgather 788278 788280 -2 1 2 3
Allreduce 788483 788485 -2 1 2 3
Allgather 788500 788501 -2 1 2 3
Allreduce 788735 788737 -2 1 2 3
Allgather 788751 788753 -2 1 2 3
Allreduce 788989 788991 -2 1 2 3
Allgather 789005 789006 -2 1 2 3
Allreduce 789228 789230 -2 1 2 3
Allgather 789245 789246 -2 1 2 3
Allreduce 789498 789500 -2 1 2 3
Allgather 789514 789516 -2 1 2 3
Allreduce 789751 789753 -2 1 2 3
Allgather 789769 789770 -2 1 2 3
Allreduce 790008 790010 -2 1 2 3
Allgather 790024 790026 -2 1 2 3
Allreduce 790279 790282 -2 1 2 3
Allgather 790296 790297 -2 1 2 3
Allreduce 790544 790546 -2 1 2 3
Allgather 790560 790561 -2 1 2 3
Allreduce 790825 790828 -2 1 2 3
Allgather 790842 790844 -2 1 2 3
Allreduce 791115 791117 -2 1 2 3
Allgather 791131 791136 -2 1 2 3
Allreduce 791425 791427 -2 1 2 3
Allgather 791442 791447 -2 1 2 3
Allreduce 791718 791720 -2 1 2 3
Allgather 791737 791743 -2 1 2 3
Allreduce 792038 792042 -2 1 2 3
Allgather 792059 792061 -2 1 2 3
Allreduce 792358 792360 -2 1 2 3
Allgather 792375 792377 -2 1 2 3
Allreduce 792656 792658 -2 1 2 3
Allgather 792675 792677 -2 1 2 3
Allreduce 792962 792965 -2 1 2 3
Allgather 792980 792982 -2 1 2 3
Allreduce 793287 793290 -2 1 2 3
Allgather 793305 793307 -2 1 2 3
Allreduce 793616 793618 -2 1 2 3
Allgather 793633 793635 -2 1 2 3
Allreduce 793948 793951 -2 1 2 3
Allgather 794229 794232 -2 1 2 3
Allreduce 794561 794563 -2 1 2 3
Allgather 794578 794580 -2 1 2 3
Allreduce 794900 794903 -2 1 2 3
Allgather 794918 794919 -2 1 2 3
Allreduce 795246 795248 -2 1 2 3
Allgather 795263 795265 -2 1 2 3
Allreduce 795607 795609 -2 1 2 3
Allgather 795624 795626 -2 1 2 3
Allreduce 795957 795960 -2 1 2 3
Allgather 795975 795976 -2 1 2 3
Allreduce 796341 796344 -2 1 2 3
Allgather 796359 796360 -2 1 2 3
Allreduce 796748 796750 -2 1 2 3
Allgather 796766 796770 -2 1 2 3
Allreduce 797123 797126 -2 1 2 3
Allgather 797141 797143 -2 1 2 3
Allreduce 797560 797563 -2 1 2 3
Allgather 797579 797581 -2 1 2 3
Allreduce 797999 798002 -2 1 2 3
Allgather 798018 798020 -2 1 2 3
Allreduce 798426 798429 -2 1 2 3
Allgather 798446 798448 -2 1 2 3
Allreduce 798861 798863 -2 1 2 3
Allgather 798879 798881 -2 1 2 3
Allreduce 799291 799293 -2 1 2 3
Allgather 799308 799310 -2 1 2 3
Allreduce 799799 799809 -2 1 2 3
Allgather 799828 799833 -2 1 2 3
Allreduce 800273 800279 -2 1 2 3
Allgather 800296 800320 -2 1 2 3
Allreduce 800743 800748 -2 1 2 3
Allgather 800765 800773 -2 1 2 3
Allreduce 801228 801231 -2 1 2 3
Allgather 801246 801254 -2 1 2 3
Allreduce 801715 801720 -2 1 2 3
Allgather 801736 801738 -2 1 2 3
Allreduce 802188 802191 -2 1 2 3
Allgather 802207 802209 -2 1 2 3
Allreduce 802659 802662 -2 1 2 3
Allgather 802677 802679 -2 1 2 3
Allreduce 803109 803111 -2 1 2 3
Allgather 803126 803128 -2 1 2 3
Allreduce 803561 803564 -2 1 2 3
Allgather 803578 803580 -2 1 2 3
Allreduce 803995 803998 -2 1 2 3
Allgather 804012 804017 -2 1 2 3
Allreduce 804465 804467 -2 1 2 3
Allgather 804484 804485 -2 1 2 3
Allreduce 804926 804928 -2 1 2 3
Allgather 804943 804949 -2 1 2 3
Allreduce 805388 805390 -2 1 2 3
Allgather 805405 805407 -2 1 2 3
Allreduce 805885 805887 -2 1 2 3
Allgather 805901 805903 -2 1 2 3
Allreduce 806341 806344 -2 1 2 3
Allgather 806359 806360 -2 1 2 3
Allreduce 806799 806802 -2 1 2 3
Allgather 806818 806820 -2 1 2 3
Allreduce 807305 807308 -2 1 2 3
Allgather 807323 807325 -2 1 2 3
Allreduce 807763 807765 -2 1 2 3
Allgather 807780 807782 -2 1 2 3
Allreduce 808270 808272 -2 1 2 3
Allgather 808287 808288 -2 1 2 3
Allreduce 808751 808753 -2 1 2 3
Allgather 808768 808770 -2 1 2 3
Allreduce 809241 809243 -2 1 2 3
Allgather 809259 809261 -2 1 2 3
Allreduce 809742 809744 -2 1 2 3
Allgather 810232 810239 -2 1 2 3
Allreduce 810716 810719 -2 1 2 3
Allgather 810734 810740 -2 1 2 3
Allreduce 811239 811241 -2 1 2 3
Allgather 811256 811258 -2 1 2 3
Allreduce 811775 811777 -2 1 2 3
Allgather 811792 811793 -2 1 2 3
Allreduce 812342 812345 -2 1 2 3
Allgather 812359 812361 -2 1 2 3
Allreduce 812868 812871 -2 1 2 3
Allgather 812885 812887 -2 1 2 3
Allreduce 813410 813412 -2 1 2 3
Allgather 813427 813429 -2 1 2 3
Allreduce 813888 813891 -2 1 2 3
Allgather 813903 813905 -2 1 2 3
Allreduce 814259 814261 -2 1 2 3
Allgather 814270 814271 -2 1 2 3
Allreduce 814649 814651 -2 1 2 3
Allgather 814660 814662 -2 1 2 3
Allreduce 815004 815006 -2 1 2 3
Allgather 815015 815016 -2 1 2 3
Allreduce 815412 815414 -2 1 2 3
Allgather 815422 815423 -2 1 2 3
Allreduce 815861 815864 -2 1 2 3
Allgather 815880 815882 -2 1 2 3
Allreduce 816463 816465 -2 1 2 3
Allgather 816480 816481 -2 1 2 3
Allreduce 817054 817056 -2 1 2 3
Allgather 817072 817073 -2 1 2 3
Allreduce 817640 817642 -2 1 2 3
Allgather 817657 817659 -2 1 2 3
Allreduce 818208 818211 -2 1 2 3
Allgather 818227 818236 -2 1 2 3
Allreduce 818800 818803 -2 1 2 3
Allgather 818818 818820 -2 1 2 3
Allreduce 819367 819369 -2 1 2 3
Allgather 819384 819385 -2 1 2 3
Allreduce 819981 819983 -2 1 2 3
Allgather 819998 820000 -2 1 2 3
Allreduce 820567 820569 -2 1 2 3
Allgather 820586 820596 -2 1 2 3
Allreduce 821178 821180 -2 1 2 3
Allgather 821195 821200 -2 1 2 3
Barrier 824351 824525
Barrier 824546 824552
Barrier 869681 871773
Barrier 871788 871803
Finalize 878298 878841
