SYSTEM_START_US: 1776533529071043
Bcast 162670 162680 -1 0
Bcast 162715 162717 -1 0
Bcast 162738 162740 -1 0
Bcast 188212 188216 -1 0
Scatterv 188237 188247 -1 0
Sendrecv 188265 191894 -2 5
Sendrecv 191923 192073 -2 3
Sendrecv 192108 192115 -2 5
Sendrecv 192127 192297 -2 3
Sendrecv 192322 192331 -2 5
Sendrecv 192358 192430 -2 3
Sendrecv 192453 192458 -2 5
Sendrecv 192471 192477 -2 3
Sendrecv 192487 192504 -2 5
Sendrecv 192534 192596 -2 3
Sendrecv 192617 192624 -2 5
Sendrecv 192634 192636 -2 3
Sendrecv 192645 192673 -2 5
Sendrecv 192682 192726 -2 3
Sendrecv 192735 192740 -2 5
Sendrecv 192776 192891 -2 3
Sendrecv 192912 192920 -2 5
Sendrecv 192931 192932 -2 3
Sendrecv 192941 193004 -2 5
Sendrecv 193014 193014 -2 3
Sendrecv 193024 193032 -2 5
Sendrecv 193042 193055 -2 3
Sendrecv 193064 193065 -2 5
Sendrecv 193074 193093 -2 3
Sendrecv 193142 193147 -2 5
Sendrecv 193157 193205 -2 3
Sendrecv 193214 193215 -2 5
Sendrecv 193225 193247 -2 3
Sendrecv 193256 193257 -2 5
Sendrecv 193266 193291 -2 3
Sendrecv 193300 193331 -2 5
Sendrecv 193340 193353 -2 3
Sendrecv 193362 193363 -2 5
Sendrecv 193372 193392 -2 3
Sendrecv 193401 193402 -2 5
Sendrecv 193411 193474 -2 3
Sendrecv 193483 193487 -2 5
Sendrecv 193497 193513 -2 3
Sendrecv 193580 193584 -2 5
Sendrecv 193594 193678 -2 3
Sendrecv 193688 193693 -2 5
Sendrecv 193705 193724 -2 3
Sendrecv 193733 193741 -2 5
Sendrecv 193751 193763 -2 3
Sendrecv 193772 193773 -2 5
Sendrecv 193782 193801 -2 3
Sendrecv 193810 193811 -2 5
Sendrecv 193821 193840 -2 3
Sendrecv 193850 193909 -2 5
Sendrecv 193919 193919 -2 3
Sendrecv 193929 193933 -2 5
Sendrecv 193942 193960 -2 3
Sendrecv 193969 193970 -2 5
Sendrecv 193979 194011 -2 3
Sendrecv 194020 194021 -2 5
Sendrecv 194030 194048 -2 3
Sendrecv 194058 194058 -2 5
Sendrecv 194068 194086 -2 3
Sendrecv 194095 194096 -2 5
Sendrecv 194186 194238 -2 3
Sendrecv 194247 194251 -2 5
Sendrecv 194261 194262 -2 3
Sendrecv 194271 194302 -2 5
Sendrecv 194312 194509 -2 3
Sendrecv 194532 194541 -2 5
Sendrecv 194552 194555 -2 3
Sendrecv 194564 194620 -2 5
Sendrecv 194630 194631 -2 3
Sendrecv 194640 194651 -2 5
Sendrecv 194661 194670 -2 3
Sendrecv 194679 194680 -2 5
Sendrecv 194689 194707 -2 3
Sendrecv 194716 194717 -2 5
Sendrecv 194726 194744 -2 3
Sendrecv 194753 194754 -2 5
Sendrecv 194763 194781 -2 3
Sendrecv 194790 194889 -2 5
Sendrecv 194899 194899 -2 3
Sendrecv 194909 194915 -2 5
Sendrecv 194925 194938 -2 3
Sendrecv 194949 194949 -2 5
Sendrecv 194959 194977 -2 3
Sendrecv 194986 194987 -2 5
Sendrecv 194999 195017 -2 3
Sendrecv 195026 195027 -2 5
Sendrecv 195036 195055 -2 3
Sendrecv 195064 195065 -2 5
Sendrecv 195074 195092 -2 3
Sendrecv 195101 195102 -2 5
Sendrecv 195111 195129 -2 3
Sendrecv 195314 195320 -2 5
Sendrecv 195331 195487 -2 3
Sendrecv 195496 195500 -2 5
Sendrecv 195510 195567 -2 3
Sendrecv 195576 195580 -2 5
Sendrecv 195590 195623 -2 3
Sendrecv 195632 195633 -2 5
Sendrecv 195642 195666 -2 3
Sendrecv 195675 195675 -2 5
Sendrecv 195685 195704 -2 3
Sendrecv 195713 195714 -2 5
Sendrecv 195723 195746 -2 3
Sendrecv 195755 195756 -2 5
Sendrecv 195765 195783 -2 3
Sendrecv 195792 195793 -2 5
Sendrecv 195802 195821 -2 3
Sendrecv 195830 195831 -2 5
Sendrecv 195840 195858 -2 3
Sendrecv 195867 195868 -2 5
Sendrecv 195877 195898 -2 3
Sendrecv 195907 195908 -2 5
Sendrecv 195917 195935 -2 3
Sendrecv 195944 195952 -2 5
Sendrecv 195962 195992 -2 3
Sendrecv 196001 196002 -2 5
Sendrecv 196011 196029 -2 3
Sendrecv 196038 196039 -2 5
Sendrecv 196050 196067 -2 3
Sendrecv 196076 196149 -2 5
Sendrecv 196158 196159 -2 3
Sendrecv 196168 196169 -2 5
Sendrecv 196178 196198 -2 3
Sendrecv 196207 196208 -2 5
Sendrecv 196217 196348 -2 3
Sendrecv 196358 196363 -2 5
Sendrecv 196373 196386 -2 3
Sendrecv 196395 196400 -2 5
Sendrecv 196409 196428 -2 3
Sendrecv 196437 196438 -2 5
Sendrecv 196447 196466 -2 3
Sendrecv 196475 196476 -2 5
Sendrecv 196485 196503 -2 3
Sendrecv 196512 196513 -2 5
Sendrecv 196522 196542 -2 3
Sendrecv 196551 196552 -2 5
Sendrecv 196561 196580 -2 3
Sendrecv 196589 196589 -2 5
Sendrecv 196790 196978 -2 3
Sendrecv 196987 196992 -2 5
Sendrecv 197002 197013 -2 3
Sendrecv 197022 197029 -2 5
Sendrecv 197040 197331 -2 3
Sendrecv 197355 197363 -2 5
Sendrecv 197375 197377 -2 3
Sendrecv 197387 197415 -2 5
Sendrecv 197425 197425 -2 3
Sendrecv 197435 197443 -2 5
Sendrecv 197452 197465 -2 3
Sendrecv 197474 197475 -2 5
Sendrecv 197484 197507 -2 3
Sendrecv 197516 197517 -2 5
Sendrecv 197526 197544 -2 3
Sendrecv 197554 197554 -2 5
Sendrecv 197564 197584 -2 3
Sendrecv 197594 197594 -2 5
Sendrecv 197604 197623 -2 3
Sendrecv 197633 197634 -2 5
Sendrecv 197643 197662 -2 3
Sendrecv 197671 197672 -2 5
Sendrecv 197681 197702 -2 3
Sendrecv 197711 197712 -2 5
Sendrecv 197721 197741 -2 3
Sendrecv 197750 197751 -2 5
Sendrecv 197760 197779 -2 3
Sendrecv 197788 197789 -2 5
Sendrecv 197798 197818 -2 3
Sendrecv 197827 197828 -2 5
Sendrecv 197837 197856 -2 3
Sendrecv 197865 197866 -2 5
Sendrecv 197878 197893 -2 3
Sendrecv 197903 197903 -2 5
Sendrecv 197913 197934 -2 3
Sendrecv 197943 197944 -2 5
Sendrecv 197953 197972 -2 3
Sendrecv 197981 197981 -2 5
Sendrecv 197991 198008 -2 3
Sendrecv 198018 198018 -2 5
Sendrecv 198028 198046 -2 3
Sendrecv 198055 198056 -2 5
Sendrecv 198065 198088 -2 3
Sendrecv 198098 198350 -2 5
Sendrecv 198360 198360 -2 3
Sendrecv 198370 198376 -2 5
Sendrecv 198386 198403 -2 3
Sendrecv 198413 198413 -2 5
Sendrecv 198423 198443 -2 3
Sendrecv 198452 198453 -2 5
Sendrecv 198463 198487 -2 3
Sendrecv 198497 198497 -2 5
Sendrecv 198507 198524 -2 3
Sendrecv 198534 198534 -2 5
Sendrecv 198543 198562 -2 3
Sendrecv 198572 198573 -2 5
Sendrecv 198582 198603 -2 3
Sendrecv 198612 198613 -2 5
Sendrecv 198622 198640 -2 3
Sendrecv 198652 198652 -2 5
Sendrecv 198662 198679 -2 3
Sendrecv 198688 198689 -2 5
Sendrecv 198699 198719 -2 3
Sendrecv 198728 198729 -2 5
Sendrecv 198738 198756 -2 3
Sendrecv 198765 198766 -2 5
Sendrecv 198775 198793 -2 3
Sendrecv 198802 198803 -2 5
Sendrecv 198812 198830 -2 3
Sendrecv 198839 198840 -2 5
Sendrecv 199174 199309 -2 3
Sendrecv 199320 199325 -2 5
Sendrecv 199335 199348 -2 3
Sendrecv 199357 199375 -2 5
Sendrecv 199384 199668 -2 3
Sendrecv 199677 199681 -2 5
Sendrecv 199691 199705 -2 3
Sendrecv 199715 199730 -2 5
Sendrecv 199739 199752 -2 3
Sendrecv 199762 199762 -2 5
Sendrecv 199772 199793 -2 3
Sendrecv 199802 199803 -2 5
Sendrecv 199812 199833 -2 3
Sendrecv 199842 199843 -2 5
Sendrecv 199852 199873 -2 3
Sendrecv 199882 199883 -2 5
Sendrecv 199892 199914 -2 3
Sendrecv 199924 199924 -2 5
Sendrecv 199934 199952 -2 3
Sendrecv 199961 199962 -2 5
Sendrecv 199971 199991 -2 3
Sendrecv 200000 200001 -2 5
Sendrecv 200010 200031 -2 3
Sendrecv 200040 200041 -2 5
Sendrecv 200050 200070 -2 3
Sendrecv 200081 200082 -2 5
Sendrecv 200092 200111 -2 3
Sendrecv 200121 200121 -2 5
Sendrecv 200131 200150 -2 3
Sendrecv 200160 200160 -2 5
Sendrecv 200169 200190 -2 3
Sendrecv 200199 200200 -2 5
Sendrecv 200209 200228 -2 3
Sendrecv 200237 200243 -2 5
Sendrecv 200253 200279 -2 3
Sendrecv 200288 200289 -2 5
Sendrecv 200298 200314 -2 3
Sendrecv 200324 200324 -2 5
Sendrecv 200334 200353 -2 3
Sendrecv 200362 200363 -2 5
Sendrecv 200372 200390 -2 3
Sendrecv 200399 200400 -2 5
Sendrecv 200409 200433 -2 3
Sendrecv 200442 200443 -2 5
Sendrecv 200452 200477 -2 3
Sendrecv 200487 200488 -2 5
Sendrecv 200497 200521 -2 3
Sendrecv 200530 200531 -2 5
Sendrecv 200540 200558 -2 3
Sendrecv 200568 200568 -2 5
Sendrecv 200578 200595 -2 3
Sendrecv 200605 200606 -2 5
Sendrecv 200617 200633 -2 3
Sendrecv 200643 200643 -2 5
Sendrecv 200652 200671 -2 3
Sendrecv 200680 200681 -2 5
Sendrecv 200690 200708 -2 3
Sendrecv 200717 200718 -2 5
Sendrecv 200727 200747 -2 3
Sendrecv 200757 200757 -2 5
Sendrecv 200767 200784 -2 3
Sendrecv 200793 200794 -2 5
Sendrecv 200804 200821 -2 3
Sendrecv 200831 200831 -2 5
Sendrecv 200841 200858 -2 3
Sendrecv 200868 200868 -2 5
Sendrecv 200877 200900 -2 3
Sendrecv 200910 201295 -2 5
Sendrecv 201305 201305 -2 3
Sendrecv 201314 201321 -2 5
Sendrecv 201330 201347 -2 3
Sendrecv 201356 201357 -2 5
Sendrecv 201366 201388 -2 3
Sendrecv 201398 201398 -2 5
Sendrecv 201407 201425 -2 3
Sendrecv 201434 201435 -2 5
Sendrecv 201444 201468 -2 3
Sendrecv 201477 201478 -2 5
Sendrecv 201487 201504 -2 3
Sendrecv 201515 201516 -2 5
Sendrecv 201526 201542 -2 3
Sendrecv 201551 201552 -2 5
Sendrecv 201561 201579 -2 3
Sendrecv 201588 201589 -2 5
Sendrecv 201598 201616 -2 3
Sendrecv 201625 201626 -2 5
Sendrecv 201635 201656 -2 3
Sendrecv 201665 201666 -2 5
Sendrecv 201675 201692 -2 3
Sendrecv 201702 201702 -2 5
Sendrecv 201711 201730 -2 3
Sendrecv 201739 201740 -2 5
Sendrecv 201749 201768 -2 3
Sendrecv 201777 201778 -2 5
Sendrecv 201787 201805 -2 3
Sendrecv 201814 201815 -2 5
Sendrecv 201824 201842 -2 3
Sendrecv 201851 201852 -2 5
Sendrecv 201861 201882 -2 3
Sendrecv 201891 201892 -2 5
Sendrecv 201901 201920 -2 3
Sendrecv 201929 201930 -2 5
Sendrecv 201939 201957 -2 3
Sendrecv 201966 201967 -2 5
Sendrecv 201976 201995 -2 3
Sendrecv 202468 202473 -2 5
Sendrecv 202484 202607 -2 3
Sendrecv 202616 202620 -2 5
Sendrecv 202630 202653 -2 3
Sendrecv 202662 202670 -2 5
Sendrecv 202679 202702 -2 3
Sendrecv 202711 202711 -2 5
Sendrecv 202720 202738 -2 3
Sendrecv 202748 202748 -2 5
Sendrecv 202758 202780 -2 3
Sendrecv 202789 202790 -2 5
Sendrecv 202799 202820 -2 3
Sendrecv 202829 202830 -2 5
Sendrecv 202839 202859 -2 3
Sendrecv 202868 202869 -2 5
Sendrecv 202878 202898 -2 3
Sendrecv 202909 202910 -2 5
Sendrecv 202919 202937 -2 3
Sendrecv 202946 202947 -2 5
Sendrecv 202956 202978 -2 3
Sendrecv 202987 202988 -2 5
Sendrecv 202997 203014 -2 3
Sendrecv 203024 203024 -2 5
Sendrecv 203034 203054 -2 3
Sendrecv 203063 203064 -2 5
Sendrecv 203073 203092 -2 3
Sendrecv 203101 203102 -2 5
Sendrecv 203111 203131 -2 3
Sendrecv 203140 203141 -2 5
Sendrecv 203150 203172 -2 3
Sendrecv 203181 203182 -2 5
Sendrecv 203191 203211 -2 3
Sendrecv 203220 203221 -2 5
Sendrecv 203230 203250 -2 3
Sendrecv 203259 203260 -2 5
Sendrecv 203269 203289 -2 3
Sendrecv 203298 203299 -2 5
Sendrecv 203308 203330 -2 3
Sendrecv 203339 203339 -2 5
Sendrecv 203349 203369 -2 3
Sendrecv 203378 203379 -2 5
Sendrecv 203388 203408 -2 3
Sendrecv 203417 203418 -2 5
Sendrecv 203429 203447 -2 3
Sendrecv 203456 203456 -2 5
Sendrecv 203465 203486 -2 3
Sendrecv 203495 203496 -2 5
Sendrecv 203505 203524 -2 3
Sendrecv 203534 203534 -2 5
Sendrecv 203543 203566 -2 3
Sendrecv 203575 203576 -2 5
Sendrecv 203585 203603 -2 3
Sendrecv 203612 203613 -2 5
Sendrecv 203622 203642 -2 3
Sendrecv 203651 203652 -2 5
Sendrecv 203661 203681 -2 3
Sendrecv 203690 203694 -2 5
Sendrecv 203704 203733 -2 3
Sendrecv 203743 203743 -2 5
Sendrecv 203753 203769 -2 3
Sendrecv 203778 203779 -2 5
Sendrecv 203788 203808 -2 3
Sendrecv 203817 203818 -2 5
Sendrecv 203827 203845 -2 3
Sendrecv 203854 203855 -2 5
Sendrecv 203864 203884 -2 3
Sendrecv 203893 203896 -2 5
Sendrecv 203906 203930 -2 3
Sendrecv 203940 203941 -2 5
Sendrecv 203950 203974 -2 3
Sendrecv 203986 203986 -2 5
Sendrecv 203996 204010 -2 3
Sendrecv 204019 204020 -2 5
Sendrecv 204030 204048 -2 3
Sendrecv 204057 204058 -2 5
Sendrecv 204067 204085 -2 3
Sendrecv 204095 204095 -2 5
Sendrecv 204105 204126 -2 3
Sendrecv 204135 204136 -2 5
Sendrecv 204145 204162 -2 3
Sendrecv 204171 204171 -2 5
Sendrecv 204181 204200 -2 3
Sendrecv 204209 204210 -2 5
Sendrecv 204219 204336 -2 3
Sendrecv 204365 204371 -2 5
Sendrecv 204392 204394 -2 3
Sendrecv 204418 204433 -2 5
Sendrecv 204445 204446 -2 3
Sendrecv 204455 204457 -2 5
Sendrecv 204466 204484 -2 3
Sendrecv 204493 204494 -2 5
Sendrecv 204503 204522 -2 3
Sendrecv 204531 204532 -2 5
Sendrecv 204541 204567 -2 3
Sendrecv 204576 204577 -2 5
Sendrecv 204586 204646 -2 3
Sendrecv 204676 204678 -2 5
Sendrecv 204775 204780 -2 3
Sendrecv 204799 204800 -2 5
Sendrecv 204824 204876 -2 3
Sendrecv 204894 204896 -2 5
Sendrecv 204915 204923 -2 3
Sendrecv 204940 205613 -2 5
Sendrecv 205640 205654 -2 3
Sendrecv 205677 205680 -2 5
Sendrecv 205700 205745 -2 3
Sendrecv 205762 205764 -2 5
Sendrecv 205781 205803 -2 3
Sendrecv 205825 205827 -2 5
Sendrecv 205845 205861 -2 3
Sendrecv 205880 205882 -2 5
Sendrecv 205901 205927 -2 3
Sendrecv 205945 205946 -2 5
Sendrecv 205964 205966 -2 3
Sendrecv 205984 205986 -2 5
Sendrecv 206004 206008 -2 3
Sendrecv 206026 206028 -2 5
Sendrecv 206049 206051 -2 3
Sendrecv 206071 206073 -2 5
Sendrecv 206093 206094 -2 3
Sendrecv 206112 206114 -2 5
Sendrecv 206131 206132 -2 3
Sendrecv 206152 206154 -2 5
Sendrecv 206171 206172 -2 3
Sendrecv 206189 206191 -2 5
Sendrecv 206211 206212 -2 3
Sendrecv 206229 206230 -2 5
Sendrecv 206267 206270 -2 3
Sendrecv 206289 206318 -2 5
Sendrecv 206337 206388 -2 3
Sendrecv 206408 206409 -2 5
Sendrecv 206426 206427 -2 3
Sendrecv 206444 206445 -2 5
Sendrecv 206463 206472 -2 3
Sendrecv 206490 206492 -2 5
Sendrecv 206509 206511 -2 3
Sendrecv 206528 206530 -2 5
Sendrecv 206547 206549 -2 3
Sendrecv 206568 206569 -2 5
Sendrecv 206588 206589 -2 3
Sendrecv 206607 206609 -2 5
Sendrecv 206627 206628 -2 3
Sendrecv 206646 206647 -2 5
Sendrecv 206665 206668 -2 3
Sendrecv 206685 206686 -2 5
Sendrecv 206704 206707 -2 3
Sendrecv 206726 206727 -2 5
Sendrecv 206779 206784 -2 3
Sendrecv 206805 206807 -2 5
Sendrecv 206827 206828 -2 3
Sendrecv 206844 206846 -2 5
Sendrecv 206863 206867 -2 3
Sendrecv 206884 206885 -2 5
Sendrecv 206907 206909 -2 3
Sendrecv 206926 206928 -2 5
Sendrecv 206945 206947 -2 3
Sendrecv 206963 206965 -2 5
Sendrecv 206982 206986 -2 3
Sendrecv 207802 207813 -2 5
Sendrecv 207826 208302 -2 3
Sendrecv 208312 208317 -2 5
Sendrecv 208343 208346 -2 3
Sendrecv 208367 208370 -2 5
Sendrecv 208389 208390 -2 3
Sendrecv 208409 208411 -2 5
Sendrecv 208428 208449 -2 3
Sendrecv 208469 208470 -2 5
Sendrecv 208487 208489 -2 3
Sendrecv 208507 208508 -2 5
Sendrecv 208525 208527 -2 3
Sendrecv 208546 208548 -2 5
Sendrecv 208565 208567 -2 3
Sendrecv 208586 208588 -2 5
Sendrecv 208605 208606 -2 3
Sendrecv 208625 208627 -2 5
Sendrecv 208644 208646 -2 3
Sendrecv 208664 208666 -2 5
Sendrecv 208683 208684 -2 3
Sendrecv 208701 208703 -2 5
Sendrecv 208719 208722 -2 3
Sendrecv 208740 208742 -2 5
Sendrecv 208760 208761 -2 3
Sendrecv 208778 208780 -2 5
Sendrecv 208797 208799 -2 3
Sendrecv 208818 208827 -2 5
Sendrecv 208846 208853 -2 3
Sendrecv 208871 208872 -2 5
Sendrecv 208889 208890 -2 3
Sendrecv 208908 208909 -2 5
Sendrecv 208927 208930 -2 3
Sendrecv 208951 208952 -2 5
Sendrecv 208969 208971 -2 3
Sendrecv 208989 208991 -2 5
Sendrecv 209009 209011 -2 3
Sendrecv 209030 209035 -2 5
Sendrecv 209053 209062 -2 3
Sendrecv 209082 209083 -2 5
Sendrecv 209100 209103 -2 3
Sendrecv 209122 209123 -2 5
Sendrecv 209142 209144 -2 3
Sendrecv 209163 209164 -2 5
Sendrecv 209181 209183 -2 3
Sendrecv 209200 209202 -2 5
Sendrecv 209220 209222 -2 3
Sendrecv 209241 209242 -2 5
Sendrecv 209260 209261 -2 3
Sendrecv 209280 209281 -2 5
Sendrecv 209299 209300 -2 3
Sendrecv 209318 209320 -2 5
Sendrecv 209337 209339 -2 3
Sendrecv 209358 209360 -2 5
Sendrecv 209377 209379 -2 3
Sendrecv 209397 209399 -2 5
Sendrecv 209416 209419 -2 3
Sendrecv 209438 209439 -2 5
Sendrecv 209457 209458 -2 3
Sendrecv 209477 209479 -2 5
Sendrecv 209497 209498 -2 3
Sendrecv 209520 209521 -2 5
Sendrecv 209541 209542 -2 3
Sendrecv 209561 209562 -2 5
Sendrecv 209580 209581 -2 3
Sendrecv 209598 209600 -2 5
Sendrecv 209617 209618 -2 3
Sendrecv 209637 209639 -2 5
Sendrecv 209656 209658 -2 3
Sendrecv 209676 209678 -2 5
Sendrecv 209695 209698 -2 3
Sendrecv 209715 209717 -2 5
Sendrecv 209735 209736 -2 3
Sendrecv 209755 209757 -2 5
Sendrecv 209774 209775 -2 3
Sendrecv 209793 209795 -2 5
Sendrecv 209812 209814 -2 3
Sendrecv 209834 209835 -2 5
Sendrecv 209853 209854 -2 3
Sendrecv 209873 209874 -2 5
Sendrecv 209891 209892 -2 3
Sendrecv 209911 209913 -2 5
Sendrecv 209930 209932 -2 3
Sendrecv 209951 209952 -2 5
Sendrecv 209970 209972 -2 3
Sendrecv 209991 209993 -2 5
Sendrecv 210010 210011 -2 3
Sendrecv 210030 210031 -2 5
Sendrecv 210049 210051 -2 3
Sendrecv 210070 210071 -2 5
Sendrecv 210091 210092 -2 3
Sendrecv 210111 210113 -2 5
Sendrecv 210130 210132 -2 3
Sendrecv 210151 210152 -2 5
Sendrecv 210169 210171 -2 3
Sendrecv 210190 210191 -2 5
Sendrecv 210208 210209 -2 3
Sendrecv 210227 210229 -2 5
Sendrecv 210247 210250 -2 3
Sendrecv 210269 210270 -2 5
Sendrecv 210287 210290 -2 3
Sendrecv 210309 210310 -2 5
Sendrecv 210327 210329 -2 3
Sendrecv 210346 210347 -2 5
Sendrecv 210364 210368 -2 3
Sendrecv 210386 210388 -2 5
Sendrecv 210406 210407 -2 3
Sendrecv 210425 210427 -2 5
Sendrecv 210444 210445 -2 3
Sendrecv 210464 210466 -2 5
Sendrecv 210483 210484 -2 3
Sendrecv 210503 210505 -2 5
Sendrecv 210523 210525 -2 3
Sendrecv 210543 210544 -2 5
Sendrecv 210562 210563 -2 3
Sendrecv 210582 210584 -2 5
Sendrecv 210601 210603 -2 3
Sendrecv 210621 210623 -2 5
Sendrecv 210642 210643 -2 3
Sendrecv 210663 210664 -2 5
Sendrecv 210682 210683 -2 3
Sendrecv 210702 210703 -2 5
Sendrecv 210720 210722 -2 3
Sendrecv 210739 210740 -2 5
Sendrecv 210757 210761 -2 3
Sendrecv 210779 210781 -2 5
Sendrecv 210798 210799 -2 3
Sendrecv 210819 210820 -2 5
Sendrecv 210838 210840 -2 3
Sendrecv 210859 210860 -2 5
Sendrecv 210877 210880 -2 3
Sendrecv 210899 210900 -2 5
Sendrecv 210918 210919 -2 3
Sendrecv 210938 210940 -2 5
Sendrecv 210957 210958 -2 3
Sendrecv 210975 210977 -2 5
Sendrecv 210995 210997 -2 3
Sendrecv 211016 211017 -2 5
Sendrecv 211034 211036 -2 3
Sendrecv 211054 211055 -2 5
Sendrecv 211073 211077 -2 3
Sendrecv 211096 211097 -2 5
Sendrecv 211114 211116 -2 3
Sendrecv 211135 211136 -2 5
Sendrecv 211154 211155 -2 3
Sendrecv 211175 211176 -2 5
Sendrecv 211194 211195 -2 3
Sendrecv 211216 211218 -2 5
Sendrecv 211236 211237 -2 3
Sendrecv 211256 211257 -2 5
Sendrecv 211274 211275 -2 3
Sendrecv 211294 211296 -2 5
Sendrecv 211313 211314 -2 3
Sendrecv 211333 211334 -2 5
Sendrecv 211356 211358 -2 3
Sendrecv 211378 212243 -2 5
Sendrecv 212268 212271 -2 3
Sendrecv 212281 212289 -2 5
Sendrecv 212300 212311 -2 3
Sendrecv 212321 212341 -2 5
Sendrecv 212351 212352 -2 3
Sendrecv 212361 212369 -2 5
Sendrecv 212379 212391 -2 3
Sendrecv 212401 212402 -2 5
Sendrecv 212411 212430 -2 3
Sendrecv 212440 212446 -2 5
Sendrecv 212456 212482 -2 3
Sendrecv 212492 212493 -2 5
Sendrecv 212503 212526 -2 3
Sendrecv 212536 212536 -2 5
Sendrecv 212546 212564 -2 3
Sendrecv 212574 212575 -2 5
Sendrecv 212584 212603 -2 3
Sendrecv 212613 212613 -2 5
Sendrecv 212625 212643 -2 3
Sendrecv 212653 212653 -2 5
Sendrecv 212663 212681 -2 3
Sendrecv 212691 212691 -2 5
Sendrecv 212701 212720 -2 3
Sendrecv 212729 212730 -2 5
Sendrecv 212739 212759 -2 3
Sendrecv 212768 212769 -2 5
Sendrecv 212779 212797 -2 3
Sendrecv 212807 212808 -2 5
Sendrecv 212817 212838 -2 3
Sendrecv 212847 212848 -2 5
Sendrecv 212858 212878 -2 3
Sendrecv 212887 212888 -2 5
Sendrecv 212897 212916 -2 3
Sendrecv 212926 212926 -2 5
Sendrecv 212936 212956 -2 3
Sendrecv 212965 212966 -2 5
Sendrecv 212975 212996 -2 3
Sendrecv 213005 213006 -2 5
Sendrecv 213015 213033 -2 3
Sendrecv 213043 213043 -2 5
Sendrecv 213053 213074 -2 3
Sendrecv 213084 213084 -2 5
Sendrecv 213094 213113 -2 3
Sendrecv 213122 213123 -2 5
Sendrecv 213132 213152 -2 3
Sendrecv 213164 213164 -2 5
Sendrecv 213174 213190 -2 3
Sendrecv 213199 213200 -2 5
Sendrecv 213209 213229 -2 3
Sendrecv 213239 213239 -2 5
Sendrecv 213249 213269 -2 3
Sendrecv 213279 213280 -2 5
Sendrecv 213290 213308 -2 3
Sendrecv 213318 213318 -2 5
Sendrecv 213328 213346 -2 3
Sendrecv 213355 213356 -2 5
Sendrecv 213365 213387 -2 3
Sendrecv 213396 213397 -2 5
Sendrecv 213406 213425 -2 3
Sendrecv 213435 213435 -2 5
Sendrecv 213444 213465 -2 3
Sendrecv 213474 213474 -2 5
Sendrecv 213484 213502 -2 3
Sendrecv 213511 213512 -2 5
Sendrecv 213521 213539 -2 3
Sendrecv 213549 213549 -2 5
Sendrecv 213559 213579 -2 3
Sendrecv 213588 213589 -2 5
Sendrecv 213598 213619 -2 3
Sendrecv 213628 213629 -2 5
Sendrecv 213639 213659 -2 3
Sendrecv 213668 213669 -2 5
Sendrecv 213680 213698 -2 3
Sendrecv 213707 213708 -2 5
Sendrecv 213717 213736 -2 3
Sendrecv 213745 213746 -2 5
Sendrecv 213755 213775 -2 3
Sendrecv 213784 213785 -2 5
Sendrecv 213794 213813 -2 3
Sendrecv 213822 213823 -2 5
Sendrecv 213832 213853 -2 3
Sendrecv 213862 213863 -2 5
Sendrecv 214860 215698 -2 3
Sendrecv 215709 215714 -2 5
Sendrecv 215728 215746 -2 3
Sendrecv 215756 215756 -2 5
Sendrecv 215766 216927 -2 3
Sendrecv 216954 216963 -2 5
Sendrecv 216981 216986 -2 3
Sendrecv 217004 217012 -2 5
Sendrecv 217029 217030 -2 3
Sendrecv 217048 217049 -2 5
Sendrecv 217066 217068 -2 3
Sendrecv 217085 217087 -2 5
Sendrecv 217105 217106 -2 3
Sendrecv 217124 217125 -2 5
Sendrecv 217145 217147 -2 3
Sendrecv 217164 217165 -2 5
Sendrecv 217183 217185 -2 3
Sendrecv 217202 217204 -2 5
Sendrecv 217221 217223 -2 3
Sendrecv 217240 217241 -2 5
Sendrecv 217259 217260 -2 3
Sendrecv 217277 217279 -2 5
Sendrecv 217296 217298 -2 3
Sendrecv 217315 217317 -2 5
Sendrecv 217334 217335 -2 3
Sendrecv 217353 217354 -2 5
Sendrecv 217372 217374 -2 3
Sendrecv 217391 217392 -2 5
Sendrecv 217411 217412 -2 3
Sendrecv 217430 217432 -2 5
Sendrecv 217451 217452 -2 3
Sendrecv 217469 217471 -2 5
Sendrecv 217488 217490 -2 3
Sendrecv 217507 217509 -2 5
Sendrecv 217525 217527 -2 3
Sendrecv 217544 217545 -2 5
Sendrecv 217563 217564 -2 3
Sendrecv 217582 217583 -2 5
Sendrecv 217601 217603 -2 3
Sendrecv 217620 217621 -2 5
Sendrecv 217638 217639 -2 3
Sendrecv 217657 217658 -2 5
Sendrecv 217676 217677 -2 3
Sendrecv 217694 217696 -2 5
Sendrecv 217713 217714 -2 3
Sendrecv 217731 217738 -2 5
Sendrecv 217757 217759 -2 3
Sendrecv 217776 217777 -2 5
Sendrecv 217794 217795 -2 3
Sendrecv 217813 217814 -2 5
Sendrecv 217831 217833 -2 3
Sendrecv 217849 217851 -2 5
Sendrecv 217868 217869 -2 3
Sendrecv 217886 217888 -2 5
Sendrecv 217905 217907 -2 3
Sendrecv 217924 217929 -2 5
Sendrecv 217946 217954 -2 3
Sendrecv 217971 217972 -2 5
Sendrecv 217990 217991 -2 3
Sendrecv 218011 218012 -2 5
Sendrecv 218029 218031 -2 3
Sendrecv 218048 218049 -2 5
Sendrecv 218066 218068 -2 3
Sendrecv 218084 218086 -2 5
Sendrecv 218103 218104 -2 3
Sendrecv 218121 218123 -2 5
Sendrecv 218140 218141 -2 3
Sendrecv 218158 218159 -2 5
Sendrecv 218176 218178 -2 3
Sendrecv 218195 218196 -2 5
Sendrecv 218213 218214 -2 3
Sendrecv 218231 218233 -2 5
Sendrecv 218251 218253 -2 3
Sendrecv 218270 218271 -2 5
Sendrecv 218288 218290 -2 3
Sendrecv 218307 218308 -2 5
Sendrecv 218325 218326 -2 3
Sendrecv 218343 218344 -2 5
Sendrecv 218362 218363 -2 3
Sendrecv 218380 218381 -2 5
Sendrecv 218398 218400 -2 3
Sendrecv 218417 218419 -2 5
Sendrecv 218436 218438 -2 3
Sendrecv 218455 218456 -2 5
Sendrecv 218473 218475 -2 3
Sendrecv 218491 218493 -2 5
Sendrecv 218510 218512 -2 3
Sendrecv 218531 218532 -2 5
Sendrecv 218549 218551 -2 3
Sendrecv 218568 218570 -2 5
Sendrecv 218588 218589 -2 3
Sendrecv 218605 218607 -2 5
Sendrecv 218623 218625 -2 3
Sendrecv 218643 218644 -2 5
Sendrecv 218662 218663 -2 3
Sendrecv 218680 218682 -2 5
Sendrecv 218699 218700 -2 3
Sendrecv 218718 218720 -2 5
Sendrecv 218737 218738 -2 3
Sendrecv 218756 218757 -2 5
Sendrecv 218774 218776 -2 3
Sendrecv 218793 218795 -2 5
Sendrecv 218812 218813 -2 3
Sendrecv 218831 218833 -2 5
Sendrecv 218850 218851 -2 3
Sendrecv 218870 218871 -2 5
Sendrecv 218889 218890 -2 3
Sendrecv 218908 218910 -2 5
Sendrecv 218927 218928 -2 3
Sendrecv 218946 218948 -2 5
Sendrecv 218965 218966 -2 3
Sendrecv 218984 218985 -2 5
Sendrecv 219002 219004 -2 3
Sendrecv 219022 219023 -2 5
Sendrecv 219041 219042 -2 3
Sendrecv 219061 219062 -2 5
Sendrecv 219082 219083 -2 3
Sendrecv 219101 219102 -2 5
Sendrecv 219119 219121 -2 3
Sendrecv 219138 219139 -2 5
Sendrecv 219157 219158 -2 3
Sendrecv 219175 219176 -2 5
Sendrecv 219194 219195 -2 3
Sendrecv 219213 219214 -2 5
Sendrecv 219232 219233 -2 3
Sendrecv 219251 219253 -2 5
Sendrecv 219270 219271 -2 3
Sendrecv 219288 219290 -2 5
Sendrecv 219307 219309 -2 3
Sendrecv 219326 219329 -2 5
Sendrecv 219346 219348 -2 3
Sendrecv 219365 219367 -2 5
Sendrecv 219384 219386 -2 3
Sendrecv 219404 219405 -2 5
Sendrecv 219422 219424 -2 3
Sendrecv 219441 219443 -2 5
Sendrecv 219460 219461 -2 3
Sendrecv 219479 219480 -2 5
Sendrecv 219498 219499 -2 3
Sendrecv 219517 219518 -2 5
Sendrecv 219535 219536 -2 3
Sendrecv 219555 219556 -2 5
Sendrecv 219573 219575 -2 3
Sendrecv 219592 219594 -2 5
Sendrecv 219614 219615 -2 3
Sendrecv 219634 219635 -2 5
Sendrecv 219653 219655 -2 3
Sendrecv 219671 219672 -2 5
Sendrecv 219690 219691 -2 3
Sendrecv 219709 219710 -2 5
Sendrecv 219727 219729 -2 3
Sendrecv 219746 219748 -2 5
Sendrecv 219765 219766 -2 3
Sendrecv 219784 219786 -2 5
Sendrecv 219803 219804 -2 3
Sendrecv 219822 219823 -2 5
Sendrecv 219841 219842 -2 3
Sendrecv 219860 219862 -2 5
Sendrecv 219880 219881 -2 3
Sendrecv 219898 219899 -2 5
Sendrecv 219916 219917 -2 3
Sendrecv 219935 219936 -2 5
Sendrecv 219953 219955 -2 3
Sendrecv 219973 219974 -2 5
Sendrecv 219991 219992 -2 3
Sendrecv 220011 220012 -2 5
Sendrecv 220030 220031 -2 3
Sendrecv 220048 220050 -2 5
Sendrecv 220067 220068 -2 3
Sendrecv 220086 220088 -2 5
Sendrecv 220105 220106 -2 3
Sendrecv 220125 220126 -2 5
Sendrecv 220143 220145 -2 3
Sendrecv 220165 220171 -2 5
Sendrecv 220189 220190 -2 3
Sendrecv 220207 220209 -2 5
Sendrecv 220226 220227 -2 3
Sendrecv 220244 220245 -2 5
Sendrecv 220262 220264 -2 3
Sendrecv 220281 220282 -2 5
Sendrecv 220299 220301 -2 3
Sendrecv 220317 220319 -2 5
Sendrecv 220336 220337 -2 3
Sendrecv 220355 220359 -2 5
Sendrecv 220377 220388 -2 3
Sendrecv 220407 220408 -2 5
Sendrecv 220429 220430 -2 3
Sendrecv 220448 220450 -2 5
Sendrecv 220467 220469 -2 3
Sendrecv 220486 220488 -2 5
Sendrecv 220505 220507 -2 3
Sendrecv 220524 220525 -2 5
Sendrecv 220543 220544 -2 3
Sendrecv 220562 220564 -2 5
Sendrecv 220581 220582 -2 3
Sendrecv 220601 220602 -2 5
Sendrecv 220619 220620 -2 3
Sendrecv 220638 220640 -2 5
Sendrecv 220657 220658 -2 3
Sendrecv 220677 220678 -2 5
Sendrecv 220695 220697 -2 3
Sendrecv 220717 220718 -2 5
Sendrecv 220736 220737 -2 3
Sendrecv 220755 220757 -2 5
Sendrecv 220774 220776 -2 3
Sendrecv 220793 220794 -2 5
Sendrecv 220812 220813 -2 3
Sendrecv 220831 220832 -2 5
Sendrecv 220850 220852 -2 3
Sendrecv 220869 220871 -2 5
Sendrecv 220889 220890 -2 3
Sendrecv 220907 220909 -2 5
Sendrecv 220926 220927 -2 3
Sendrecv 220946 220947 -2 5
Sendrecv 221032 221037 -2 3
Sendrecv 221062 221064 -2 5
Sendrecv 221082 221124 -2 3
Sendrecv 221141 221142 -2 5
Sendrecv 221159 221173 -2 3
Sendrecv 221191 221192 -2 5
Sendrecv 221210 221215 -2 3
Sendrecv 221232 221234 -2 5
Sendrecv 221251 221253 -2 3
Sendrecv 221271 221272 -2 5
Sendrecv 221289 221291 -2 3
Sendrecv 221308 221309 -2 5
Sendrecv 221327 221332 -2 3
Sendrecv 221350 221351 -2 5
Sendrecv 221368 221370 -2 3
Sendrecv 221446 221452 -2 5
Sendrecv 221480 221483 -2 3
Sendrecv 221535 221538 -2 5
Sendrecv 221562 221564 -2 3
Sendrecv 221583 222899 -2 5
Sendrecv 222921 222923 -2 3
Sendrecv 222933 222934 -2 5
Sendrecv 222944 222966 -2 3
Sendrecv 222975 222976 -2 5
Sendrecv 222986 222999 -2 3
Sendrecv 223008 223010 -2 5
Sendrecv 223020 223057 -2 3
Sendrecv 223067 223068 -2 5
Sendrecv 223077 223100 -2 3
Sendrecv 223111 223111 -2 5
Sendrecv 223121 223138 -2 3
Sendrecv 223147 223148 -2 5
Sendrecv 223158 223176 -2 3
Sendrecv 223185 223186 -2 5
Sendrecv 223196 223214 -2 3
Sendrecv 223224 223224 -2 5
Sendrecv 223234 223253 -2 3
Sendrecv 223263 223264 -2 5
Sendrecv 223273 223290 -2 3
Sendrecv 223300 223301 -2 5
Sendrecv 223310 223330 -2 3
Sendrecv 223340 223340 -2 5
Sendrecv 223352 223368 -2 3
Sendrecv 223378 223378 -2 5
Sendrecv 223388 223405 -2 3
Sendrecv 223415 223416 -2 5
Sendrecv 223425 223446 -2 3
Sendrecv 223455 223456 -2 5
Sendrecv 223465 223483 -2 3
Sendrecv 223493 223493 -2 5
Sendrecv 223512 223536 -2 3
Sendrecv 223547 223547 -2 5
Sendrecv 223557 223573 -2 3
Sendrecv 223583 223584 -2 5
Sendrecv 223593 223609 -2 3
Sendrecv 223619 223619 -2 5
Sendrecv 223629 223648 -2 3
Sendrecv 223658 223659 -2 5
Sendrecv 223668 223689 -2 3
Sendrecv 223699 223699 -2 5
Sendrecv 223709 223728 -2 3
Sendrecv 223738 223738 -2 5
Sendrecv 223748 223764 -2 3
Sendrecv 223774 223775 -2 5
Sendrecv 223785 223805 -2 3
Sendrecv 223814 223815 -2 5
Sendrecv 223824 223841 -2 3
Sendrecv 223851 223851 -2 5
Sendrecv 223861 223881 -2 3
Sendrecv 223893 223894 -2 5
Sendrecv 223904 223921 -2 3
Sendrecv 223931 223932 -2 5
Sendrecv 223941 223958 -2 3
Sendrecv 223968 223969 -2 5
Sendrecv 223978 223996 -2 3
Sendrecv 224005 224006 -2 5
Sendrecv 224015 224033 -2 3
Sendrecv 224043 224044 -2 5
Sendrecv 224053 224070 -2 3
Sendrecv 224080 224081 -2 5
Sendrecv 224090 224108 -2 3
Sendrecv 224117 224118 -2 5
Sendrecv 224128 224147 -2 3
Sendrecv 224156 224157 -2 5
Sendrecv 224167 224184 -2 3
Sendrecv 224194 224194 -2 5
Sendrecv 224204 224223 -2 3
Sendrecv 224233 224239 -2 5
Sendrecv 224249 224273 -2 3
Sendrecv 224283 224284 -2 5
Sendrecv 224293 224305 -2 3
Sendrecv 224315 224316 -2 5
Sendrecv 224326 224343 -2 3
Sendrecv 224353 224353 -2 5
Sendrecv 224363 224380 -2 3
Sendrecv 224390 224390 -2 5
Sendrecv 224402 224417 -2 3
Sendrecv 224426 224431 -2 5
Sendrecv 224441 224465 -2 3
Sendrecv 224475 224476 -2 5
Sendrecv 224486 224521 -2 3
Sendrecv 224532 224533 -2 5
Sendrecv 224543 224557 -2 3
Sendrecv 224567 224567 -2 5
Sendrecv 224577 224597 -2 3
Sendrecv 224606 224607 -2 5
Sendrecv 224616 224636 -2 3
Sendrecv 224645 224646 -2 5
Sendrecv 224656 224671 -2 3
Sendrecv 224680 224681 -2 5
Sendrecv 224690 224708 -2 3
Sendrecv 224717 224718 -2 5
Sendrecv 224728 224747 -2 3
Sendrecv 224756 224757 -2 5
Sendrecv 224767 224785 -2 3
Sendrecv 224795 224795 -2 5
Sendrecv 224805 224823 -2 3
Sendrecv 224833 224834 -2 5
Sendrecv 224843 224860 -2 3
Sendrecv 224869 224870 -2 5
Sendrecv 224879 224897 -2 3
Sendrecv 224907 224907 -2 5
Sendrecv 224917 224934 -2 3
Sendrecv 224946 224946 -2 5
Sendrecv 224956 224971 -2 3
Sendrecv 224981 224982 -2 5
Sendrecv 224991 225011 -2 3
Sendrecv 225021 225022 -2 5
Sendrecv 225031 225048 -2 3
Sendrecv 225057 225058 -2 5
Sendrecv 225067 225086 -2 3
Sendrecv 225095 225096 -2 5
Sendrecv 225106 225123 -2 3
Sendrecv 225133 225133 -2 5
Sendrecv 225143 225161 -2 3
Sendrecv 225170 225171 -2 5
Sendrecv 225180 225198 -2 3
Sendrecv 225207 225208 -2 5
Sendrecv 225217 225235 -2 3
Sendrecv 225245 225245 -2 5
Sendrecv 225255 225273 -2 3
Sendrecv 226863 226869 -2 5
Sendrecv 226881 227018 -2 3
Sendrecv 227028 227032 -2 5
Sendrecv 227042 227079 -2 3
Sendrecv 227101 227103 -2 5
Sendrecv 227122 227123 -2 3
Sendrecv 227141 227142 -2 5
Sendrecv 227160 227162 -2 3
Sendrecv 227178 227180 -2 5
Sendrecv 227198 227199 -2 3
Sendrecv 227216 227218 -2 5
Sendrecv 227235 227237 -2 3
Sendrecv 227254 227256 -2 5
Sendrecv 227273 227274 -2 3
Sendrecv 227292 227293 -2 5
Sendrecv 227310 227311 -2 3
Sendrecv 227328 227330 -2 5
Sendrecv 227347 227348 -2 3
Sendrecv 227367 227369 -2 5
Sendrecv 227386 227388 -2 3
Sendrecv 227404 227405 -2 5
Sendrecv 227422 227423 -2 3
Sendrecv 227440 227441 -2 5
Sendrecv 227458 227460 -2 3
Sendrecv 227476 227478 -2 5
Sendrecv 227495 227496 -2 3
Sendrecv 227519 227520 -2 5
Sendrecv 227537 227540 -2 3
Sendrecv 227560 227562 -2 5
Sendrecv 227579 227580 -2 3
Sendrecv 227598 227599 -2 5
Sendrecv 227617 227618 -2 3
Sendrecv 227635 227636 -2 5
Sendrecv 227654 227655 -2 3
Sendrecv 227672 227674 -2 5
Sendrecv 227691 227693 -2 3
Sendrecv 227710 227711 -2 5
Sendrecv 227728 227730 -2 3
Sendrecv 227747 227748 -2 5
Sendrecv 227766 227767 -2 3
Sendrecv 227784 227786 -2 5
Sendrecv 227803 227804 -2 3
Sendrecv 227821 227823 -2 5
Sendrecv 227840 227841 -2 3
Sendrecv 227858 227860 -2 5
Sendrecv 227877 227878 -2 3
Sendrecv 227895 227896 -2 5
Sendrecv 227914 227916 -2 3
Sendrecv 227933 227934 -2 5
Sendrecv 227952 227953 -2 3
Sendrecv 227971 227972 -2 5
Sendrecv 227989 227991 -2 3
Sendrecv 228008 228010 -2 5
Sendrecv 228027 228028 -2 3
Sendrecv 228045 228047 -2 5
Sendrecv 228064 228066 -2 3
Sendrecv 228083 228084 -2 5
Sendrecv 228104 228105 -2 3
Sendrecv 228122 228124 -2 5
Sendrecv 228141 228142 -2 3
Sendrecv 228159 228160 -2 5
Sendrecv 228178 228180 -2 3
Sendrecv 228197 228198 -2 5
Sendrecv 228216 228217 -2 3
Sendrecv 228235 228236 -2 5
Sendrecv 228253 228255 -2 3
Sendrecv 228272 228273 -2 5
Sendrecv 228290 228292 -2 3
Sendrecv 228309 228310 -2 5
Sendrecv 228328 228329 -2 3
Sendrecv 228346 228347 -2 5
Sendrecv 228365 228366 -2 3
Sendrecv 228384 228385 -2 5
Sendrecv 228402 228404 -2 3
Sendrecv 228423 228424 -2 5
Sendrecv 228442 228444 -2 3
Sendrecv 228461 228462 -2 5
Sendrecv 228479 228480 -2 3
Sendrecv 228497 228503 -2 5
Sendrecv 228522 228523 -2 3
Sendrecv 228540 228541 -2 5
Sendrecv 228558 228560 -2 3
Sendrecv 228577 228578 -2 5
Sendrecv 228596 228597 -2 3
Sendrecv 228615 228616 -2 5
Sendrecv 228636 228637 -2 3
Sendrecv 228655 228656 -2 5
Sendrecv 228673 228674 -2 3
Sendrecv 228691 228692 -2 5
Sendrecv 228710 228711 -2 3
Sendrecv 228728 228730 -2 5
Sendrecv 228747 228748 -2 3
Sendrecv 228765 228767 -2 5
Sendrecv 228784 228785 -2 3
Sendrecv 228802 228804 -2 5
Sendrecv 228821 228822 -2 3
Sendrecv 228840 228841 -2 5
Sendrecv 228858 228859 -2 3
Sendrecv 228876 228877 -2 5
Sendrecv 228894 228895 -2 3
Sendrecv 228912 228914 -2 5
Sendrecv 228931 228932 -2 3
Sendrecv 228949 228951 -2 5
Sendrecv 228968 228969 -2 3
Sendrecv 228986 228987 -2 5
Sendrecv 229005 229006 -2 3
Sendrecv 229023 229025 -2 5
Sendrecv 229041 229043 -2 3
Sendrecv 229059 229061 -2 5
Sendrecv 229078 229079 -2 3
Sendrecv 229096 229097 -2 5
Sendrecv 229115 229116 -2 3
Sendrecv 229133 229134 -2 5
Sendrecv 229151 229152 -2 3
Sendrecv 229172 229173 -2 5
Sendrecv 229191 229192 -2 3
Sendrecv 229209 229211 -2 5
Sendrecv 229227 229229 -2 3
Sendrecv 229246 229247 -2 5
Sendrecv 229265 229266 -2 3
Sendrecv 229283 229285 -2 5
Sendrecv 229301 229303 -2 3
Sendrecv 229320 229321 -2 5
Sendrecv 229339 229340 -2 3
Sendrecv 229357 229358 -2 5
Sendrecv 229376 229377 -2 3
Sendrecv 229394 229395 -2 5
Sendrecv 229412 229414 -2 3
Sendrecv 229431 229432 -2 5
Sendrecv 229449 229450 -2 3
Sendrecv 229467 229469 -2 5
Sendrecv 229487 229489 -2 3
Sendrecv 229512 229513 -2 5
Sendrecv 229531 229533 -2 3
Sendrecv 229550 229551 -2 5
Sendrecv 229568 229570 -2 3
Sendrecv 229587 229588 -2 5
Sendrecv 229605 229606 -2 3
Sendrecv 229623 229624 -2 5
Sendrecv 229641 229643 -2 3
Sendrecv 229660 229661 -2 5
Sendrecv 229678 229680 -2 3
Sendrecv 229699 229700 -2 5
Sendrecv 229718 229719 -2 3
Sendrecv 229736 229737 -2 5
Sendrecv 229754 229756 -2 3
Sendrecv 229773 229774 -2 5
Sendrecv 229791 229793 -2 3
Sendrecv 229810 229811 -2 5
Sendrecv 229828 229829 -2 3
Sendrecv 229846 229847 -2 5
Sendrecv 229865 229866 -2 3
Sendrecv 229883 229885 -2 5
Sendrecv 229901 229902 -2 3
Sendrecv 229919 229920 -2 5
Sendrecv 229938 229939 -2 3
Sendrecv 229956 229958 -2 5
Sendrecv 229975 229976 -2 3
Sendrecv 229993 229994 -2 5
Sendrecv 230011 230013 -2 3
Sendrecv 230030 230031 -2 5
Sendrecv 230048 230049 -2 3
Sendrecv 230066 230067 -2 5
Sendrecv 230085 230086 -2 3
Sendrecv 230104 230105 -2 5
Sendrecv 230122 230123 -2 3
Sendrecv 230140 230141 -2 5
Sendrecv 230158 230160 -2 3
Sendrecv 230177 230178 -2 5
Sendrecv 230195 230197 -2 3
Sendrecv 230214 230216 -2 5
Sendrecv 230235 230236 -2 3
Sendrecv 230253 230255 -2 5
Sendrecv 230271 230273 -2 3
Sendrecv 230290 230291 -2 5
Sendrecv 230308 230310 -2 3
Sendrecv 230326 230328 -2 5
Sendrecv 230345 230346 -2 3
Sendrecv 230362 230364 -2 5
Sendrecv 230381 230382 -2 3
Sendrecv 230399 230400 -2 5
Sendrecv 230417 230419 -2 3
Sendrecv 230435 230437 -2 5
Sendrecv 230454 230455 -2 3
Sendrecv 230472 230473 -2 5
Sendrecv 230490 230491 -2 3
Sendrecv 230513 230514 -2 5
Sendrecv 230532 230533 -2 3
Sendrecv 230549 230553 -2 5
Sendrecv 230570 230572 -2 3
Sendrecv 230589 230590 -2 5
Sendrecv 230607 230608 -2 3
Sendrecv 230625 230626 -2 5
Sendrecv 230644 230645 -2 3
Sendrecv 230662 230664 -2 5
Sendrecv 230681 230682 -2 3
Sendrecv 230699 230701 -2 5
Sendrecv 230718 230719 -2 3
Sendrecv 230736 230737 -2 5
Sendrecv 230757 230758 -2 3
Sendrecv 230775 230777 -2 5
Sendrecv 230793 230795 -2 3
Sendrecv 230811 230813 -2 5
Sendrecv 230830 230831 -2 3
Sendrecv 230848 230849 -2 5
Sendrecv 230866 230868 -2 3
Sendrecv 230885 230886 -2 5
Sendrecv 230902 230904 -2 3
Sendrecv 230921 230922 -2 5
Sendrecv 230939 230940 -2 3
Sendrecv 230957 230959 -2 5
Sendrecv 230976 230977 -2 3
Sendrecv 230994 230995 -2 5
Sendrecv 231012 231014 -2 3
Sendrecv 231030 231032 -2 5
Sendrecv 231049 231050 -2 3
Sendrecv 231067 231069 -2 5
Sendrecv 231085 231087 -2 3
Sendrecv 231104 231105 -2 5
Sendrecv 231122 231123 -2 3
Sendrecv 231140 231142 -2 5
Sendrecv 231158 231159 -2 3
Sendrecv 231177 231178 -2 5
Sendrecv 231195 231196 -2 3
Sendrecv 231213 231215 -2 5
Sendrecv 231232 231234 -2 3
Sendrecv 231251 231252 -2 5
Sendrecv 231269 231270 -2 3
Sendrecv 231290 231291 -2 5
Sendrecv 231308 231309 -2 3
Sendrecv 231326 231328 -2 5
Sendrecv 231344 231345 -2 3
Sendrecv 231362 231363 -2 5
Sendrecv 231381 231382 -2 3
Sendrecv 231400 231401 -2 5
Sendrecv 231418 231419 -2 3
Sendrecv 231436 231437 -2 5
Sendrecv 231454 231456 -2 3
Sendrecv 231473 231474 -2 5
Sendrecv 231491 231492 -2 3
Sendrecv 231515 231516 -2 5
Sendrecv 231534 231535 -2 3
Sendrecv 231552 231554 -2 5
Sendrecv 231571 231573 -2 3
Sendrecv 231592 231593 -2 5
Sendrecv 231610 231612 -2 3
Sendrecv 231629 231630 -2 5
Sendrecv 231647 231648 -2 3
Sendrecv 231665 231666 -2 5
Sendrecv 231684 231685 -2 3
Sendrecv 231702 231703 -2 5
Sendrecv 231720 231721 -2 3
Sendrecv 231739 231740 -2 5
Sendrecv 231757 231759 -2 3
Sendrecv 231776 231777 -2 5
Sendrecv 231794 231795 -2 3
Sendrecv 231815 231816 -2 5
Sendrecv 231833 231835 -2 3
Sendrecv 231852 231853 -2 5
Sendrecv 231870 231871 -2 3
Sendrecv 231888 231889 -2 5
Sendrecv 231906 231908 -2 3
Sendrecv 231925 231926 -2 5
Sendrecv 231943 231944 -2 3
Sendrecv 231961 231963 -2 5
Sendrecv 231979 231981 -2 3
Sendrecv 231998 231999 -2 5
Sendrecv 232016 232017 -2 3
Sendrecv 232034 232036 -2 5
Sendrecv 232053 232055 -2 3
Sendrecv 232072 232073 -2 5
Sendrecv 232090 232091 -2 3
Sendrecv 232108 232110 -2 5
Sendrecv 232127 232128 -2 3
Sendrecv 232145 232146 -2 5
Sendrecv 232163 232164 -2 3
Sendrecv 232181 232183 -2 5
Sendrecv 232200 232201 -2 3
Sendrecv 232218 232219 -2 5
Sendrecv 232236 232237 -2 3
Sendrecv 232254 232255 -2 5
Sendrecv 232272 232273 -2 3
Sendrecv 232289 232291 -2 5
Sendrecv 232307 232309 -2 3
Sendrecv 232328 232330 -2 5
Sendrecv 232346 232347 -2 3
Sendrecv 232364 232365 -2 5
Sendrecv 232382 232383 -2 3
Sendrecv 232399 232401 -2 5
Sendrecv 232417 232419 -2 3
Sendrecv 232436 232437 -2 5
Sendrecv 232453 232455 -2 3
Sendrecv 232471 232472 -2 5
Sendrecv 232489 232491 -2 3
Sendrecv 232512 232513 -2 5
Sendrecv 232542 232544 -2 3
Sendrecv 232560 232561 -2 5
Sendrecv 232578 232579 -2 3
Sendrecv 232595 232597 -2 5
Sendrecv 232613 232615 -2 3
Sendrecv 232631 232633 -2 5
Sendrecv 232649 232651 -2 3
Sendrecv 232669 232670 -2 5
Sendrecv 232687 232688 -2 3
Sendrecv 232705 232706 -2 5
Sendrecv 232722 232724 -2 3
Sendrecv 232740 232742 -2 5
Sendrecv 232758 232760 -2 3
Sendrecv 232776 232777 -2 5
Sendrecv 232794 232796 -2 3
Sendrecv 232812 232813 -2 5
Sendrecv 232830 232831 -2 3
Sendrecv 232848 232849 -2 5
Sendrecv 232868 232869 -2 3
Sendrecv 232886 232887 -2 5
Sendrecv 232903 232905 -2 3
Sendrecv 232921 232922 -2 5
Sendrecv 232938 232940 -2 3
Sendrecv 232956 232958 -2 5
Sendrecv 232974 232975 -2 3
Sendrecv 232992 232993 -2 5
Sendrecv 233009 233011 -2 3
Sendrecv 233027 233028 -2 5
Sendrecv 233045 233046 -2 3
Sendrecv 233062 233064 -2 5
Sendrecv 233080 233082 -2 3
Sendrecv 233098 233099 -2 5
Sendrecv 233115 233117 -2 3
Sendrecv 233133 233134 -2 5
Sendrecv 233151 233152 -2 3
Sendrecv 233168 233170 -2 5
Sendrecv 233186 233188 -2 3
Sendrecv 233204 233205 -2 5
Sendrecv 233222 233223 -2 3
Sendrecv 233239 233240 -2 5
Sendrecv 233257 233258 -2 3
Sendrecv 233274 233275 -2 5
Sendrecv 233292 233293 -2 3
Sendrecv 233309 233311 -2 5
Sendrecv 233328 233329 -2 3
Sendrecv 233345 233347 -2 5
Sendrecv 233366 233367 -2 3
Sendrecv 233383 233384 -2 5
Sendrecv 233401 233402 -2 3
Sendrecv 233418 233420 -2 5
Sendrecv 233436 233437 -2 3
Sendrecv 233453 233454 -2 5
Sendrecv 233471 233472 -2 3
Sendrecv 233488 233489 -2 5
Sendrecv 233511 233512 -2 3
Sendrecv 233528 233529 -2 5
Sendrecv 233545 233547 -2 3
Sendrecv 233566 235304 -2 5
Sendrecv 235324 235332 -2 3
Sendrecv 235348 235349 -2 5
Sendrecv 235365 235380 -2 3
Sendrecv 235395 235396 -2 5
Sendrecv 235411 235536 -2 3
Sendrecv 235554 235560 -2 5
Sendrecv 235578 235579 -2 3
Sendrecv 235596 235601 -2 5
Sendrecv 235617 235619 -2 3
Sendrecv 235635 235637 -2 5
Sendrecv 235652 235653 -2 3
Sendrecv 235669 235671 -2 5
Sendrecv 235687 235689 -2 3
Sendrecv 235704 235706 -2 5
Sendrecv 235722 235723 -2 3
Sendrecv 235739 235740 -2 5
Sendrecv 235758 235760 -2 3
Sendrecv 235776 235777 -2 5
Sendrecv 235794 235795 -2 3
Sendrecv 235811 235813 -2 5
Sendrecv 235829 235830 -2 3
Sendrecv 235846 235847 -2 5
Sendrecv 235863 235865 -2 3
Sendrecv 235881 235882 -2 5
Sendrecv 235898 235899 -2 3
Sendrecv 235915 235916 -2 5
Sendrecv 235932 235934 -2 3
Sendrecv 235950 235952 -2 5
Sendrecv 235968 235970 -2 3
Sendrecv 235985 235987 -2 5
Sendrecv 236003 236004 -2 3
Sendrecv 236020 236021 -2 5
Sendrecv 236038 236039 -2 3
Sendrecv 236057 236058 -2 5
Sendrecv 236074 236075 -2 3
Sendrecv 236091 236093 -2 5
Sendrecv 236108 236110 -2 3
Sendrecv 236126 236127 -2 5
Sendrecv 236143 236144 -2 3
Sendrecv 236160 236161 -2 5
Sendrecv 236177 236178 -2 3
Sendrecv 236194 236196 -2 5
Sendrecv 236212 236213 -2 3
Sendrecv 236229 236230 -2 5
Sendrecv 236246 236247 -2 3
Sendrecv 236265 236266 -2 5
Sendrecv 236283 236285 -2 3
Sendrecv 236300 236301 -2 5
Sendrecv 236317 236319 -2 3
Sendrecv 236334 236336 -2 5
Sendrecv 236351 236353 -2 3
Sendrecv 236368 236370 -2 5
Sendrecv 236386 236387 -2 3
Sendrecv 236403 236404 -2 5
Sendrecv 236420 236421 -2 3
Sendrecv 236437 236439 -2 5
Sendrecv 236454 236456 -2 3
Sendrecv 236471 236472 -2 5
Sendrecv 236488 236489 -2 3
Sendrecv 236510 236512 -2 5
Sendrecv 236554 236703 -2 3
Sendrecv 236728 236730 -2 5
Sendrecv 236748 236750 -2 3
Sendrecv 236767 236771 -2 5
Sendrecv 236788 236789 -2 3
Sendrecv 236805 236807 -2 5
Sendrecv 236824 236841 -2 3
Sendrecv 236858 236859 -2 5
Sendrecv 236876 236877 -2 3
Sendrecv 236893 236895 -2 5
Sendrecv 236911 236912 -2 3
Sendrecv 236929 236930 -2 5
Sendrecv 236946 236948 -2 3
Sendrecv 236966 236967 -2 5
Sendrecv 236984 236986 -2 3
Sendrecv 237001 237003 -2 5
Sendrecv 237019 237020 -2 3
Sendrecv 237037 237038 -2 5
Sendrecv 237054 237055 -2 3
Sendrecv 237071 237072 -2 5
Sendrecv 237088 237089 -2 3
Sendrecv 237104 237106 -2 5
Sendrecv 237122 237123 -2 3
Sendrecv 237141 237142 -2 5
Sendrecv 237161 237292 -2 3
Sendrecv 237314 237316 -2 5
Sendrecv 237332 237334 -2 3
Sendrecv 237350 237351 -2 5
Sendrecv 237367 237377 -2 3
Sendrecv 237392 237394 -2 5
Sendrecv 237410 237604 -2 3
Sendrecv 237621 237622 -2 5
Sendrecv 237639 238209 -2 3
Sendrecv 238240 238247 -2 5
Sendrecv 238266 238268 -2 3
Sendrecv 238283 238539 -2 5
Sendrecv 238569 238572 -2 3
Sendrecv 238588 238590 -2 5
Sendrecv 238607 238609 -2 3
Sendrecv 238624 238625 -2 5
Sendrecv 238639 238641 -2 3
Sendrecv 238657 238659 -2 5
Sendrecv 238673 238675 -2 3
Sendrecv 238689 238690 -2 5
Sendrecv 238705 238706 -2 3
Sendrecv 238721 238723 -2 5
Sendrecv 238737 238739 -2 3
Sendrecv 238753 238754 -2 5
Sendrecv 238769 238770 -2 3
Sendrecv 238785 238787 -2 5
Sendrecv 238801 238803 -2 3
Sendrecv 238819 238821 -2 5
Sendrecv 238835 238836 -2 3
Sendrecv 238850 238852 -2 5
Sendrecv 238866 238868 -2 3
Sendrecv 238883 238885 -2 5
Sendrecv 238900 238901 -2 3
Sendrecv 238915 238917 -2 5
Sendrecv 238932 238934 -2 3
Sendrecv 238948 238949 -2 5
Sendrecv 238963 238965 -2 3
Sendrecv 238979 238981 -2 5
Sendrecv 238997 238998 -2 3
Sendrecv 239012 239013 -2 5
Sendrecv 239026 239032 -2 3
Sendrecv 239055 239057 -2 5
Sendrecv 239119 239125 -2 3
Sendrecv 239161 239164 -2 5
Sendrecv 239241 239245 -2 3
Sendrecv 239269 239271 -2 5
Sendrecv 239287 239289 -2 3
Sendrecv 239306 239307 -2 5
Sendrecv 239324 239325 -2 3
Sendrecv 239342 239343 -2 5
Sendrecv 239359 239361 -2 3
Sendrecv 239378 239381 -2 5
Sendrecv 239408 239411 -2 3
Sendrecv 239429 239430 -2 5
Sendrecv 239453 239455 -2 3
Sendrecv 239473 239476 -2 5
Sendrecv 239500 239503 -2 3
Sendrecv 239518 239585 -2 5
Sendrecv 239608 239610 -2 3
Sendrecv 239625 239627 -2 5
Sendrecv 239641 239644 -2 3
Sendrecv 239693 239697 -2 5
Sendrecv 239713 239715 -2 3
Sendrecv 239730 239735 -2 5
Sendrecv 239750 239751 -2 3
Sendrecv 239766 239767 -2 5
Sendrecv 239783 239784 -2 3
Sendrecv 239799 239801 -2 5
Sendrecv 239816 239817 -2 3
Sendrecv 239832 239833 -2 5
Sendrecv 239848 239850 -2 3
Sendrecv 239865 239867 -2 5
Sendrecv 239881 239883 -2 3
Sendrecv 239897 239922 -2 5
Sendrecv 239946 239948 -2 3
Sendrecv 239965 239966 -2 5
Sendrecv 239980 239982 -2 3
Sendrecv 239997 239998 -2 5
Sendrecv 240013 240015 -2 3
Sendrecv 240030 240032 -2 5
Sendrecv 240047 240048 -2 3
Sendrecv 240064 240065 -2 5
Sendrecv 240079 240081 -2 3
Sendrecv 240096 240098 -2 5
Sendrecv 240112 240131 -2 3
Sendrecv 240148 240150 -2 5
Sendrecv 240164 240166 -2 3
Sendrecv 240180 240182 -2 5
Sendrecv 240196 240197 -2 3
Sendrecv 240213 240214 -2 5
Sendrecv 240229 240230 -2 3
Sendrecv 240245 240246 -2 5
Sendrecv 240261 240262 -2 3
Sendrecv 240279 240281 -2 5
Sendrecv 240296 240297 -2 3
Sendrecv 240312 240314 -2 5
Sendrecv 242807 244400 -2 3
Sendrecv 244411 244417 -2 5
Sendrecv 244426 244485 -2 3
Sendrecv 244495 244496 -2 5
Sendrecv 244503 246782 -2 3
Sendrecv 246803 246810 -2 5
Sendrecv 246819 246820 -2 3
Sendrecv 246827 246853 -2 5
Sendrecv 246861 246862 -2 3
Sendrecv 246869 246877 -2 5
Sendrecv 246885 246894 -2 3
Sendrecv 246901 246902 -2 5
Sendrecv 246910 246927 -2 3
Sendrecv 246935 246935 -2 5
Sendrecv 246943 246958 -2 3
Sendrecv 246966 246967 -2 5
Sendrecv 246974 246990 -2 3
Sendrecv 246997 246998 -2 5
Sendrecv 247005 247021 -2 3
Sendrecv 247031 247031 -2 5
Sendrecv 247039 247052 -2 3
Sendrecv 247060 247061 -2 5
Sendrecv 247068 247084 -2 3
Sendrecv 247091 247092 -2 5
Sendrecv 247099 247115 -2 3
Sendrecv 247122 247123 -2 5
Sendrecv 247130 247146 -2 3
Sendrecv 247153 247154 -2 5
Sendrecv 247161 247177 -2 3
Sendrecv 247184 247185 -2 5
Sendrecv 247192 247210 -2 3
Sendrecv 247218 247218 -2 5
Sendrecv 247226 247241 -2 3
Sendrecv 247249 247249 -2 5
Sendrecv 247257 247272 -2 3
Sendrecv 247279 247280 -2 5
Sendrecv 247287 247303 -2 3
Sendrecv 247310 247311 -2 5
Sendrecv 247318 247334 -2 3
Sendrecv 247341 247342 -2 5
Sendrecv 247349 247367 -2 3
Sendrecv 247374 247375 -2 5
Sendrecv 247382 247398 -2 3
Sendrecv 247406 247406 -2 5
Sendrecv 247413 247429 -2 3
Sendrecv 247436 247437 -2 5
Sendrecv 247444 247467 -2 3
Sendrecv 247478 247479 -2 5
Sendrecv 247487 247499 -2 3
Sendrecv 247506 247507 -2 5
Sendrecv 247514 247529 -2 3
Sendrecv 247536 247537 -2 5
Sendrecv 247544 247560 -2 3
Sendrecv 247567 247568 -2 5
Sendrecv 247574 247591 -2 3
Sendrecv 247598 247599 -2 5
Sendrecv 247606 247623 -2 3
Sendrecv 247630 247630 -2 5
Sendrecv 247637 247656 -2 3
Sendrecv 247663 247663 -2 5
Sendrecv 247670 247687 -2 3
Sendrecv 247694 247695 -2 5
Sendrecv 247702 247718 -2 3
Sendrecv 247725 247726 -2 5
Sendrecv 247733 247750 -2 3
Sendrecv 247757 247757 -2 5
Sendrecv 247764 247781 -2 3
Sendrecv 247788 247788 -2 5
Sendrecv 247795 247811 -2 3
Sendrecv 247819 247819 -2 5
Sendrecv 247826 247846 -2 3
Sendrecv 247853 247854 -2 5
Sendrecv 247861 247876 -2 3
Sendrecv 247883 247884 -2 5
Sendrecv 247893 247908 -2 3
Sendrecv 247915 247916 -2 5
Sendrecv 247923 247940 -2 3
Sendrecv 247947 247947 -2 5
Sendrecv 247954 247971 -2 3
Sendrecv 247978 247978 -2 5
Sendrecv 247985 248001 -2 3
Sendrecv 248008 248009 -2 5
Sendrecv 248016 248033 -2 3
Sendrecv 248040 248041 -2 5
Sendrecv 248048 248063 -2 3
Sendrecv 248071 248071 -2 5
Sendrecv 248078 248097 -2 3
Sendrecv 248104 248105 -2 5
Sendrecv 248112 248130 -2 3
Sendrecv 248137 248137 -2 5
Sendrecv 248144 248159 -2 3
Sendrecv 248166 248167 -2 5
Sendrecv 248174 248190 -2 3
Sendrecv 248197 248198 -2 5
Sendrecv 248205 248221 -2 3
Sendrecv 248228 248229 -2 5
Sendrecv 248236 248252 -2 3
Sendrecv 248259 248260 -2 5
Sendrecv 248266 248285 -2 3
Sendrecv 248293 248293 -2 5
Sendrecv 248300 248317 -2 3
Sendrecv 248326 248327 -2 5
Sendrecv 248334 248348 -2 3
Sendrecv 248355 248356 -2 5
Sendrecv 248363 248379 -2 3
Sendrecv 248386 248386 -2 5
Sendrecv 248393 248410 -2 3
Sendrecv 248417 248418 -2 5
Sendrecv 248425 248441 -2 3
Sendrecv 248454 248456 -2 5
Sendrecv 248463 248478 -2 3
Sendrecv 248485 248486 -2 5
Sendrecv 248493 248509 -2 3
Sendrecv 248516 248517 -2 5
Sendrecv 248524 248544 -2 3
Sendrecv 248551 248551 -2 5
Sendrecv 248558 248573 -2 3
Sendrecv 248581 248581 -2 5
Sendrecv 248588 248605 -2 3
Sendrecv 248612 248612 -2 5
Sendrecv 248619 248635 -2 3
Sendrecv 248642 248643 -2 5
Sendrecv 248650 248666 -2 3
Sendrecv 248673 248674 -2 5
Sendrecv 248682 248697 -2 3
Sendrecv 248704 248705 -2 5
Sendrecv 248712 248731 -2 3
Sendrecv 248738 248739 -2 5
Sendrecv 248748 248762 -2 3
Sendrecv 248769 248769 -2 5
Sendrecv 248776 248793 -2 3
Sendrecv 248800 248801 -2 5
Sendrecv 248808 248824 -2 3
Sendrecv 248831 248831 -2 5
Sendrecv 248838 248855 -2 3
Sendrecv 248862 248862 -2 5
Sendrecv 248869 248885 -2 3
Sendrecv 248893 248893 -2 5
Sendrecv 248900 248916 -2 3
Sendrecv 248923 248924 -2 5
Sendrecv 248931 248947 -2 3
Sendrecv 248954 248955 -2 5
Sendrecv 248962 248980 -2 3
Sendrecv 248987 248988 -2 5
Sendrecv 248995 249012 -2 3
Sendrecv 249019 249019 -2 5
Sendrecv 249026 249043 -2 3
Sendrecv 249050 249051 -2 5
Sendrecv 249058 249074 -2 3
Sendrecv 249081 249082 -2 5
Sendrecv 249089 249105 -2 3
Sendrecv 249112 249113 -2 5
Sendrecv 249120 249137 -2 3
Sendrecv 249144 249144 -2 5
Sendrecv 249151 249171 -2 3
Sendrecv 249180 249180 -2 5
Sendrecv 249187 249202 -2 3
Sendrecv 249209 249209 -2 5
Sendrecv 249216 249233 -2 3
Sendrecv 249240 249241 -2 5
Sendrecv 249248 249263 -2 3
Sendrecv 249270 249271 -2 5
Sendrecv 249278 249295 -2 3
Sendrecv 249302 249303 -2 5
Sendrecv 249310 249326 -2 3
Sendrecv 249333 249333 -2 5
Sendrecv 249341 249357 -2 3
Sendrecv 249364 249365 -2 5
Sendrecv 249372 249388 -2 3
Sendrecv 249395 249396 -2 5
Sendrecv 249403 249422 -2 3
Sendrecv 249429 249430 -2 5
Sendrecv 249437 249460 -2 3
Sendrecv 249469 249470 -2 5
Sendrecv 249477 249490 -2 3
Sendrecv 249497 249498 -2 5
Sendrecv 249505 249522 -2 3
Sendrecv 249529 249529 -2 5
Sendrecv 249536 249553 -2 3
Sendrecv 249560 249561 -2 5
Sendrecv 249568 249585 -2 3
Sendrecv 249592 249592 -2 5
Sendrecv 249601 249618 -2 3
Sendrecv 249625 249626 -2 5
Sendrecv 249633 249650 -2 3
Sendrecv 249657 249658 -2 5
Sendrecv 249664 249681 -2 3
Sendrecv 249688 249688 -2 5
Sendrecv 249696 249712 -2 3
Sendrecv 249719 249720 -2 5
Sendrecv 249727 249743 -2 3
Sendrecv 249750 249751 -2 5
Sendrecv 249758 249774 -2 3
Sendrecv 249781 249782 -2 5
Sendrecv 249789 249805 -2 3
Sendrecv 249812 249813 -2 5
Sendrecv 249820 249839 -2 3
Sendrecv 249846 249846 -2 5
Sendrecv 249853 249870 -2 3
Sendrecv 249877 249878 -2 5
Sendrecv 249884 249901 -2 3
Sendrecv 249908 249908 -2 5
Sendrecv 249915 249932 -2 3
Sendrecv 249939 249939 -2 5
Sendrecv 249946 249963 -2 3
Sendrecv 249971 249971 -2 5
Sendrecv 249978 249995 -2 3
Sendrecv 250002 250002 -2 5
Sendrecv 250009 250026 -2 3
Sendrecv 250035 250035 -2 5
Sendrecv 250042 250060 -2 3
Sendrecv 250067 250067 -2 5
Sendrecv 250074 250091 -2 3
Sendrecv 250098 250099 -2 5
Sendrecv 250106 250122 -2 3
Sendrecv 250129 250130 -2 5
Sendrecv 250137 250154 -2 3
Sendrecv 250161 250161 -2 5
Sendrecv 250168 250185 -2 3
Sendrecv 250192 250192 -2 5
Sendrecv 250199 250216 -2 3
Sendrecv 250223 250223 -2 5
Sendrecv 250230 250246 -2 3
Sendrecv 250253 250254 -2 5
Sendrecv 250261 250280 -2 3
Sendrecv 250287 250287 -2 5
Sendrecv 250294 250310 -2 3
Sendrecv 250317 250318 -2 5
Sendrecv 250325 250342 -2 3
Sendrecv 250349 250349 -2 5
Sendrecv 250356 250373 -2 3
Sendrecv 250380 250380 -2 5
Sendrecv 250387 250404 -2 3
Sendrecv 250411 250411 -2 5
Sendrecv 250418 250434 -2 3
Sendrecv 250441 250442 -2 5
Sendrecv 250458 250472 -2 3
Sendrecv 250480 250481 -2 5
Sendrecv 250488 250503 -2 3
Sendrecv 250511 250512 -2 5
Sendrecv 250519 250537 -2 3
Sendrecv 250544 250545 -2 5
Sendrecv 250552 250568 -2 3
Sendrecv 250575 250576 -2 5
Sendrecv 250583 250601 -2 3
Sendrecv 250608 250608 -2 5
Sendrecv 250615 250631 -2 3
Sendrecv 250638 250638 -2 5
Sendrecv 250645 250662 -2 3
Sendrecv 250669 250670 -2 5
Sendrecv 250676 250693 -2 3
Sendrecv 250700 250701 -2 5
Sendrecv 250708 250726 -2 3
Sendrecv 250733 250734 -2 5
Sendrecv 250741 250757 -2 3
Sendrecv 250764 250764 -2 5
Sendrecv 250771 250788 -2 3
Sendrecv 250795 250796 -2 5
Sendrecv 250803 250819 -2 3
Sendrecv 250826 250826 -2 5
Sendrecv 250833 250850 -2 3
Sendrecv 250857 250858 -2 5
Sendrecv 250865 250880 -2 3
Sendrecv 250890 250890 -2 5
Sendrecv 250897 250912 -2 3
Sendrecv 250919 250920 -2 5
Sendrecv 250927 250944 -2 3
Sendrecv 250951 250951 -2 5
Sendrecv 250958 250977 -2 3
Sendrecv 250984 250985 -2 5
Sendrecv 250992 251008 -2 3
Sendrecv 251015 251016 -2 5
Sendrecv 251023 251039 -2 3
Sendrecv 251047 251047 -2 5
Sendrecv 251054 251070 -2 3
Sendrecv 251077 251078 -2 5
Sendrecv 251085 251101 -2 3
Sendrecv 251109 251109 -2 5
Sendrecv 251116 251133 -2 3
Sendrecv 251140 251140 -2 5
Sendrecv 251147 251166 -2 3
Sendrecv 251173 251174 -2 5
Sendrecv 251181 251197 -2 3
Sendrecv 251204 251204 -2 5
Sendrecv 251211 251228 -2 3
Sendrecv 251235 251236 -2 5
Sendrecv 251243 251259 -2 3
Sendrecv 251266 251267 -2 5
Sendrecv 251274 251290 -2 3
Sendrecv 251297 251298 -2 5
Sendrecv 251307 251323 -2 3
Sendrecv 251330 251330 -2 5
Sendrecv 251337 251353 -2 3
Sendrecv 251360 251361 -2 5
Sendrecv 251368 251384 -2 3
Sendrecv 251391 251392 -2 5
Sendrecv 251399 251417 -2 3
Sendrecv 251424 251425 -2 5
Sendrecv 251432 251454 -2 3
Sendrecv 251463 251465 -2 5
Sendrecv 251472 251486 -2 3
Sendrecv 251493 251494 -2 5
Sendrecv 251501 251517 -2 3
Sendrecv 251525 251525 -2 5
Sendrecv 251532 251548 -2 3
Sendrecv 251556 251556 -2 5
Sendrecv 251563 251582 -2 3
Sendrecv 251589 251590 -2 5
Sendrecv 251597 251613 -2 3
Sendrecv 251621 251621 -2 5
Sendrecv 251628 251644 -2 3
Sendrecv 251651 251652 -2 5
Sendrecv 251659 251675 -2 3
Sendrecv 251683 251683 -2 5
Sendrecv 251690 251706 -2 3
Sendrecv 251713 251714 -2 5
Sendrecv 251721 251737 -2 3
Sendrecv 251747 251747 -2 5
Sendrecv 251754 251768 -2 3
Sendrecv 251776 251776 -2 5
Sendrecv 251783 251799 -2 3
Sendrecv 251807 251807 -2 5
Sendrecv 251814 251831 -2 3
Sendrecv 251838 251838 -2 5
Sendrecv 251845 251864 -2 3
Sendrecv 251871 251872 -2 5
Sendrecv 251878 251895 -2 3
Sendrecv 251902 251903 -2 5
Sendrecv 251910 251926 -2 3
Sendrecv 251933 251934 -2 5
Sendrecv 251941 251957 -2 3
Sendrecv 251964 251965 -2 5
Sendrecv 251972 251988 -2 3
Sendrecv 251995 251996 -2 5
Sendrecv 252002 252021 -2 3
Sendrecv 252028 252029 -2 5
Sendrecv 252036 252052 -2 3
Sendrecv 252059 252060 -2 5
Sendrecv 252067 252083 -2 3
Sendrecv 252090 252091 -2 5
Sendrecv 252098 252114 -2 3
Sendrecv 252121 252122 -2 5
Sendrecv 252129 252145 -2 3
Sendrecv 252152 252153 -2 5
Sendrecv 252162 252176 -2 3
Sendrecv 252183 252183 -2 5
Sendrecv 252191 252207 -2 3
Sendrecv 252214 252215 -2 5
Sendrecv 252222 252238 -2 3
Sendrecv 252245 252245 -2 5
Sendrecv 252252 252269 -2 3
Sendrecv 252276 252276 -2 5
Sendrecv 252283 252302 -2 3
Sendrecv 252309 252310 -2 5
Sendrecv 252317 252334 -2 3
Sendrecv 252342 252342 -2 5
Sendrecv 252349 252364 -2 3
Sendrecv 252372 252372 -2 5
Sendrecv 252379 252397 -2 3
Sendrecv 252404 252405 -2 5
Sendrecv 252412 252427 -2 3
Sendrecv 252434 252435 -2 5
Sendrecv 252442 252468 -2 3
Sendrecv 252477 252478 -2 5
Sendrecv 252485 252499 -2 3
Sendrecv 252506 252507 -2 5
Sendrecv 252514 252530 -2 3
Sendrecv 252537 252538 -2 5
Sendrecv 252545 252561 -2 3
Sendrecv 252568 252569 -2 5
Sendrecv 252576 252592 -2 3
Sendrecv 252601 252602 -2 5
Sendrecv 252609 252624 -2 3
Sendrecv 252631 252631 -2 5
Sendrecv 252639 252654 -2 3
Sendrecv 252663 252664 -2 5
Sendrecv 252671 252687 -2 3
Sendrecv 252695 252695 -2 5
Sendrecv 252702 252719 -2 3
Sendrecv 252726 252726 -2 5
Sendrecv 252733 252752 -2 3
Sendrecv 252759 252759 -2 5
Sendrecv 252766 252782 -2 3
Sendrecv 252789 252790 -2 5
Sendrecv 252797 252815 -2 3
Sendrecv 252822 252822 -2 5
Sendrecv 252829 252844 -2 3
Sendrecv 252851 252852 -2 5
Sendrecv 252859 252875 -2 3
Sendrecv 252883 252883 -2 5
Sendrecv 252890 252909 -2 3
Sendrecv 252916 252917 -2 5
Sendrecv 252924 252939 -2 3
Sendrecv 252947 252947 -2 5
Sendrecv 252954 252970 -2 3
Sendrecv 252978 252978 -2 5
Sendrecv 252985 253003 -2 3
Sendrecv 253010 253011 -2 5
Sendrecv 253020 253033 -2 3
Sendrecv 253040 253041 -2 5
Sendrecv 253048 253066 -2 3
Sendrecv 253073 253073 -2 5
Sendrecv 253080 253096 -2 3
Sendrecv 253103 253104 -2 5
Sendrecv 253111 253127 -2 3
Allgatherv 253153 253953 -2 0 1 2 3 5
Barrier 257815 258720
Barrier 258747 258754
Barrier 336355 348438
Barrier 348461 348485
Finalize 348915 350359
