SYSTEM_START_US: 1776533529074649
Bcast 156446 156454 -1 0
Bcast 156483 156485 -1 0
Bcast 156503 156504 -1 0
Bcast 184939 184947 -1 0
Scatterv 184970 184979 -1 0
Sendrecv 185002 186257 -2 3
Sendrecv 186294 186520 -2 1
Sendrecv 186567 188643 -2 3
Sendrecv 188668 188677 -2 1
Sendrecv 188689 188693 -2 3
Sendrecv 188718 188768 -2 1
Sendrecv 188789 188840 -2 3
Sendrecv 188861 188864 -2 1
Sendrecv 188873 188932 -2 3
Sendrecv 188973 188980 -2 1
Sendrecv 188990 189004 -2 3
Sendrecv 189013 189081 -2 1
Sendrecv 189092 189094 -2 3
Sendrecv 189103 189165 -2 1
Sendrecv 189174 189175 -2 3
Sendrecv 189209 189210 -2 1
Sendrecv 189219 189268 -2 3
Sendrecv 189277 189289 -2 1
Sendrecv 189298 189353 -2 3
Sendrecv 189363 189363 -2 1
Sendrecv 189373 189430 -2 3
Sendrecv 189440 189441 -2 1
Sendrecv 189450 189468 -2 3
Sendrecv 189477 189501 -2 1
Sendrecv 189547 189576 -2 3
Sendrecv 189586 189612 -2 1
Sendrecv 189621 189622 -2 3
Sendrecv 189631 189655 -2 1
Sendrecv 189664 189665 -2 3
Sendrecv 189674 189714 -2 1
Sendrecv 189726 189726 -2 3
Sendrecv 189736 189749 -2 1
Sendrecv 189758 189767 -2 3
Sendrecv 189776 189827 -2 1
Sendrecv 189836 189837 -2 3
Sendrecv 189846 189865 -2 1
Sendrecv 189874 189882 -2 3
Sendrecv 189891 189903 -2 1
Sendrecv 189967 190050 -2 3
Sendrecv 190071 190073 -2 1
Sendrecv 190083 190090 -2 3
Sendrecv 190100 190118 -2 1
Sendrecv 190127 190138 -2 3
Sendrecv 190147 190161 -2 1
Sendrecv 190170 190176 -2 3
Sendrecv 190185 190198 -2 1
Sendrecv 190207 190214 -2 3
Sendrecv 190223 190236 -2 1
Sendrecv 190246 190252 -2 3
Sendrecv 190264 190271 -2 1
Sendrecv 190281 190334 -2 3
Sendrecv 190344 190374 -2 1
Sendrecv 190383 190385 -2 3
Sendrecv 190394 190411 -2 1
Sendrecv 190421 190423 -2 3
Sendrecv 190433 190450 -2 1
Sendrecv 190459 190461 -2 3
Sendrecv 190470 190488 -2 1
Sendrecv 190497 190498 -2 3
Sendrecv 190606 190608 -2 1
Sendrecv 190617 190644 -2 3
Sendrecv 190653 190790 -2 1
Sendrecv 190799 190805 -2 3
Sendrecv 190817 190824 -2 1
Sendrecv 190833 190890 -2 3
Sendrecv 190900 190901 -2 1
Sendrecv 190910 190970 -2 3
Sendrecv 190980 190981 -2 1
Sendrecv 190989 191046 -2 3
Sendrecv 191055 191056 -2 1
Sendrecv 191065 191083 -2 3
Sendrecv 191092 191093 -2 1
Sendrecv 191102 191120 -2 3
Sendrecv 191129 191130 -2 1
Sendrecv 191139 191157 -2 3
Sendrecv 191166 191167 -2 1
Sendrecv 191176 191194 -2 3
Sendrecv 191203 191204 -2 1
Sendrecv 191213 191314 -2 3
Sendrecv 191323 191335 -2 1
Sendrecv 191345 191352 -2 3
Sendrecv 191361 191373 -2 1
Sendrecv 191382 191390 -2 3
Sendrecv 191399 191411 -2 1
Sendrecv 191420 191430 -2 3
Sendrecv 191439 191447 -2 1
Sendrecv 191456 191467 -2 3
Sendrecv 191476 191484 -2 1
Sendrecv 191494 191504 -2 3
Sendrecv 191513 191522 -2 1
Sendrecv 191692 191899 -2 3
Sendrecv 191924 191927 -2 1
Sendrecv 191937 191938 -2 3
Sendrecv 191951 191972 -2 1
Sendrecv 191994 191996 -2 3
Sendrecv 192015 192022 -2 1
Sendrecv 192040 192041 -2 3
Sendrecv 192058 192060 -2 1
Sendrecv 192077 192079 -2 3
Sendrecv 192099 192101 -2 1
Sendrecv 192119 192121 -2 3
Sendrecv 192138 192140 -2 1
Sendrecv 192157 192159 -2 3
Sendrecv 192176 192178 -2 1
Sendrecv 192194 192196 -2 3
Sendrecv 192213 192215 -2 1
Sendrecv 192232 192234 -2 3
Sendrecv 192252 192254 -2 1
Sendrecv 192271 192273 -2 3
Sendrecv 192290 192291 -2 1
Sendrecv 192309 192311 -2 3
Sendrecv 192328 192329 -2 1
Sendrecv 192346 192359 -2 3
Sendrecv 192377 192379 -2 1
Sendrecv 192395 192405 -2 3
Sendrecv 192422 192423 -2 1
Sendrecv 192440 192442 -2 3
Sendrecv 192459 192460 -2 1
Sendrecv 192479 192482 -2 3
Sendrecv 192501 192502 -2 1
Sendrecv 192518 192574 -2 3
Sendrecv 192591 192691 -2 1
Sendrecv 192710 192712 -2 3
Sendrecv 192729 192741 -2 1
Sendrecv 192759 192762 -2 3
Sendrecv 192779 192783 -2 1
Sendrecv 192801 192802 -2 3
Sendrecv 192822 192823 -2 1
Sendrecv 192840 192841 -2 3
Sendrecv 192858 192859 -2 1
Sendrecv 192878 192879 -2 3
Sendrecv 192896 192897 -2 1
Sendrecv 192915 192916 -2 3
Sendrecv 192934 192935 -2 1
Sendrecv 192952 192954 -2 3
Sendrecv 192972 192973 -2 1
Sendrecv 192991 192993 -2 3
Sendrecv 193245 193247 -2 1
Sendrecv 193258 193390 -2 3
Sendrecv 193400 193616 -2 1
Sendrecv 193625 193632 -2 3
Sendrecv 193641 193666 -2 1
Sendrecv 193675 193702 -2 3
Sendrecv 193711 193712 -2 1
Sendrecv 193722 193794 -2 3
Sendrecv 193816 193818 -2 1
Sendrecv 193837 193840 -2 3
Sendrecv 193858 193863 -2 1
Sendrecv 193880 193882 -2 3
Sendrecv 193899 193901 -2 1
Sendrecv 193918 193920 -2 3
Sendrecv 193937 193939 -2 1
Sendrecv 193958 193960 -2 3
Sendrecv 193977 193979 -2 1
Sendrecv 193996 193998 -2 3
Sendrecv 194015 194017 -2 1
Sendrecv 194035 194038 -2 3
Sendrecv 194055 194058 -2 1
Sendrecv 194076 194077 -2 3
Sendrecv 194096 194098 -2 1
Sendrecv 194115 194117 -2 3
Sendrecv 194134 194135 -2 1
Sendrecv 194153 194154 -2 3
Sendrecv 194171 194173 -2 1
Sendrecv 194190 194192 -2 3
Sendrecv 194209 194212 -2 1
Sendrecv 194229 194231 -2 3
Sendrecv 194248 194250 -2 1
Sendrecv 194267 194269 -2 3
Sendrecv 194286 194288 -2 1
Sendrecv 194305 194307 -2 3
Sendrecv 194324 194326 -2 1
Sendrecv 194344 194347 -2 3
Sendrecv 194364 194365 -2 1
Sendrecv 194383 194384 -2 3
Sendrecv 194401 194403 -2 1
Sendrecv 194421 194422 -2 3
Sendrecv 194439 194441 -2 1
Sendrecv 194461 194463 -2 3
Sendrecv 194482 194483 -2 1
Sendrecv 194499 194500 -2 3
Sendrecv 194519 194521 -2 1
Sendrecv 194536 194779 -2 3
Sendrecv 194797 194799 -2 1
Sendrecv 194816 194818 -2 3
Sendrecv 194835 194844 -2 1
Sendrecv 194861 194863 -2 3
Sendrecv 194880 194881 -2 1
Sendrecv 194898 194900 -2 3
Sendrecv 194917 194919 -2 1
Sendrecv 194936 194937 -2 3
Sendrecv 194955 194956 -2 1
Sendrecv 194973 194977 -2 3
Sendrecv 194995 194996 -2 1
Sendrecv 195013 195015 -2 3
Sendrecv 195032 195034 -2 1
Sendrecv 195052 195054 -2 3
Sendrecv 195071 195072 -2 1
Sendrecv 195090 195092 -2 3
Sendrecv 195108 195112 -2 1
Sendrecv 195130 195132 -2 3
Sendrecv 195149 195150 -2 1
Sendrecv 195168 195169 -2 3
Sendrecv 195186 195188 -2 1
Sendrecv 195205 195206 -2 3
Sendrecv 195223 195225 -2 1
Sendrecv 195242 195243 -2 3
Sendrecv 195622 195630 -2 1
Sendrecv 195642 195716 -2 3
Sendrecv 195725 196004 -2 1
Sendrecv 196013 196017 -2 3
Sendrecv 196027 196051 -2 1
Sendrecv 196060 196081 -2 3
Sendrecv 196105 196107 -2 1
Sendrecv 196126 196128 -2 3
Sendrecv 196147 196148 -2 1
Sendrecv 196167 196169 -2 3
Sendrecv 196186 196188 -2 1
Sendrecv 196206 196207 -2 3
Sendrecv 196228 196229 -2 1
Sendrecv 196247 196249 -2 3
Sendrecv 196266 196268 -2 1
Sendrecv 196286 196288 -2 3
Sendrecv 196306 196307 -2 1
Sendrecv 196326 196327 -2 3
Sendrecv 196345 196346 -2 1
Sendrecv 196365 196366 -2 3
Sendrecv 196384 196386 -2 1
Sendrecv 196405 196406 -2 3
Sendrecv 196424 196426 -2 1
Sendrecv 196444 196446 -2 3
Sendrecv 196466 196467 -2 1
Sendrecv 196486 196487 -2 3
Sendrecv 196505 196506 -2 1
Sendrecv 196525 196526 -2 3
Sendrecv 196544 196545 -2 1
Sendrecv 196563 196565 -2 3
Sendrecv 196583 196584 -2 1
Sendrecv 196602 196604 -2 3
Sendrecv 196621 196623 -2 1
Sendrecv 196642 196649 -2 3
Sendrecv 196668 196669 -2 1
Sendrecv 196687 196690 -2 3
Sendrecv 196709 196710 -2 1
Sendrecv 196727 196729 -2 3
Sendrecv 196746 196747 -2 1
Sendrecv 196765 196766 -2 3
Sendrecv 196786 196787 -2 1
Sendrecv 196804 196806 -2 3
Sendrecv 196824 196826 -2 1
Sendrecv 196844 196852 -2 3
Sendrecv 196869 196878 -2 1
Sendrecv 196895 196896 -2 3
Sendrecv 196913 196915 -2 1
Sendrecv 196933 196934 -2 3
Sendrecv 196951 196953 -2 1
Sendrecv 196969 196971 -2 3
Sendrecv 196989 196990 -2 1
Sendrecv 197008 197009 -2 3
Sendrecv 197026 197028 -2 1
Sendrecv 197045 197047 -2 3
Sendrecv 197064 197066 -2 1
Sendrecv 197083 197084 -2 3
Sendrecv 197102 197103 -2 1
Sendrecv 197120 197123 -2 3
Sendrecv 197140 197142 -2 1
Sendrecv 197159 197160 -2 3
Sendrecv 197178 197179 -2 1
Sendrecv 197196 197198 -2 3
Sendrecv 197215 197216 -2 1
Sendrecv 197233 197235 -2 3
Sendrecv 197252 197254 -2 1
Sendrecv 197274 197276 -2 3
Sendrecv 197294 197295 -2 1
Sendrecv 197311 197315 -2 3
Sendrecv 197334 197335 -2 1
Sendrecv 197353 197723 -2 3
Sendrecv 197743 197746 -2 1
Sendrecv 197763 197764 -2 3
Sendrecv 197781 197783 -2 1
Sendrecv 197800 197801 -2 3
Sendrecv 197819 197820 -2 1
Sendrecv 197840 197842 -2 3
Sendrecv 197859 197860 -2 1
Sendrecv 197878 197880 -2 3
Sendrecv 197897 197899 -2 1
Sendrecv 197917 197918 -2 3
Sendrecv 197935 197936 -2 1
Sendrecv 197953 197955 -2 3
Sendrecv 197972 197973 -2 1
Sendrecv 197991 197992 -2 3
Sendrecv 198009 198011 -2 1
Sendrecv 198029 198031 -2 3
Sendrecv 198048 198050 -2 1
Sendrecv 198067 198069 -2 3
Sendrecv 198086 198088 -2 1
Sendrecv 198105 198106 -2 3
Sendrecv 198123 198125 -2 1
Sendrecv 198143 198144 -2 3
Sendrecv 198161 198163 -2 1
Sendrecv 198180 198181 -2 3
Sendrecv 198198 198200 -2 1
Sendrecv 198217 198218 -2 3
Sendrecv 198236 198237 -2 1
Sendrecv 198257 198258 -2 3
Sendrecv 198275 198277 -2 1
Sendrecv 198294 198296 -2 3
Sendrecv 198313 198314 -2 1
Sendrecv 198332 198333 -2 3
Sendrecv 198350 198352 -2 1
Sendrecv 198369 198371 -2 3
Sendrecv 198388 198389 -2 1
Sendrecv 198903 198973 -2 3
Sendrecv 198984 198985 -2 1
Sendrecv 198994 199028 -2 3
Sendrecv 199053 199055 -2 1
Sendrecv 199073 199075 -2 3
Sendrecv 199093 199094 -2 1
Sendrecv 199113 199114 -2 3
Sendrecv 199135 199136 -2 1
Sendrecv 199154 199156 -2 3
Sendrecv 199174 199176 -2 1
Sendrecv 199194 199195 -2 3
Sendrecv 199213 199215 -2 1
Sendrecv 199233 199235 -2 3
Sendrecv 199252 199254 -2 1
Sendrecv 199272 199273 -2 3
Sendrecv 199292 199293 -2 1
Sendrecv 199312 199313 -2 3
Sendrecv 199331 199333 -2 1
Sendrecv 199350 199352 -2 3
Sendrecv 199369 199371 -2 1
Sendrecv 199389 199390 -2 3
Sendrecv 199408 199410 -2 1
Sendrecv 199428 199429 -2 3
Sendrecv 199447 199448 -2 1
Sendrecv 199467 199468 -2 3
Sendrecv 199486 199487 -2 1
Sendrecv 199505 199507 -2 3
Sendrecv 199527 199528 -2 1
Sendrecv 199546 199548 -2 3
Sendrecv 199565 199567 -2 1
Sendrecv 199585 199587 -2 3
Sendrecv 199604 199606 -2 1
Sendrecv 199624 199626 -2 3
Sendrecv 199643 199645 -2 1
Sendrecv 199663 199665 -2 3
Sendrecv 199685 199686 -2 1
Sendrecv 199704 199706 -2 3
Sendrecv 199723 199725 -2 1
Sendrecv 199743 199745 -2 3
Sendrecv 199762 199764 -2 1
Sendrecv 199782 199784 -2 3
Sendrecv 199802 199803 -2 1
Sendrecv 199821 199823 -2 3
Sendrecv 199840 199842 -2 1
Sendrecv 199860 199862 -2 3
Sendrecv 199880 199881 -2 1
Sendrecv 199899 199900 -2 3
Sendrecv 199918 199920 -2 1
Sendrecv 199938 199939 -2 3
Sendrecv 199958 199959 -2 1
Sendrecv 199978 199979 -2 3
Sendrecv 199997 199999 -2 1
Sendrecv 200017 200018 -2 3
Sendrecv 200036 200037 -2 1
Sendrecv 200056 200057 -2 3
Sendrecv 200075 200077 -2 1
Sendrecv 200096 200102 -2 3
Sendrecv 200121 200122 -2 1
Sendrecv 200139 200145 -2 3
Sendrecv 200163 200164 -2 1
Sendrecv 200182 200183 -2 3
Sendrecv 200200 200202 -2 1
Sendrecv 200219 200221 -2 3
Sendrecv 200238 200239 -2 1
Sendrecv 200258 200260 -2 3
Sendrecv 200278 200280 -2 1
Sendrecv 200297 200303 -2 3
Sendrecv 200321 200330 -2 1
Sendrecv 200347 200349 -2 3
Sendrecv 200365 200367 -2 1
Sendrecv 200384 200386 -2 3
Sendrecv 200404 200405 -2 1
Sendrecv 200423 200424 -2 3
Sendrecv 200441 200443 -2 1
Sendrecv 200460 200461 -2 3
Sendrecv 200478 200479 -2 1
Sendrecv 200497 200499 -2 3
Sendrecv 200517 200518 -2 1
Sendrecv 200535 200538 -2 3
Sendrecv 200555 200557 -2 1
Sendrecv 200574 200576 -2 3
Sendrecv 200593 200594 -2 1
Sendrecv 200612 200704 -2 3
Sendrecv 200736 200738 -2 1
Sendrecv 200756 200759 -2 3
Sendrecv 200778 200790 -2 1
Sendrecv 200809 200810 -2 3
Sendrecv 200828 200835 -2 1
Sendrecv 200853 200860 -2 3
Sendrecv 200877 200879 -2 1
Sendrecv 200896 200897 -2 3
Sendrecv 200914 200922 -2 1
Sendrecv 200941 200942 -2 3
Sendrecv 200959 200961 -2 1
Sendrecv 200979 200980 -2 3
Sendrecv 200997 200999 -2 1
Sendrecv 201016 201018 -2 3
Sendrecv 201035 201036 -2 1
Sendrecv 201053 201251 -2 3
Sendrecv 201276 201277 -2 1
Sendrecv 201295 201296 -2 3
Sendrecv 201315 201333 -2 1
Sendrecv 201353 201354 -2 3
Sendrecv 201372 201386 -2 1
Sendrecv 201405 202115 -2 3
Sendrecv 202157 202161 -2 1
Sendrecv 202172 202178 -2 3
Sendrecv 202190 202221 -2 1
Sendrecv 202230 202231 -2 3
Sendrecv 202241 202288 -2 1
Sendrecv 202298 202299 -2 3
Sendrecv 202308 202326 -2 1
Sendrecv 202336 202338 -2 3
Sendrecv 202347 202369 -2 1
Sendrecv 202379 202380 -2 3
Sendrecv 202390 202409 -2 1
Sendrecv 202419 202420 -2 3
Sendrecv 202431 202449 -2 1
Sendrecv 202461 202468 -2 3
Sendrecv 202480 202488 -2 1
Sendrecv 202501 202507 -2 3
Sendrecv 202524 202525 -2 1
Sendrecv 202541 202545 -2 3
Sendrecv 202560 202566 -2 1
Sendrecv 202581 202585 -2 3
Sendrecv 202601 202605 -2 1
Sendrecv 202621 202645 -2 3
Sendrecv 202672 202697 -2 1
Sendrecv 202723 202725 -2 3
Sendrecv 202745 202747 -2 1
Sendrecv 202772 202803 -2 3
Sendrecv 202822 202824 -2 1
Sendrecv 202842 202843 -2 3
Sendrecv 202860 202864 -2 1
Sendrecv 202882 202885 -2 3
Sendrecv 202904 202905 -2 1
Sendrecv 202923 202924 -2 3
Sendrecv 202943 202944 -2 1
Sendrecv 202962 202964 -2 3
Sendrecv 202982 202983 -2 1
Sendrecv 203002 203003 -2 3
Sendrecv 203021 203022 -2 1
Sendrecv 203040 203042 -2 3
Sendrecv 203060 203062 -2 1
Sendrecv 203080 203081 -2 3
Sendrecv 203099 203101 -2 1
Sendrecv 203119 203120 -2 3
Sendrecv 203139 203158 -2 1
Sendrecv 203179 203199 -2 3
Sendrecv 203217 203219 -2 1
Sendrecv 203235 203241 -2 3
Sendrecv 203260 203261 -2 1
Sendrecv 203278 203280 -2 3
Sendrecv 203298 203300 -2 1
Sendrecv 203317 203321 -2 3
Sendrecv 203340 203341 -2 1
Sendrecv 203358 203360 -2 3
Sendrecv 203378 203380 -2 1
Sendrecv 204671 204673 -2 3
Sendrecv 204693 204695 -2 1
Sendrecv 204713 204714 -2 3
Sendrecv 204733 204734 -2 1
Sendrecv 204751 204758 -2 3
Sendrecv 204776 204803 -2 1
Sendrecv 204822 204823 -2 3
Sendrecv 204841 204842 -2 1
Sendrecv 204861 204862 -2 3
Sendrecv 204880 204881 -2 1
Sendrecv 204899 204902 -2 3
Sendrecv 204920 204921 -2 1
Sendrecv 204941 204942 -2 3
Sendrecv 204961 204962 -2 1
Sendrecv 204980 204981 -2 3
Sendrecv 204999 205000 -2 1
Sendrecv 205018 205020 -2 3
Sendrecv 205038 205039 -2 1
Sendrecv 205057 205058 -2 3
Sendrecv 205076 205077 -2 1
Sendrecv 205095 205096 -2 3
Sendrecv 205113 205115 -2 1
Sendrecv 205133 205135 -2 3
Sendrecv 205153 205154 -2 1
Sendrecv 205171 205174 -2 3
Sendrecv 205192 205193 -2 1
Sendrecv 205213 205222 -2 3
Sendrecv 205243 205245 -2 1
Sendrecv 205262 205266 -2 3
Sendrecv 205284 205286 -2 1
Sendrecv 205303 205304 -2 3
Sendrecv 205323 205324 -2 1
Sendrecv 205342 205344 -2 3
Sendrecv 205361 205362 -2 1
Sendrecv 205379 205384 -2 3
Sendrecv 205402 205403 -2 1
Sendrecv 205420 205431 -2 3
Sendrecv 205449 205458 -2 1
Sendrecv 205476 205478 -2 3
Sendrecv 205495 205497 -2 1
Sendrecv 205515 205516 -2 3
Sendrecv 205536 205537 -2 1
Sendrecv 205555 205556 -2 3
Sendrecv 205575 205576 -2 1
Sendrecv 205595 205596 -2 3
Sendrecv 205614 205616 -2 1
Sendrecv 205634 205636 -2 3
Sendrecv 205653 205654 -2 1
Sendrecv 205672 205674 -2 3
Sendrecv 205692 205693 -2 1
Sendrecv 205710 205712 -2 3
Sendrecv 205731 205732 -2 1
Sendrecv 205751 205752 -2 3
Sendrecv 205771 205772 -2 1
Sendrecv 205792 205794 -2 3
Sendrecv 205811 205813 -2 1
Sendrecv 205831 205832 -2 3
Sendrecv 205850 205851 -2 1
Sendrecv 205870 205871 -2 3
Sendrecv 205889 205890 -2 1
Sendrecv 205908 205911 -2 3
Sendrecv 205930 205932 -2 1
Sendrecv 205948 205955 -2 3
Sendrecv 205973 205974 -2 1
Sendrecv 205991 205994 -2 3
Sendrecv 206012 206013 -2 1
Sendrecv 206030 206031 -2 3
Sendrecv 206050 206051 -2 1
Sendrecv 206069 206070 -2 3
Sendrecv 206090 206092 -2 1
Sendrecv 206109 206111 -2 3
Sendrecv 206129 206130 -2 1
Sendrecv 206148 206149 -2 3
Sendrecv 206168 206169 -2 1
Sendrecv 206186 206189 -2 3
Sendrecv 206207 206208 -2 1
Sendrecv 206227 206228 -2 3
Sendrecv 206246 206247 -2 1
Sendrecv 206265 206266 -2 3
Sendrecv 206285 206286 -2 1
Sendrecv 206303 206305 -2 3
Sendrecv 206322 206324 -2 1
Sendrecv 206342 206347 -2 3
Sendrecv 206365 206366 -2 1
Sendrecv 206385 206386 -2 3
Sendrecv 206404 206405 -2 1
Sendrecv 206423 206425 -2 3
Sendrecv 206443 206445 -2 1
Sendrecv 206462 206464 -2 3
Sendrecv 206482 206483 -2 1
Sendrecv 206500 206505 -2 3
Sendrecv 206523 206524 -2 1
Sendrecv 206542 206544 -2 3
Sendrecv 206562 206564 -2 1
Sendrecv 206581 206582 -2 3
Sendrecv 206601 206602 -2 1
Sendrecv 206619 206623 -2 3
Sendrecv 206643 206644 -2 1
Sendrecv 206663 206664 -2 3
Sendrecv 206682 206684 -2 1
Sendrecv 206702 206703 -2 3
Sendrecv 206722 206723 -2 1
Sendrecv 206741 206742 -2 3
Sendrecv 206760 206762 -2 1
Sendrecv 206780 206781 -2 3
Sendrecv 206798 206800 -2 1
Sendrecv 206819 206820 -2 3
Sendrecv 206838 206839 -2 1
Sendrecv 206857 206859 -2 3
Sendrecv 206877 206878 -2 1
Sendrecv 206895 206897 -2 3
Sendrecv 206917 206919 -2 1
Sendrecv 206937 206938 -2 3
Sendrecv 206956 206957 -2 1
Sendrecv 206975 206976 -2 3
Sendrecv 206994 206996 -2 1
Sendrecv 207013 207015 -2 3
Sendrecv 207033 207034 -2 1
Sendrecv 207052 207056 -2 3
Sendrecv 207074 207075 -2 1
Sendrecv 207092 207096 -2 3
Sendrecv 207114 207115 -2 1
Sendrecv 207134 207135 -2 3
Sendrecv 207153 207154 -2 1
Sendrecv 207172 207174 -2 3
Sendrecv 207192 207193 -2 1
Sendrecv 207213 207215 -2 3
Sendrecv 207233 207234 -2 1
Sendrecv 207253 207254 -2 3
Sendrecv 207272 207273 -2 1
Sendrecv 207291 207293 -2 3
Sendrecv 207311 207312 -2 1
Sendrecv 207329 207332 -2 3
Sendrecv 207350 207352 -2 1
Sendrecv 207370 207371 -2 3
Sendrecv 207390 207391 -2 1
Sendrecv 207408 207410 -2 3
Sendrecv 207428 207429 -2 1
Sendrecv 207448 207449 -2 3
Sendrecv 207469 207471 -2 1
Sendrecv 207489 207490 -2 3
Sendrecv 207508 207509 -2 1
Sendrecv 207527 207529 -2 3
Sendrecv 207547 207549 -2 1
Sendrecv 207566 207568 -2 3
Sendrecv 207586 207588 -2 1
Sendrecv 207605 207608 -2 3
Sendrecv 207626 207627 -2 1
Sendrecv 207644 207650 -2 3
Sendrecv 207668 207669 -2 1
Sendrecv 207686 207688 -2 3
Sendrecv 207706 207708 -2 1
Sendrecv 207726 207727 -2 3
Sendrecv 207746 207747 -2 1
Sendrecv 207764 207775 -2 3
Sendrecv 207794 207796 -2 1
Sendrecv 207813 208687 -2 3
Sendrecv 208705 208707 -2 1
Sendrecv 208724 208726 -2 3
Sendrecv 208745 208746 -2 1
Sendrecv 208763 208765 -2 3
Sendrecv 208783 208784 -2 1
Sendrecv 208803 208804 -2 3
Sendrecv 208822 208824 -2 1
Sendrecv 208842 208853 -2 3
Sendrecv 208872 208878 -2 1
Sendrecv 208899 208900 -2 3
Sendrecv 208919 208920 -2 1
Sendrecv 208938 208939 -2 3
Sendrecv 208957 208959 -2 1
Sendrecv 208977 208978 -2 3
Sendrecv 208996 208997 -2 1
Sendrecv 209015 209017 -2 3
Sendrecv 209035 209036 -2 1
Sendrecv 209054 209056 -2 3
Sendrecv 209074 209075 -2 1
Sendrecv 209093 209095 -2 3
Sendrecv 209113 209114 -2 1
Sendrecv 209132 209134 -2 3
Sendrecv 209152 209153 -2 1
Sendrecv 209171 209172 -2 3
Sendrecv 209190 209192 -2 1
Sendrecv 209210 209211 -2 3
Sendrecv 209231 209232 -2 1
Sendrecv 209250 209252 -2 3
Sendrecv 209270 209271 -2 1
Sendrecv 209290 209291 -2 3
Sendrecv 209309 209310 -2 1
Sendrecv 209329 209330 -2 3
Sendrecv 209349 209350 -2 1
Sendrecv 209368 209370 -2 3
Sendrecv 209387 209389 -2 1
Sendrecv 209407 209408 -2 3
Sendrecv 209426 209427 -2 1
Sendrecv 209445 209447 -2 3
Sendrecv 209468 209469 -2 1
Sendrecv 209486 209488 -2 3
Sendrecv 209506 209507 -2 1
Sendrecv 209525 209526 -2 3
Sendrecv 209544 209545 -2 1
Sendrecv 209563 209565 -2 3
Sendrecv 209582 209584 -2 1
Sendrecv 209602 209604 -2 3
Sendrecv 209622 209623 -2 1
Sendrecv 209642 209643 -2 3
Sendrecv 209661 209663 -2 1
Sendrecv 209682 209683 -2 3
Sendrecv 209701 209702 -2 1
Sendrecv 209720 209721 -2 3
Sendrecv 209739 209740 -2 1
Sendrecv 209758 209760 -2 3
Sendrecv 209780 209781 -2 1
Sendrecv 209799 209800 -2 3
Sendrecv 209818 209819 -2 1
Sendrecv 209838 209839 -2 3
Sendrecv 209856 209858 -2 1
Sendrecv 209875 209878 -2 3
Sendrecv 209895 209896 -2 1
Sendrecv 209913 209915 -2 3
Sendrecv 209932 209934 -2 1
Sendrecv 209951 209953 -2 3
Sendrecv 209971 209972 -2 1
Sendrecv 209990 209991 -2 3
Sendrecv 210012 210013 -2 1
Sendrecv 210032 210033 -2 3
Sendrecv 210051 210052 -2 1
Sendrecv 210070 210072 -2 3
Sendrecv 210090 210091 -2 1
Sendrecv 210109 210110 -2 3
Sendrecv 210128 210130 -2 1
Sendrecv 210148 210149 -2 3
Sendrecv 210168 210169 -2 1
Sendrecv 210186 210188 -2 3
Sendrecv 210206 210208 -2 1
Sendrecv 210226 210227 -2 3
Sendrecv 210245 210247 -2 1
Sendrecv 210264 210266 -2 3
Sendrecv 212090 212101 -2 1
Sendrecv 212119 212121 -2 3
Sendrecv 212138 213198 -2 1
Sendrecv 213221 213228 -2 3
Sendrecv 213238 213240 -2 1
Sendrecv 213249 213319 -2 3
Sendrecv 213328 213329 -2 1
Sendrecv 213338 213388 -2 3
Sendrecv 213397 213398 -2 1
Sendrecv 213407 213436 -2 3
Sendrecv 213445 213446 -2 1
Sendrecv 213455 213472 -2 3
Sendrecv 213482 213482 -2 1
Sendrecv 213491 213510 -2 3
Sendrecv 213520 213521 -2 1
Sendrecv 213530 213551 -2 3
Sendrecv 213560 213561 -2 1
Sendrecv 213570 213589 -2 3
Sendrecv 213598 213600 -2 1
Sendrecv 213609 213627 -2 3
Sendrecv 213636 213637 -2 1
Sendrecv 213646 213664 -2 3
Sendrecv 213673 213674 -2 1
Sendrecv 213683 213702 -2 3
Sendrecv 213711 213712 -2 1
Sendrecv 213721 213739 -2 3
Sendrecv 213751 213752 -2 1
Sendrecv 213761 213778 -2 3
Sendrecv 213788 213788 -2 1
Sendrecv 213798 213817 -2 3
Sendrecv 213826 213827 -2 1
Sendrecv 213836 213856 -2 3
Sendrecv 213865 213866 -2 1
Sendrecv 213875 213894 -2 3
Sendrecv 213903 213904 -2 1
Sendrecv 213912 213931 -2 3
Sendrecv 213940 213941 -2 1
Sendrecv 213950 213968 -2 3
Sendrecv 213977 213978 -2 1
Sendrecv 213987 214007 -2 3
Sendrecv 214016 214017 -2 1
Sendrecv 214026 214046 -2 3
Sendrecv 214055 214056 -2 1
Sendrecv 214065 214081 -2 3
Sendrecv 214090 214094 -2 1
Sendrecv 214103 214118 -2 3
Sendrecv 214128 214131 -2 1
Sendrecv 214140 214163 -2 3
Sendrecv 214172 214173 -2 1
Sendrecv 214182 214200 -2 3
Sendrecv 214209 214210 -2 1
Sendrecv 214219 214236 -2 3
Sendrecv 214246 214246 -2 1
Sendrecv 214255 214273 -2 3
Sendrecv 214282 214283 -2 1
Sendrecv 214294 214320 -2 3
Sendrecv 214330 214335 -2 1
Sendrecv 214345 214357 -2 3
Sendrecv 214367 214382 -2 1
Sendrecv 214391 214395 -2 3
Sendrecv 214404 214419 -2 1
Sendrecv 214428 214434 -2 3
Sendrecv 214444 214456 -2 1
Sendrecv 214465 214471 -2 3
Sendrecv 214480 214493 -2 1
Sendrecv 214502 214508 -2 3
Sendrecv 214517 214529 -2 1
Sendrecv 214538 214545 -2 3
Sendrecv 214554 214566 -2 1
Sendrecv 214575 214583 -2 3
Sendrecv 214592 214603 -2 1
Sendrecv 214612 214618 -2 3
Sendrecv 214627 214642 -2 1
Sendrecv 214651 214657 -2 3
Sendrecv 214666 214679 -2 1
Sendrecv 214688 214693 -2 3
Sendrecv 214702 214716 -2 1
Sendrecv 214725 214730 -2 3
Sendrecv 214739 214753 -2 1
Sendrecv 214762 214767 -2 3
Sendrecv 214776 214790 -2 1
Sendrecv 214799 214804 -2 3
Sendrecv 214813 214830 -2 1
Sendrecv 214841 214842 -2 3
Sendrecv 214851 214867 -2 1
Sendrecv 214876 214878 -2 3
Sendrecv 214887 214905 -2 1
Sendrecv 214914 214915 -2 3
Sendrecv 214924 214943 -2 1
Sendrecv 214953 214954 -2 3
Sendrecv 214963 214986 -2 1
Sendrecv 214995 214996 -2 3
Sendrecv 215005 215023 -2 1
Sendrecv 215033 215033 -2 3
Sendrecv 215042 215062 -2 1
Sendrecv 215071 215071 -2 3
Sendrecv 215080 215099 -2 1
Sendrecv 215108 215109 -2 3
Sendrecv 215118 215136 -2 1
Sendrecv 215145 215146 -2 3
Sendrecv 215155 215174 -2 1
Sendrecv 215183 215184 -2 3
Sendrecv 215193 215214 -2 1
Sendrecv 215223 215224 -2 3
Sendrecv 215233 215252 -2 1
Sendrecv 215261 215262 -2 3
Sendrecv 215271 215290 -2 1
Sendrecv 215299 215300 -2 3
Sendrecv 215309 215327 -2 1
Sendrecv 215336 215337 -2 3
Sendrecv 215346 215364 -2 1
Sendrecv 215373 215374 -2 3
Sendrecv 215385 215402 -2 1
Sendrecv 215412 215412 -2 3
Sendrecv 215422 215439 -2 1
Sendrecv 215448 215449 -2 3
Sendrecv 215458 215477 -2 1
Sendrecv 215486 215487 -2 3
Sendrecv 215496 215515 -2 1
Sendrecv 215524 215525 -2 3
Sendrecv 215533 215553 -2 1
Sendrecv 215562 215562 -2 3
Sendrecv 215572 215590 -2 1
Sendrecv 215599 215600 -2 3
Sendrecv 215609 215628 -2 1
Sendrecv 215637 215638 -2 3
Sendrecv 215647 215666 -2 1
Sendrecv 215675 215676 -2 3
Sendrecv 215685 215703 -2 1
Sendrecv 215712 215713 -2 3
Sendrecv 215722 215745 -2 1
Sendrecv 215754 215755 -2 3
Sendrecv 215764 215781 -2 1
Sendrecv 215790 215791 -2 3
Sendrecv 215800 215819 -2 1
Sendrecv 215828 215829 -2 3
Sendrecv 215838 215857 -2 1
Sendrecv 215866 215866 -2 3
Sendrecv 215875 215897 -2 1
Sendrecv 215906 215907 -2 3
Sendrecv 215918 215935 -2 1
Sendrecv 215944 215945 -2 3
Sendrecv 215954 215973 -2 1
Sendrecv 215982 215983 -2 3
Sendrecv 215992 216010 -2 1
Sendrecv 216020 216021 -2 3
Sendrecv 216030 216049 -2 1
Sendrecv 216058 216058 -2 3
Sendrecv 216068 216087 -2 1
Sendrecv 216096 216096 -2 3
Sendrecv 216105 216125 -2 1
Sendrecv 216134 216135 -2 3
Sendrecv 216144 216163 -2 1
Sendrecv 216172 216172 -2 3
Sendrecv 216181 216200 -2 1
Sendrecv 216209 216210 -2 3
Sendrecv 216219 216238 -2 1
Sendrecv 216247 216248 -2 3
Sendrecv 216257 216278 -2 1
Sendrecv 216287 216288 -2 3
Sendrecv 216297 216317 -2 1
Sendrecv 216326 216327 -2 3
Sendrecv 216336 216355 -2 1
Sendrecv 216364 216365 -2 3
Sendrecv 216374 216393 -2 1
Sendrecv 216402 216403 -2 3
Sendrecv 216412 216430 -2 1
Sendrecv 216440 216440 -2 3
Sendrecv 216450 216468 -2 1
Sendrecv 216480 216480 -2 3
Sendrecv 216490 216507 -2 1
Sendrecv 216516 216517 -2 3
Sendrecv 216526 216543 -2 1
Sendrecv 216553 216556 -2 3
Sendrecv 216566 216581 -2 1
Sendrecv 216590 216594 -2 3
Sendrecv 216603 216617 -2 1
Sendrecv 216627 216631 -2 3
Sendrecv 216640 216655 -2 1
Sendrecv 216664 216667 -2 3
Sendrecv 216676 216692 -2 1
Sendrecv 216701 216704 -2 3
Sendrecv 216713 216730 -2 1
Sendrecv 216739 216749 -2 3
Sendrecv 216758 216778 -2 1
Sendrecv 216788 216791 -2 3
Sendrecv 216800 216825 -2 1
Sendrecv 216835 216835 -2 3
Sendrecv 216844 216864 -2 1
Sendrecv 216873 216874 -2 3
Sendrecv 216883 216902 -2 1
Sendrecv 216911 216912 -2 3
Sendrecv 216921 216941 -2 1
Sendrecv 216950 216950 -2 3
Sendrecv 216959 216981 -2 1
Sendrecv 216990 216991 -2 3
Sendrecv 217000 217020 -2 1
Sendrecv 217031 217032 -2 3
Sendrecv 217041 217058 -2 1
Sendrecv 217067 217068 -2 3
Sendrecv 217077 217095 -2 1
Sendrecv 217104 217105 -2 3
Sendrecv 217114 217132 -2 1
Sendrecv 217141 217142 -2 3
Sendrecv 217151 217170 -2 1
Sendrecv 217179 217180 -2 3
Sendrecv 217189 217209 -2 1
Sendrecv 217218 217219 -2 3
Sendrecv 217228 217247 -2 1
Sendrecv 217256 217257 -2 3
Sendrecv 217266 217285 -2 1
Sendrecv 217294 217296 -2 3
Sendrecv 217305 217324 -2 1
Sendrecv 217333 217334 -2 3
Sendrecv 217343 217362 -2 1
Sendrecv 217380 217501 -2 3
Sendrecv 217526 217528 -2 1
Sendrecv 217545 217547 -2 3
Sendrecv 217565 217570 -2 1
Sendrecv 217588 217589 -2 3
Sendrecv 217607 217609 -2 1
Sendrecv 217626 217628 -2 3
Sendrecv 217645 217646 -2 1
Sendrecv 217664 217666 -2 3
Sendrecv 217683 217685 -2 1
Sendrecv 217706 217707 -2 3
Sendrecv 217725 217726 -2 1
Sendrecv 217744 217745 -2 3
Sendrecv 217763 217764 -2 1
Sendrecv 217782 217784 -2 3
Sendrecv 217802 217803 -2 1
Sendrecv 217821 217938 -2 3
Sendrecv 217968 218023 -2 1
Sendrecv 218071 218075 -2 3
Sendrecv 218096 218097 -2 1
Sendrecv 218114 219348 -2 3
Sendrecv 219369 219371 -2 1
Sendrecv 219380 219381 -2 3
Sendrecv 219393 219417 -2 1
Sendrecv 219439 219441 -2 3
Sendrecv 219459 219463 -2 1
Sendrecv 219481 219483 -2 3
Sendrecv 219500 219502 -2 1
Sendrecv 219520 219521 -2 3
Sendrecv 219539 219541 -2 1
Sendrecv 219558 219560 -2 3
Sendrecv 219577 219579 -2 1
Sendrecv 219596 219598 -2 3
Sendrecv 219615 219617 -2 1
Sendrecv 219634 219636 -2 3
Sendrecv 219653 219655 -2 1
Sendrecv 219672 219674 -2 3
Sendrecv 219691 219693 -2 1
Sendrecv 219712 219714 -2 3
Sendrecv 219732 219733 -2 1
Sendrecv 219750 219752 -2 3
Sendrecv 219769 219770 -2 1
Sendrecv 219788 219789 -2 3
Sendrecv 219807 219809 -2 1
Sendrecv 219828 219830 -2 3
Sendrecv 219847 219848 -2 1
Sendrecv 219865 219867 -2 3
Sendrecv 219884 219896 -2 1
Sendrecv 219916 219917 -2 3
Sendrecv 219934 219936 -2 1
Sendrecv 219954 219955 -2 3
Sendrecv 219972 219974 -2 1
Sendrecv 219991 219993 -2 3
Sendrecv 220011 220014 -2 1
Sendrecv 220031 220032 -2 3
Sendrecv 220049 220054 -2 1
Sendrecv 220071 220072 -2 3
Sendrecv 220090 220092 -2 1
Sendrecv 220110 220111 -2 3
Sendrecv 220129 220130 -2 1
Sendrecv 220147 220149 -2 3
Sendrecv 220166 220167 -2 1
Sendrecv 220185 220187 -2 3
Sendrecv 220205 220206 -2 1
Sendrecv 220223 220225 -2 3
Sendrecv 220243 220246 -2 1
Sendrecv 220264 220265 -2 3
Sendrecv 220284 220287 -2 1
Sendrecv 220304 220305 -2 3
Sendrecv 220322 220323 -2 1
Sendrecv 220341 220342 -2 3
Sendrecv 220360 220361 -2 1
Sendrecv 220378 220380 -2 3
Sendrecv 220397 220399 -2 1
Sendrecv 220416 220417 -2 3
Sendrecv 220435 220436 -2 1
Sendrecv 220453 220454 -2 3
Sendrecv 220472 220474 -2 1
Sendrecv 220490 220492 -2 3
Sendrecv 220509 220511 -2 1
Sendrecv 220528 220530 -2 3
Sendrecv 220548 220549 -2 1
Sendrecv 220566 220567 -2 3
Sendrecv 220585 220588 -2 1
Sendrecv 220606 220607 -2 3
Sendrecv 220624 220626 -2 1
Sendrecv 220643 220651 -2 3
Sendrecv 220669 220670 -2 1
Sendrecv 220686 220687 -2 3
Sendrecv 220705 220707 -2 1
Sendrecv 220725 220727 -2 3
Sendrecv 220744 220746 -2 1
Sendrecv 220763 220764 -2 3
Sendrecv 220781 220783 -2 1
Sendrecv 220800 220801 -2 3
Sendrecv 220820 220822 -2 1
Sendrecv 220839 220845 -2 3
Sendrecv 220862 220872 -2 1
Sendrecv 220900 220901 -2 3
Sendrecv 220919 220921 -2 1
Sendrecv 220939 220941 -2 3
Sendrecv 220960 220962 -2 1
Sendrecv 220979 220980 -2 3
Sendrecv 220998 220999 -2 1
Sendrecv 221016 221018 -2 3
Sendrecv 221035 221037 -2 1
Sendrecv 221053 221055 -2 3
Sendrecv 221072 221074 -2 1
Sendrecv 221091 221092 -2 3
Sendrecv 221110 221112 -2 1
Sendrecv 221129 221130 -2 3
Sendrecv 221148 221151 -2 1
Sendrecv 221168 221169 -2 3
Sendrecv 221186 221189 -2 1
Sendrecv 221206 221207 -2 3
Sendrecv 221224 221226 -2 1
Sendrecv 221243 221244 -2 3
Sendrecv 221261 221263 -2 1
Sendrecv 221280 221281 -2 3
Sendrecv 221298 221300 -2 1
Sendrecv 221317 221318 -2 3
Sendrecv 221336 221337 -2 1
Sendrecv 221354 221355 -2 3
Sendrecv 221375 221377 -2 1
Sendrecv 221394 221395 -2 3
Sendrecv 221412 221414 -2 1
Sendrecv 221430 221432 -2 3
Sendrecv 221449 221452 -2 1
Sendrecv 221469 221470 -2 3
Sendrecv 221487 221489 -2 1
Sendrecv 221506 221507 -2 3
Sendrecv 221524 221526 -2 1
Sendrecv 221544 221545 -2 3
Sendrecv 221562 221563 -2 1
Sendrecv 221580 221582 -2 3
Sendrecv 221599 221601 -2 1
Sendrecv 221618 221619 -2 3
Sendrecv 221636 221638 -2 1
Sendrecv 221655 221657 -2 3
Sendrecv 221674 221678 -2 1
Sendrecv 223398 223401 -2 3
Sendrecv 223430 223434 -2 1
Sendrecv 223460 223462 -2 3
Sendrecv 223480 223483 -2 1
Sendrecv 223501 223502 -2 3
Sendrecv 223519 223521 -2 1
Sendrecv 223539 223540 -2 3
Sendrecv 223558 223559 -2 1
Sendrecv 223577 223578 -2 3
Sendrecv 223595 223596 -2 1
Sendrecv 223614 223615 -2 3
Sendrecv 223632 223634 -2 1
Sendrecv 223652 223653 -2 3
Sendrecv 223670 223671 -2 1
Sendrecv 223688 223689 -2 3
Sendrecv 223706 223708 -2 1
Sendrecv 223725 223726 -2 3
Sendrecv 223743 223744 -2 1
Sendrecv 223761 223763 -2 3
Sendrecv 223780 223781 -2 1
Sendrecv 223798 223799 -2 3
Sendrecv 223816 223817 -2 1
Sendrecv 223834 223836 -2 3
Sendrecv 223853 223854 -2 1
Sendrecv 223871 223873 -2 3
Sendrecv 223900 223902 -2 1
Sendrecv 223923 223924 -2 3
Sendrecv 223941 223942 -2 1
Sendrecv 223959 223961 -2 3
Sendrecv 223977 223978 -2 1
Sendrecv 223998 223999 -2 3
Sendrecv 224016 224017 -2 1
Sendrecv 224034 224035 -2 3
Sendrecv 224052 224053 -2 1
Sendrecv 224070 224071 -2 3
Sendrecv 224087 224089 -2 1
Sendrecv 224106 224107 -2 3
Sendrecv 224123 224125 -2 1
Sendrecv 224142 224143 -2 3
Sendrecv 224159 224160 -2 1
Sendrecv 224177 224178 -2 3
Sendrecv 224194 224196 -2 1
Sendrecv 224213 224214 -2 3
Sendrecv 224230 224231 -2 1
Sendrecv 224248 224250 -2 3
Sendrecv 224265 224267 -2 1
Sendrecv 224283 224285 -2 3
Sendrecv 224301 224303 -2 1
Sendrecv 224319 224321 -2 3
Sendrecv 224337 224339 -2 1
Sendrecv 224355 224356 -2 3
Sendrecv 224373 224374 -2 1
Sendrecv 224390 224394 -2 3
Sendrecv 224411 224412 -2 1
Sendrecv 224428 224431 -2 3
Sendrecv 224448 224449 -2 1
Sendrecv 224465 224469 -2 3
Sendrecv 224486 224488 -2 1
Sendrecv 224506 224509 -2 3
Sendrecv 224525 224526 -2 1
Sendrecv 224542 224545 -2 3
Sendrecv 224562 224563 -2 1
Sendrecv 224579 224583 -2 3
Sendrecv 224600 224601 -2 1
Sendrecv 224617 224620 -2 3
Sendrecv 224637 224638 -2 1
Sendrecv 224654 224658 -2 3
Sendrecv 224675 224676 -2 1
Sendrecv 224692 224695 -2 3
Sendrecv 224712 224713 -2 1
Sendrecv 224729 224732 -2 3
Sendrecv 224749 224751 -2 1
Sendrecv 224766 224770 -2 3
Sendrecv 224786 224788 -2 1
Sendrecv 224804 224807 -2 3
Sendrecv 224823 224824 -2 1
Sendrecv 224840 224848 -2 3
Sendrecv 224865 224866 -2 1
Sendrecv 224882 224883 -2 3
Sendrecv 224910 224912 -2 1
Sendrecv 224927 224929 -2 3
Sendrecv 224945 224947 -2 1
Sendrecv 224962 224964 -2 3
Sendrecv 224980 224981 -2 1
Sendrecv 224999 225001 -2 3
Sendrecv 225017 225018 -2 1
Sendrecv 225036 225042 -2 3
Sendrecv 225059 225060 -2 1
Sendrecv 225075 225077 -2 3
Sendrecv 225094 225095 -2 1
Sendrecv 225111 225114 -2 3
Sendrecv 225131 225132 -2 1
Sendrecv 225147 225151 -2 3
Sendrecv 225168 225169 -2 1
Sendrecv 225184 225188 -2 3
Sendrecv 225204 225205 -2 1
Sendrecv 225220 225225 -2 3
Sendrecv 225242 225243 -2 1
Sendrecv 225259 225262 -2 3
Sendrecv 225278 225280 -2 1
Sendrecv 225295 225298 -2 3
Sendrecv 225314 225316 -2 1
Sendrecv 225331 225335 -2 3
Sendrecv 225351 225353 -2 1
Sendrecv 225368 225372 -2 3
Sendrecv 225388 225389 -2 1
Sendrecv 225405 225409 -2 3
Sendrecv 225425 225426 -2 1
Sendrecv 225442 225446 -2 3
Sendrecv 225462 225463 -2 1
Sendrecv 225479 225482 -2 3
Sendrecv 225498 225500 -2 1
Sendrecv 225515 225519 -2 3
Sendrecv 225535 225537 -2 1
Sendrecv 225555 225556 -2 3
Sendrecv 225572 225574 -2 1
Sendrecv 225589 225595 -2 3
Sendrecv 225612 225613 -2 1
Sendrecv 225629 225631 -2 3
Sendrecv 225648 225649 -2 1
Sendrecv 225665 225669 -2 3
Sendrecv 225686 225687 -2 1
Sendrecv 225702 225706 -2 3
Sendrecv 225722 225724 -2 1
Sendrecv 225739 225745 -2 3
Sendrecv 225761 225763 -2 1
Sendrecv 225778 225780 -2 3
Sendrecv 225796 225797 -2 1
Sendrecv 225813 225816 -2 3
Sendrecv 225833 225834 -2 1
Sendrecv 225849 225853 -2 3
Sendrecv 225869 225871 -2 1
Sendrecv 225895 225897 -2 3
Sendrecv 225914 225916 -2 1
Sendrecv 225931 225936 -2 3
Sendrecv 225952 225953 -2 1
Sendrecv 225969 225972 -2 3
Sendrecv 225988 225990 -2 1
Sendrecv 226005 226009 -2 3
Sendrecv 226025 226026 -2 1
Sendrecv 226042 226045 -2 3
Sendrecv 226063 226065 -2 1
Sendrecv 226080 226082 -2 3
Sendrecv 226101 226102 -2 1
Sendrecv 226117 226122 -2 3
Sendrecv 226138 226140 -2 1
Sendrecv 226155 226158 -2 3
Sendrecv 226174 226176 -2 1
Sendrecv 226191 226196 -2 3
Sendrecv 226212 226213 -2 1
Sendrecv 226228 226232 -2 3
Sendrecv 226247 226249 -2 1
Sendrecv 226264 226271 -2 3
Sendrecv 226287 226288 -2 1
Sendrecv 226303 226305 -2 3
Sendrecv 226321 226322 -2 1
Sendrecv 226337 226342 -2 3
Sendrecv 226358 226359 -2 1
Sendrecv 226374 226379 -2 3
Sendrecv 226394 226396 -2 1
Sendrecv 226411 226416 -2 3
Sendrecv 226432 226433 -2 1
Sendrecv 226448 226452 -2 3
Sendrecv 226467 226469 -2 1
Sendrecv 226483 226489 -2 3
Sendrecv 226505 226506 -2 1
Sendrecv 226521 226526 -2 3
Sendrecv 226542 226544 -2 1
Sendrecv 226559 226562 -2 3
Sendrecv 226578 226579 -2 1
Sendrecv 226596 226599 -2 3
Sendrecv 226616 226617 -2 1
Sendrecv 226631 226639 -2 3
Sendrecv 226655 226656 -2 1
Sendrecv 226671 226675 -2 3
Sendrecv 226691 226692 -2 1
Sendrecv 226707 226712 -2 3
Sendrecv 226728 226729 -2 1
Sendrecv 226744 226748 -2 3
Sendrecv 226764 226765 -2 1
Sendrecv 226780 226785 -2 3
Sendrecv 226801 226802 -2 1
Sendrecv 226817 226821 -2 3
Sendrecv 226837 226838 -2 1
Sendrecv 226853 226857 -2 3
Sendrecv 226873 226874 -2 1
Sendrecv 226899 226902 -2 3
Sendrecv 226918 226919 -2 1
Sendrecv 226933 226935 -2 3
Sendrecv 226951 226952 -2 1
Sendrecv 226967 226975 -2 3
Sendrecv 226991 226992 -2 1
Sendrecv 227007 227011 -2 3
Sendrecv 227026 227027 -2 1
Sendrecv 227042 227048 -2 3
Sendrecv 227063 227065 -2 1
Sendrecv 227079 227085 -2 3
Sendrecv 227101 227102 -2 1
Sendrecv 227121 227122 -2 3
Sendrecv 227137 227138 -2 1
Sendrecv 227153 227161 -2 3
Sendrecv 227176 227177 -2 1
Sendrecv 227192 227197 -2 3
Sendrecv 227213 227214 -2 1
Sendrecv 227229 227233 -2 3
Sendrecv 227249 227251 -2 1
Sendrecv 227265 227270 -2 3
Sendrecv 227285 227287 -2 1
Sendrecv 227301 227306 -2 3
Sendrecv 227321 227323 -2 1
Sendrecv 227338 227343 -2 3
Sendrecv 227358 227359 -2 1
Sendrecv 227374 227380 -2 3
Sendrecv 227395 227396 -2 1
Sendrecv 227411 227416 -2 3
Sendrecv 227431 227433 -2 1
Sendrecv 227447 227453 -2 3
Sendrecv 227469 227470 -2 1
Sendrecv 227484 227489 -2 3
Sendrecv 227504 227506 -2 1
Sendrecv 227520 227526 -2 3
Sendrecv 227541 227543 -2 1
Sendrecv 227557 227562 -2 3
Sendrecv 227577 227578 -2 1
Sendrecv 227592 227598 -2 3
Sendrecv 227614 227616 -2 1
Sendrecv 227632 227635 -2 3
Sendrecv 227650 227652 -2 1
Sendrecv 227666 227673 -2 3
Sendrecv 227688 227689 -2 1
Sendrecv 227703 227711 -2 3
Sendrecv 227727 227728 -2 1
Sendrecv 227743 227748 -2 3
Sendrecv 227763 227765 -2 1
Sendrecv 227779 227785 -2 3
Sendrecv 227800 227801 -2 1
Sendrecv 227815 227821 -2 3
Sendrecv 227836 227838 -2 1
Sendrecv 227852 227860 -2 3
Sendrecv 227875 227876 -2 1
Sendrecv 227900 227903 -2 3
Sendrecv 227918 227919 -2 1
Sendrecv 227933 227938 -2 3
Sendrecv 227953 227954 -2 1
Sendrecv 227968 227975 -2 3
Sendrecv 227990 227991 -2 1
Sendrecv 228005 228014 -2 3
Sendrecv 228030 228031 -2 1
Sendrecv 228045 228050 -2 3
Sendrecv 228065 228066 -2 1
Sendrecv 228080 228087 -2 3
Sendrecv 228102 228104 -2 1
Sendrecv 228117 228123 -2 3
Sendrecv 228138 228140 -2 1
Sendrecv 228156 228161 -2 3
Sendrecv 228179 228180 -2 1
Sendrecv 228194 228197 -2 3
Sendrecv 228213 228214 -2 1
Sendrecv 228228 228237 -2 3
Sendrecv 228253 228254 -2 1
Sendrecv 228268 228273 -2 3
Sendrecv 228288 228290 -2 1
Sendrecv 228303 228310 -2 3
Sendrecv 228325 228326 -2 1
Sendrecv 228340 228346 -2 3
Sendrecv 228361 228363 -2 1
Sendrecv 228376 228385 -2 3
Sendrecv 228400 228401 -2 1
Sendrecv 228415 228419 -2 3
Sendrecv 228433 228435 -2 1
Sendrecv 228448 228457 -2 3
Sendrecv 228472 228473 -2 1
Sendrecv 228487 228494 -2 3
Sendrecv 228509 228510 -2 1
Sendrecv 228523 228530 -2 3
Sendrecv 228545 228546 -2 1
Sendrecv 228560 228566 -2 3
Sendrecv 228581 228583 -2 1
Sendrecv 228596 228603 -2 3
Sendrecv 228618 228619 -2 1
Sendrecv 228632 228639 -2 3
Sendrecv 228657 228658 -2 1
Sendrecv 228672 228675 -2 3
Sendrecv 228689 228691 -2 1
Sendrecv 228704 228711 -2 3
Sendrecv 228726 228727 -2 1
Sendrecv 228741 228749 -2 3
Sendrecv 228765 228766 -2 1
Sendrecv 228780 228785 -2 3
Sendrecv 228799 228801 -2 1
Sendrecv 228814 228821 -2 3
Sendrecv 228836 228837 -2 1
Sendrecv 228851 228857 -2 3
Sendrecv 228872 228873 -2 1
Sendrecv 228916 228918 -2 3
Sendrecv 228934 228935 -2 1
Sendrecv 228950 228952 -2 3
Sendrecv 228965 228967 -2 1
Sendrecv 228980 228982 -2 3
Sendrecv 228996 228998 -2 1
Sendrecv 229011 229016 -2 3
Sendrecv 229031 229033 -2 1
Sendrecv 229046 229053 -2 3
Sendrecv 229068 229069 -2 1
Sendrecv 229083 229090 -2 3
Sendrecv 229106 229107 -2 1
Sendrecv 229120 229126 -2 3
Sendrecv 229140 229142 -2 1
Sendrecv 229155 229162 -2 3
Sendrecv 229179 229181 -2 1
Sendrecv 229194 229197 -2 3
Sendrecv 229212 229213 -2 1
Sendrecv 229229 229234 -2 3
Sendrecv 229248 229250 -2 1
Sendrecv 229263 229272 -2 3
Sendrecv 229286 229287 -2 1
Sendrecv 229301 229307 -2 3
Sendrecv 229322 229323 -2 1
Sendrecv 229337 229342 -2 3
Sendrecv 229356 229358 -2 1
Sendrecv 229371 229377 -2 3
Sendrecv 229393 229394 -2 1
Sendrecv 229407 229413 -2 3
Sendrecv 229428 229429 -2 1
Sendrecv 229443 229448 -2 3
Sendrecv 229462 229464 -2 1
Sendrecv 229477 229484 -2 3
Sendrecv 229499 229500 -2 1
Sendrecv 229514 229519 -2 3
Sendrecv 229533 229535 -2 1
Sendrecv 229548 229554 -2 3
Sendrecv 229568 229570 -2 1
Sendrecv 229583 229589 -2 3
Sendrecv 229604 229606 -2 1
Sendrecv 229619 229625 -2 3
Sendrecv 229640 229641 -2 1
Sendrecv 229655 229660 -2 3
Sendrecv 229677 229679 -2 1
Sendrecv 229692 229695 -2 3
Sendrecv 229710 229711 -2 1
Sendrecv 229725 229731 -2 3
Sendrecv 229747 229748 -2 1
Sendrecv 229762 229769 -2 3
Sendrecv 229784 229785 -2 1
Sendrecv 229798 229804 -2 3
Sendrecv 229819 229821 -2 1
Sendrecv 229834 229839 -2 3
Sendrecv 229853 229855 -2 1
Sendrecv 229868 229874 -2 3
Sendrecv 229899 229901 -2 1
Sendrecv 229915 229917 -2 3
Sendrecv 229933 229935 -2 1
Sendrecv 229953 229954 -2 3
Sendrecv 229971 229972 -2 1
Sendrecv 229989 231774 -2 3
Sendrecv 231794 231908 -2 1
Sendrecv 231918 231920 -2 3
Sendrecv 231928 231947 -2 1
Sendrecv 231954 231955 -2 3
Sendrecv 231962 231982 -2 1
Sendrecv 231989 231990 -2 3
Sendrecv 231997 232021 -2 1
Sendrecv 232028 232029 -2 3
Sendrecv 232036 232058 -2 1
Sendrecv 232067 232068 -2 3
Sendrecv 232075 232094 -2 1
Sendrecv 232101 232102 -2 3
Sendrecv 232109 232131 -2 1
Sendrecv 232138 232139 -2 3
Sendrecv 232146 232169 -2 1
Sendrecv 232176 232177 -2 3
Sendrecv 232184 232205 -2 1
Sendrecv 232212 232213 -2 3
Sendrecv 232219 232241 -2 1
Sendrecv 232248 232248 -2 3
Sendrecv 232255 232276 -2 1
Sendrecv 232283 232284 -2 3
Sendrecv 232290 232311 -2 1
Sendrecv 232318 232318 -2 3
Sendrecv 232325 232345 -2 1
Sendrecv 232352 232352 -2 3
Sendrecv 232360 232379 -2 1
Sendrecv 232387 232387 -2 3
Sendrecv 232394 232414 -2 1
Sendrecv 232421 232421 -2 3
Sendrecv 232428 232448 -2 1
Sendrecv 232455 232456 -2 3
Sendrecv 232463 232483 -2 1
Sendrecv 232490 232491 -2 3
Sendrecv 232498 232518 -2 1
Sendrecv 232525 232526 -2 3
Sendrecv 232535 232552 -2 1
Sendrecv 232559 232559 -2 3
Sendrecv 232566 232588 -2 1
Sendrecv 232595 232596 -2 3
Sendrecv 232603 232623 -2 1
Sendrecv 232630 232630 -2 3
Sendrecv 232638 232661 -2 1
Sendrecv 232668 232668 -2 3
Sendrecv 232675 232694 -2 1
Sendrecv 232701 232702 -2 3
Sendrecv 232709 232729 -2 1
Sendrecv 232736 232737 -2 3
Sendrecv 232744 232764 -2 1
Sendrecv 232771 232772 -2 3
Sendrecv 232779 232798 -2 1
Sendrecv 232805 232806 -2 3
Sendrecv 232813 232832 -2 1
Sendrecv 232839 232840 -2 3
Sendrecv 232847 232866 -2 1
Sendrecv 232873 232873 -2 3
Sendrecv 232880 233028 -2 1
Sendrecv 233057 233059 -2 3
Sendrecv 233072 233074 -2 1
Sendrecv 233086 233113 -2 3
Sendrecv 233126 233127 -2 1
Sendrecv 233138 233162 -2 3
Sendrecv 233177 233179 -2 1
Sendrecv 233215 233218 -2 3
Sendrecv 233234 233235 -2 1
Sendrecv 233247 233251 -2 3
Sendrecv 233262 233272 -2 1
Sendrecv 233285 233287 -2 3
Sendrecv 233301 233305 -2 1
Sendrecv 233320 233322 -2 3
Sendrecv 233335 233344 -2 1
Sendrecv 233357 233360 -2 3
Sendrecv 233372 233376 -2 1
Sendrecv 233389 233396 -2 3
Sendrecv 233408 233410 -2 1
Sendrecv 233426 233430 -2 3
Sendrecv 233444 233445 -2 1
Sendrecv 233457 233465 -2 3
Sendrecv 233481 233483 -2 1
Sendrecv 233496 233499 -2 3
Sendrecv 233512 233516 -2 1
Sendrecv 233534 233537 -2 3
Sendrecv 233553 233555 -2 1
Sendrecv 233566 233707 -2 3
Sendrecv 233734 233736 -2 1
Sendrecv 233750 233753 -2 3
Sendrecv 233954 233958 -2 1
Sendrecv 233974 233976 -2 3
Sendrecv 234176 234179 -2 1
Sendrecv 234194 234514 -2 3
Sendrecv 234546 234549 -2 1
Sendrecv 234578 234620 -2 3
Sendrecv 234640 234894 -2 1
Sendrecv 234922 234924 -2 3
Sendrecv 234939 234941 -2 1
Sendrecv 234956 234983 -2 3
Sendrecv 234998 235000 -2 1
Sendrecv 235014 235019 -2 3
Sendrecv 235034 235035 -2 1
Sendrecv 235050 235051 -2 3
Sendrecv 235065 235068 -2 1
Sendrecv 235082 235084 -2 3
Sendrecv 235098 235099 -2 1
Sendrecv 235114 235115 -2 3
Sendrecv 235130 235131 -2 1
Sendrecv 235145 235149 -2 3
Sendrecv 235163 235164 -2 1
Sendrecv 235179 235180 -2 3
Sendrecv 235194 235196 -2 1
Sendrecv 235210 235214 -2 3
Sendrecv 235229 235230 -2 1
Sendrecv 235245 235246 -2 3
Sendrecv 235261 235262 -2 1
Sendrecv 235277 235278 -2 3
Sendrecv 235292 235294 -2 1
Sendrecv 235308 235311 -2 3
Sendrecv 235325 235327 -2 1
Sendrecv 235341 235343 -2 3
Sendrecv 235357 235359 -2 1
Sendrecv 235373 235374 -2 3
Sendrecv 235391 235392 -2 1
Sendrecv 235407 235408 -2 3
Sendrecv 235422 235424 -2 1
Sendrecv 235438 235440 -2 3
Sendrecv 235454 235461 -2 1
Sendrecv 235476 235535 -2 3
Sendrecv 235549 235550 -2 1
Sendrecv 235564 235656 -2 3
Sendrecv 235671 235672 -2 1
Sendrecv 235686 235700 -2 3
Sendrecv 235714 235715 -2 1
Sendrecv 235729 235735 -2 3
Sendrecv 235750 235751 -2 1
Sendrecv 235765 235771 -2 3
Sendrecv 235785 235788 -2 1
Sendrecv 235803 235823 -2 3
Sendrecv 235838 235844 -2 1
Sendrecv 235859 235866 -2 3
Sendrecv 235883 235896 -2 1
Sendrecv 235911 235912 -2 3
Sendrecv 235927 235935 -2 1
Sendrecv 235950 236023 -2 3
Sendrecv 236038 236040 -2 1
Sendrecv 236053 236055 -2 3
Sendrecv 236069 236074 -2 1
Sendrecv 236089 236126 -2 3
Sendrecv 236141 236142 -2 1
Sendrecv 236156 236161 -2 3
Sendrecv 236178 236179 -2 1
Sendrecv 236193 236194 -2 3
Sendrecv 236209 236210 -2 1
Sendrecv 236224 236226 -2 3
Sendrecv 236240 236241 -2 1
Sendrecv 236255 236259 -2 3
Sendrecv 236274 236275 -2 1
Sendrecv 236289 236292 -2 3
Sendrecv 236306 236308 -2 1
Sendrecv 236322 236360 -2 3
Sendrecv 236375 236376 -2 1
Sendrecv 236390 236392 -2 3
Sendrecv 236406 236408 -2 1
Sendrecv 236422 236423 -2 3
Sendrecv 236438 236439 -2 1
Sendrecv 236453 236457 -2 3
Sendrecv 236472 236490 -2 1
Sendrecv 236506 236507 -2 3
Sendrecv 236523 236525 -2 1
Sendrecv 236539 236540 -2 3
Sendrecv 236554 236558 -2 1
Sendrecv 236572 236574 -2 3
Sendrecv 236589 236590 -2 1
Sendrecv 236604 236607 -2 3
Sendrecv 236621 236623 -2 1
Sendrecv 236637 236639 -2 3
Sendrecv 236653 236655 -2 1
Sendrecv 236671 236673 -2 3
Sendrecv 236690 236691 -2 1
Sendrecv 236706 236707 -2 3
Sendrecv 240823 240834 -2 1
Sendrecv 240856 240858 -2 3
Sendrecv 240874 243124 -2 1
Sendrecv 243142 243144 -2 3
Sendrecv 243157 243160 -2 1
Sendrecv 243178 243183 -2 3
Sendrecv 243197 243198 -2 1
Sendrecv 243213 243231 -2 3
Sendrecv 243245 243246 -2 1
Sendrecv 243260 243273 -2 3
Sendrecv 243288 243289 -2 1
Sendrecv 243302 243304 -2 3
Sendrecv 243321 243322 -2 1
Sendrecv 243336 243337 -2 3
Sendrecv 243352 243353 -2 1
Sendrecv 243367 243369 -2 3
Sendrecv 243382 243384 -2 1
Sendrecv 243398 243399 -2 3
Sendrecv 243414 243415 -2 1
Sendrecv 243429 243431 -2 3
Sendrecv 243445 243446 -2 1
Sendrecv 243461 243462 -2 3
Sendrecv 243476 243478 -2 1
Sendrecv 243492 243493 -2 3
Sendrecv 243507 243509 -2 1
Sendrecv 243523 243524 -2 3
Sendrecv 243538 243540 -2 1
Sendrecv 243554 243555 -2 3
Sendrecv 243570 243571 -2 1
Sendrecv 243585 243586 -2 3
Sendrecv 243603 243604 -2 1
Sendrecv 243618 243620 -2 3
Sendrecv 243634 243635 -2 1
Sendrecv 243649 243651 -2 3
Sendrecv 243665 243666 -2 1
Sendrecv 243680 243682 -2 3
Sendrecv 243696 243697 -2 1
Sendrecv 243711 243712 -2 3
Sendrecv 243727 243728 -2 1
Sendrecv 243742 243743 -2 3
Sendrecv 243760 243761 -2 1
Sendrecv 243775 243777 -2 3
Sendrecv 243791 243792 -2 1
Sendrecv 243806 243807 -2 3
Sendrecv 243822 243823 -2 1
Sendrecv 243837 243839 -2 3
Sendrecv 243859 243861 -2 1
Sendrecv 243875 243876 -2 3
Sendrecv 243891 243892 -2 1
Sendrecv 243906 243907 -2 3
Sendrecv 243922 243923 -2 1
Sendrecv 243937 243938 -2 3
Sendrecv 243953 243954 -2 1
Sendrecv 243968 243969 -2 3
Sendrecv 243984 243985 -2 1
Sendrecv 243999 244001 -2 3
Sendrecv 244015 244017 -2 1
Sendrecv 244031 244032 -2 3
Sendrecv 244049 244050 -2 1
Sendrecv 244064 244066 -2 3
Sendrecv 244080 244081 -2 1
Sendrecv 244095 244097 -2 3
Sendrecv 244111 244112 -2 1
Sendrecv 244127 244128 -2 3
Sendrecv 244142 244144 -2 1
Sendrecv 244158 244159 -2 3
Sendrecv 244173 244175 -2 1
Sendrecv 244189 244190 -2 3
Sendrecv 244204 244206 -2 1
Sendrecv 244222 244224 -2 3
Sendrecv 244238 244239 -2 1
Sendrecv 244254 244255 -2 3
Sendrecv 244269 244271 -2 1
Sendrecv 244285 244287 -2 3
Sendrecv 244301 244303 -2 1
Sendrecv 244316 244318 -2 3
Sendrecv 244332 244334 -2 1
Sendrecv 244348 244349 -2 3
Sendrecv 244363 244365 -2 1
Sendrecv 244379 244380 -2 3
Sendrecv 244394 244396 -2 1
Sendrecv 244410 244411 -2 3
Sendrecv 244425 244427 -2 1
Sendrecv 244440 244442 -2 3
Sendrecv 244456 244458 -2 1
Sendrecv 244472 244473 -2 3
Sendrecv 244489 244491 -2 1
Sendrecv 244505 244507 -2 3
Sendrecv 244521 244522 -2 1
Sendrecv 244536 244537 -2 3
Sendrecv 244552 244553 -2 1
Sendrecv 244567 244569 -2 3
Sendrecv 244583 244584 -2 1
Sendrecv 244598 244600 -2 3
Sendrecv 244614 244615 -2 1
Sendrecv 244629 244631 -2 3
Sendrecv 244645 244646 -2 1
Sendrecv 244662 244664 -2 3
Sendrecv 244678 244680 -2 1
Sendrecv 244694 244695 -2 3
Sendrecv 244709 244711 -2 1
Sendrecv 244725 244726 -2 3
Sendrecv 244741 244742 -2 1
Sendrecv 244756 244757 -2 3
Sendrecv 244772 244773 -2 1
Sendrecv 244787 244788 -2 3
Sendrecv 244803 244804 -2 1
Sendrecv 244818 244819 -2 3
Sendrecv 244833 244835 -2 1
Sendrecv 244855 244856 -2 3
Sendrecv 244871 244872 -2 1
Sendrecv 244887 244888 -2 3
Sendrecv 244902 244904 -2 1
Sendrecv 244918 244919 -2 3
Sendrecv 244935 244937 -2 1
Sendrecv 244951 244952 -2 3
Sendrecv 244966 244968 -2 1
Sendrecv 244982 244983 -2 3
Sendrecv 244997 244999 -2 1
Sendrecv 245013 245014 -2 3
Sendrecv 245028 245029 -2 1
Sendrecv 245043 245045 -2 3
Sendrecv 245059 245060 -2 1
Sendrecv 245074 245076 -2 3
Sendrecv 245090 245091 -2 1
Sendrecv 245108 245109 -2 3
Sendrecv 245124 245125 -2 1
Sendrecv 245139 245140 -2 3
Sendrecv 245155 245156 -2 1
Sendrecv 245170 245171 -2 3
Sendrecv 245186 245187 -2 1
Sendrecv 245201 245202 -2 3
Sendrecv 245216 245218 -2 1
Sendrecv 245232 245233 -2 3
Sendrecv 245247 245249 -2 1
Sendrecv 245263 245264 -2 3
Sendrecv 245278 245280 -2 1
Sendrecv 245294 245295 -2 3
Sendrecv 245309 245310 -2 1
Sendrecv 245324 245326 -2 3
Sendrecv 245340 245341 -2 1
Sendrecv 245357 245358 -2 3
Sendrecv 245373 245374 -2 1
Sendrecv 245388 245389 -2 3
Sendrecv 245404 245406 -2 1
Sendrecv 245420 245421 -2 3
Sendrecv 245436 245437 -2 1
Sendrecv 245451 245452 -2 3
Sendrecv 245467 245468 -2 1
Sendrecv 245482 245484 -2 3
Sendrecv 245498 245499 -2 1
Sendrecv 245513 245515 -2 3
Sendrecv 245529 245531 -2 1
Sendrecv 245545 245546 -2 3
Sendrecv 245563 245564 -2 1
Sendrecv 245579 245580 -2 3
Sendrecv 245594 245596 -2 1
Sendrecv 245610 245611 -2 3
Sendrecv 245626 245627 -2 1
Sendrecv 245641 245642 -2 3
Sendrecv 245656 245658 -2 1
Sendrecv 245671 245673 -2 3
Sendrecv 245687 245689 -2 1
Sendrecv 245703 245704 -2 3
Sendrecv 245719 245720 -2 1
Sendrecv 245734 245735 -2 3
Sendrecv 245750 245751 -2 1
Sendrecv 245765 245766 -2 3
Sendrecv 245781 245782 -2 1
Sendrecv 245799 245800 -2 3
Sendrecv 245814 245816 -2 1
Sendrecv 245830 245831 -2 3
Sendrecv 245851 245853 -2 1
Sendrecv 245867 245868 -2 3
Sendrecv 245883 245884 -2 1
Sendrecv 245899 245900 -2 3
Sendrecv 245914 245916 -2 1
Sendrecv 245930 245932 -2 3
Sendrecv 245946 245947 -2 1
Sendrecv 245961 245963 -2 3
Sendrecv 245977 245979 -2 1
Sendrecv 245993 245994 -2 3
Sendrecv 246011 246012 -2 1
Sendrecv 246026 246028 -2 3
Sendrecv 246042 246044 -2 1
Sendrecv 246058 246059 -2 3
Sendrecv 246073 246075 -2 1
Sendrecv 246089 246091 -2 3
Sendrecv 246105 246106 -2 1
Sendrecv 246120 246121 -2 3
Sendrecv 246136 246137 -2 1
Sendrecv 246151 246152 -2 3
Sendrecv 246167 246168 -2 1
Sendrecv 246183 246184 -2 3
Sendrecv 246198 246199 -2 1
Sendrecv 246214 246215 -2 3
Sendrecv 246231 246233 -2 1
Sendrecv 246247 246248 -2 3
Sendrecv 246263 246264 -2 1
Sendrecv 246278 246279 -2 3
Sendrecv 246293 246295 -2 1
Sendrecv 246309 246310 -2 3
Sendrecv 246324 246326 -2 1
Sendrecv 246340 246341 -2 3
Sendrecv 246356 246357 -2 1
Sendrecv 246372 246373 -2 3
Sendrecv 246387 246389 -2 1
Sendrecv 246403 246404 -2 3
Sendrecv 246418 246420 -2 1
Sendrecv 246434 246436 -2 3
Sendrecv 246452 246454 -2 1
Sendrecv 246468 246469 -2 3
Sendrecv 246484 246485 -2 1
Sendrecv 246499 246501 -2 3
Sendrecv 246515 246516 -2 1
Sendrecv 246530 246532 -2 3
Sendrecv 246546 246548 -2 1
Sendrecv 246561 246563 -2 3
Sendrecv 246577 246579 -2 1
Sendrecv 246593 246594 -2 3
Sendrecv 246608 246610 -2 1
Sendrecv 246624 246625 -2 3
Sendrecv 246639 246640 -2 1
Sendrecv 246654 246656 -2 3
Sendrecv 246672 246673 -2 1
Sendrecv 246687 246689 -2 3
Sendrecv 246703 246705 -2 1
Sendrecv 246719 246720 -2 3
Sendrecv 246734 246736 -2 1
Sendrecv 246750 246751 -2 3
Sendrecv 246765 246767 -2 1
Sendrecv 246780 246782 -2 3
Sendrecv 246796 246798 -2 1
Sendrecv 246811 246813 -2 3
Sendrecv 246827 246829 -2 1
Sendrecv 246849 246850 -2 3
Sendrecv 246865 246867 -2 1
Sendrecv 246881 246882 -2 3
Sendrecv 246896 246898 -2 1
Sendrecv 246914 246915 -2 3
Sendrecv 246930 246931 -2 1
Sendrecv 246945 246946 -2 3
Sendrecv 246961 246962 -2 1
Sendrecv 246976 246978 -2 3
Sendrecv 246993 246994 -2 1
Sendrecv 247008 247009 -2 3
Sendrecv 247023 247025 -2 1
Sendrecv 247039 247040 -2 3
Sendrecv 247055 247056 -2 1
Sendrecv 247070 247071 -2 3
Sendrecv 247086 247087 -2 1
Sendrecv 247103 247104 -2 3
Sendrecv 247118 247120 -2 1
Sendrecv 247134 247135 -2 3
Sendrecv 247149 247151 -2 1
Sendrecv 247165 247166 -2 3
Sendrecv 247180 247182 -2 1
Sendrecv 247196 247197 -2 3
Sendrecv 247211 247213 -2 1
Sendrecv 247227 247228 -2 3
Sendrecv 247243 247244 -2 1
Sendrecv 247258 247259 -2 3
Sendrecv 247274 247275 -2 1
Sendrecv 247289 247290 -2 3
Sendrecv 247305 247306 -2 1
Sendrecv 247320 247322 -2 3
Sendrecv 247336 247338 -2 1
Sendrecv 247354 247355 -2 3
Sendrecv 247370 247371 -2 1
Sendrecv 247385 247387 -2 3
Sendrecv 247401 247402 -2 1
Sendrecv 247416 247418 -2 3
Sendrecv 247432 247433 -2 1
Sendrecv 247447 247449 -2 3
Sendrecv 247463 247465 -2 1
Sendrecv 247479 247480 -2 3
Sendrecv 247494 247496 -2 1
Sendrecv 247510 247511 -2 3
Sendrecv 247525 247527 -2 1
Sendrecv 247543 247544 -2 3
Sendrecv 247559 247560 -2 1
Sendrecv 247574 247575 -2 3
Sendrecv 247589 247591 -2 1
Sendrecv 247605 247606 -2 3
Sendrecv 247621 247622 -2 1
Sendrecv 247636 247638 -2 3
Sendrecv 247652 247653 -2 1
Sendrecv 247667 247669 -2 3
Sendrecv 247683 247684 -2 1
Sendrecv 247699 247700 -2 3
Sendrecv 247715 247716 -2 1
Sendrecv 247730 247731 -2 3
Sendrecv 247746 247747 -2 1
Sendrecv 247761 247762 -2 3
Sendrecv 247777 247778 -2 1
Sendrecv 247794 247796 -2 3
Sendrecv 247810 247811 -2 1
Sendrecv 247825 247826 -2 3
Sendrecv 247846 247848 -2 1
Sendrecv 247863 247864 -2 3
Sendrecv 247879 247880 -2 1
Sendrecv 247895 247896 -2 3
Sendrecv 247910 247912 -2 1
Sendrecv 247926 247927 -2 3
Sendrecv 247941 247943 -2 1
Sendrecv 247957 247958 -2 3
Sendrecv 247975 247976 -2 1
Sendrecv 247990 247992 -2 3
Sendrecv 248006 248007 -2 1
Sendrecv 248021 248023 -2 3
Sendrecv 248037 248038 -2 1
Sendrecv 248053 248054 -2 3
Sendrecv 248068 248070 -2 1
Sendrecv 248083 248085 -2 3
Sendrecv 248099 248100 -2 1
Sendrecv 248115 248116 -2 3
Sendrecv 248130 248131 -2 1
Sendrecv 248146 248147 -2 3
Sendrecv 248161 248162 -2 1
Sendrecv 248176 248178 -2 3
Sendrecv 248193 248194 -2 1
Sendrecv 248208 248209 -2 3
Sendrecv 248223 248225 -2 1
Sendrecv 248239 248240 -2 3
Sendrecv 248257 248258 -2 1
Sendrecv 248272 248273 -2 3
Sendrecv 248288 248289 -2 1
Sendrecv 248303 248304 -2 3
Sendrecv 248319 248320 -2 1
Sendrecv 248334 248336 -2 3
Sendrecv 248350 248351 -2 1
Sendrecv 248365 248366 -2 3
Sendrecv 248381 248382 -2 1
Sendrecv 248396 248397 -2 3
Sendrecv 248414 248415 -2 1
Sendrecv 248429 248431 -2 3
Sendrecv 248445 248446 -2 1
Sendrecv 248460 248462 -2 3
Sendrecv 248476 248477 -2 1
Sendrecv 248491 248492 -2 3
Sendrecv 248507 248508 -2 1
Sendrecv 248522 248524 -2 3
Sendrecv 248538 248539 -2 1
Sendrecv 248553 248554 -2 3
Sendrecv 248569 248570 -2 1
Sendrecv 248584 248585 -2 3
Sendrecv 248600 248601 -2 1
Sendrecv 248615 248616 -2 3
Sendrecv 248630 248632 -2 1
Sendrecv 248646 248647 -2 3
Sendrecv 248661 248663 -2 1
Sendrecv 248677 248678 -2 3
Sendrecv 248695 248696 -2 1
Sendrecv 248710 248712 -2 3
Sendrecv 248727 248728 -2 1
Sendrecv 248742 248743 -2 3
Sendrecv 248757 248759 -2 1
Sendrecv 248773 248774 -2 3
Sendrecv 248789 248790 -2 1
Sendrecv 248805 248806 -2 3
Sendrecv 248820 248821 -2 1
Sendrecv 248836 248844 -2 3
Sendrecv 248860 248862 -2 1
Sendrecv 248876 248877 -2 3
Sendrecv 248892 248893 -2 1
Sendrecv 248907 248909 -2 3
Sendrecv 248923 248924 -2 1
Sendrecv 248938 248940 -2 3
Sendrecv 248954 248955 -2 1
Sendrecv 248969 248970 -2 3
Sendrecv 248985 248986 -2 1
Sendrecv 249000 249002 -2 3
Sendrecv 249016 249018 -2 1
Sendrecv 249032 249033 -2 3
Sendrecv 249047 249049 -2 1
Sendrecv 249064 249065 -2 3
Sendrecv 249080 249082 -2 1
Sendrecv 249096 249097 -2 3
Sendrecv 249111 249113 -2 1
Sendrecv 249127 249128 -2 3
Sendrecv 249144 249146 -2 1
Sendrecv 249160 249161 -2 3
Sendrecv 249175 249176 -2 1
Sendrecv 249191 249192 -2 3
Sendrecv 249206 249208 -2 1
Sendrecv 249222 249223 -2 3
Sendrecv 249237 249239 -2 1
Sendrecv 249253 249254 -2 3
Sendrecv 249268 249270 -2 1
Sendrecv 249286 249287 -2 3
Sendrecv 249302 249303 -2 1
Sendrecv 249317 249318 -2 3
Sendrecv 249332 249334 -2 1
Sendrecv 249348 249349 -2 3
Sendrecv 249363 249365 -2 1
Sendrecv 249379 249380 -2 3
Sendrecv 249395 249396 -2 1
Sendrecv 249410 249412 -2 3
Sendrecv 249426 249428 -2 1
Sendrecv 249442 249443 -2 3
Sendrecv 249458 249459 -2 1
Sendrecv 249473 249474 -2 3
Sendrecv 249489 249490 -2 1
Sendrecv 249504 249505 -2 3
Sendrecv 249519 249521 -2 1
Allgatherv 249547 250344 -2 0 1 3 4 5
Barrier 253309 255117
Barrier 255146 255149
Barrier 344817 344833
Barrier 344843 344878
Finalize 345332 346747
