SYSTEM_START_US: 1776533529168804
Bcast 62515 62522 -1 0
Bcast 62550 62551 -1 0
Bcast 62562 62563 -1 0
Bcast 91336 91341 -1 0
Scatterv 91375 91665 -1 0
Sendrecv 91698 92018 -2 2
Sendrecv 92046 94423 -2 4
Sendrecv 94464 94473 -2 2
Sendrecv 94483 94489 -2 4
Sendrecv 94498 94589 -2 2
Sendrecv 94641 94647 -2 4
Sendrecv 94672 94677 -2 2
Sendrecv 94687 94734 -2 4
Sendrecv 94768 94774 -2 2
Sendrecv 94831 94835 -2 4
Sendrecv 94847 94848 -2 2
Sendrecv 94857 94875 -2 4
Sendrecv 94884 94939 -2 2
Sendrecv 94962 94964 -2 4
Sendrecv 94982 95021 -2 2
Sendrecv 95092 95099 -2 4
Sendrecv 95112 95113 -2 2
Sendrecv 95122 95172 -2 4
Sendrecv 95196 95198 -2 2
Sendrecv 95216 95254 -2 4
Sendrecv 95273 95275 -2 2
Sendrecv 95292 95294 -2 4
Sendrecv 95311 95313 -2 2
Sendrecv 95331 95332 -2 4
Sendrecv 95419 95423 -2 2
Sendrecv 95442 95444 -2 4
Sendrecv 95462 95467 -2 2
Sendrecv 95484 95486 -2 4
Sendrecv 95503 95510 -2 2
Sendrecv 95528 95529 -2 4
Sendrecv 95546 95572 -2 2
Sendrecv 95591 95592 -2 4
Sendrecv 95611 95612 -2 2
Sendrecv 95629 95631 -2 4
Sendrecv 95648 95683 -2 2
Sendrecv 95710 95713 -2 4
Sendrecv 95726 95727 -2 2
Sendrecv 95750 95753 -2 4
Sendrecv 95883 95889 -2 2
Sendrecv 95914 95917 -2 4
Sendrecv 95934 95935 -2 2
Sendrecv 95961 95963 -2 4
Sendrecv 95982 95983 -2 2
Sendrecv 96001 96002 -2 4
Sendrecv 96020 96021 -2 2
Sendrecv 96038 96040 -2 4
Sendrecv 96058 96059 -2 2
Sendrecv 96078 96079 -2 4
Sendrecv 96095 96097 -2 2
Sendrecv 96113 96159 -2 4
Sendrecv 96177 96179 -2 2
Sendrecv 96197 96199 -2 4
Sendrecv 96217 96230 -2 2
Sendrecv 96248 96249 -2 4
Sendrecv 96267 96269 -2 2
Sendrecv 96286 96287 -2 4
Sendrecv 96305 96306 -2 2
Sendrecv 96323 96325 -2 4
Sendrecv 96342 96344 -2 2
Sendrecv 96474 96477 -2 4
Sendrecv 96488 96489 -2 2
Sendrecv 96498 96501 -2 4
Sendrecv 96510 96665 -2 2
Sendrecv 96691 96699 -2 4
Sendrecv 96734 96736 -2 2
Sendrecv 96753 96793 -2 4
Sendrecv 96814 96815 -2 2
Sendrecv 96833 96870 -2 4
Sendrecv 96890 96891 -2 2
Sendrecv 96907 96909 -2 4
Sendrecv 96926 96927 -2 2
Sendrecv 96944 96946 -2 4
Sendrecv 96963 96965 -2 2
Sendrecv 96981 96983 -2 4
Sendrecv 97000 97002 -2 2
Sendrecv 97019 97020 -2 4
Sendrecv 97038 97039 -2 2
Sendrecv 97059 97139 -2 4
Sendrecv 97158 97159 -2 2
Sendrecv 97176 97177 -2 4
Sendrecv 97196 97197 -2 2
Sendrecv 97215 97216 -2 4
Sendrecv 97234 97235 -2 2
Sendrecv 97255 97256 -2 4
Sendrecv 97274 97275 -2 2
Sendrecv 97292 97293 -2 4
Sendrecv 97311 97312 -2 2
Sendrecv 97329 97330 -2 4
Sendrecv 97347 97349 -2 2
Sendrecv 97367 97368 -2 4
Sendrecv 97692 97702 -2 2
Sendrecv 97723 97724 -2 4
Sendrecv 97741 97783 -2 2
Sendrecv 97803 97805 -2 4
Sendrecv 97822 97841 -2 2
Sendrecv 97860 97861 -2 4
Sendrecv 97877 97886 -2 2
Sendrecv 97903 97904 -2 4
Sendrecv 97922 97924 -2 2
Sendrecv 97941 97943 -2 4
Sendrecv 97959 97965 -2 2
Sendrecv 97983 97984 -2 4
Sendrecv 98002 98004 -2 2
Sendrecv 98021 98022 -2 4
Sendrecv 98040 98041 -2 2
Sendrecv 98059 98060 -2 4
Sendrecv 98077 98079 -2 2
Sendrecv 98096 98097 -2 4
Sendrecv 98114 98118 -2 2
Sendrecv 98135 98137 -2 4
Sendrecv 98154 98156 -2 2
Sendrecv 98172 98174 -2 4
Sendrecv 98191 98210 -2 2
Sendrecv 98229 98231 -2 4
Sendrecv 98248 98250 -2 2
Sendrecv 98267 98268 -2 4
Sendrecv 98285 98287 -2 2
Sendrecv 98304 98306 -2 4
Sendrecv 98326 98327 -2 2
Sendrecv 98344 98398 -2 4
Sendrecv 98418 98419 -2 2
Sendrecv 98435 98437 -2 4
Sendrecv 98453 98557 -2 2
Sendrecv 98577 98585 -2 4
Sendrecv 98605 98606 -2 2
Sendrecv 98624 98625 -2 4
Sendrecv 98642 98647 -2 2
Sendrecv 98665 98667 -2 4
Sendrecv 98684 98686 -2 2
Sendrecv 98704 98705 -2 4
Sendrecv 98722 98724 -2 2
Sendrecv 98741 98742 -2 4
Sendrecv 98759 98761 -2 2
Sendrecv 98779 98781 -2 4
Sendrecv 98798 98799 -2 2
Sendrecv 98817 98819 -2 4
Sendrecv 98836 98837 -2 2
Sendrecv 99215 99217 -2 4
Sendrecv 99234 99235 -2 2
Sendrecv 99251 99252 -2 4
Sendrecv 99268 99491 -2 2
Sendrecv 99517 99525 -2 4
Sendrecv 99545 99547 -2 2
Sendrecv 99567 99615 -2 4
Sendrecv 99636 99638 -2 2
Sendrecv 99655 99664 -2 4
Sendrecv 99684 99685 -2 2
Sendrecv 99702 99704 -2 4
Sendrecv 99721 99727 -2 2
Sendrecv 99744 99745 -2 4
Sendrecv 99763 99765 -2 2
Sendrecv 99782 99783 -2 4
Sendrecv 99801 99805 -2 2
Sendrecv 99822 99823 -2 4
Sendrecv 99840 99843 -2 2
Sendrecv 99861 99863 -2 4
Sendrecv 99881 99883 -2 2
Sendrecv 99900 99901 -2 4
Sendrecv 99919 99922 -2 2
Sendrecv 99940 99941 -2 4
Sendrecv 99958 99962 -2 2
Sendrecv 99979 99980 -2 4
Sendrecv 99997 99999 -2 2
Sendrecv 100016 100018 -2 4
Sendrecv 100035 100037 -2 2
Sendrecv 100056 100057 -2 4
Sendrecv 100075 100076 -2 2
Sendrecv 100094 100095 -2 4
Sendrecv 100112 100114 -2 2
Sendrecv 100131 100132 -2 4
Sendrecv 100150 100151 -2 2
Sendrecv 100172 100173 -2 4
Sendrecv 100190 100192 -2 2
Sendrecv 100209 100211 -2 4
Sendrecv 100228 100229 -2 2
Sendrecv 100246 100247 -2 4
Sendrecv 100265 100267 -2 2
Sendrecv 100284 100285 -2 4
Sendrecv 100303 100308 -2 2
Sendrecv 100325 100326 -2 4
Sendrecv 100342 100345 -2 2
Sendrecv 100363 100601 -2 4
Sendrecv 100622 100623 -2 2
Sendrecv 100641 100642 -2 4
Sendrecv 100661 100663 -2 2
Sendrecv 100681 100682 -2 4
Sendrecv 100699 100708 -2 2
Sendrecv 100725 100726 -2 4
Sendrecv 100744 100745 -2 2
Sendrecv 100762 100763 -2 4
Sendrecv 100781 100782 -2 2
Sendrecv 100800 100801 -2 4
Sendrecv 100821 100823 -2 2
Sendrecv 100840 100841 -2 4
Sendrecv 100859 100860 -2 2
Sendrecv 100878 100879 -2 4
Sendrecv 100896 100899 -2 2
Sendrecv 100917 100918 -2 4
Sendrecv 100935 100937 -2 2
Sendrecv 100956 100958 -2 4
Sendrecv 100975 100977 -2 2
Sendrecv 100994 100995 -2 4
Sendrecv 101012 101014 -2 2
Sendrecv 101031 101032 -2 4
Sendrecv 101049 101051 -2 2
Sendrecv 101068 101069 -2 4
Sendrecv 101086 101088 -2 2
Sendrecv 101546 101549 -2 4
Sendrecv 101560 101561 -2 2
Sendrecv 101584 101587 -2 4
Sendrecv 101606 101877 -2 2
Sendrecv 101905 101907 -2 4
Sendrecv 101924 101926 -2 2
Sendrecv 101943 101944 -2 4
Sendrecv 101960 101973 -2 2
Sendrecv 101990 101991 -2 4
Sendrecv 102009 102013 -2 2
Sendrecv 102031 102032 -2 4
Sendrecv 102049 102053 -2 2
Sendrecv 102070 102071 -2 4
Sendrecv 102089 102094 -2 2
Sendrecv 102111 102112 -2 4
Sendrecv 102129 102133 -2 2
Sendrecv 102152 102153 -2 4
Sendrecv 102170 102172 -2 2
Sendrecv 102189 102191 -2 4
Sendrecv 102208 102211 -2 2
Sendrecv 102228 102229 -2 4
Sendrecv 102246 102251 -2 2
Sendrecv 102268 102269 -2 4
Sendrecv 102286 102290 -2 2
Sendrecv 102307 102309 -2 4
Sendrecv 102325 102332 -2 2
Sendrecv 102349 102350 -2 4
Sendrecv 102367 102371 -2 2
Sendrecv 102388 102389 -2 4
Sendrecv 102408 102410 -2 2
Sendrecv 102427 102428 -2 4
Sendrecv 102445 102449 -2 2
Sendrecv 102466 102467 -2 4
Sendrecv 102484 102498 -2 2
Sendrecv 102516 102518 -2 4
Sendrecv 102534 102535 -2 2
Sendrecv 102552 102553 -2 4
Sendrecv 102571 102574 -2 2
Sendrecv 102591 102592 -2 4
Sendrecv 102608 102611 -2 2
Sendrecv 102628 102629 -2 4
Sendrecv 102646 102650 -2 2
Sendrecv 102667 102669 -2 4
Sendrecv 102685 102692 -2 2
Sendrecv 102709 102717 -2 4
Sendrecv 102736 102741 -2 2
Sendrecv 102758 102760 -2 4
Sendrecv 102777 102779 -2 2
Sendrecv 102796 102797 -2 4
Sendrecv 102815 102816 -2 2
Sendrecv 102833 102835 -2 4
Sendrecv 102851 102854 -2 2
Sendrecv 102871 102872 -2 4
Sendrecv 102889 102892 -2 2
Sendrecv 102908 102910 -2 4
Sendrecv 102927 102929 -2 2
Sendrecv 102946 102947 -2 4
Sendrecv 102966 102968 -2 2
Sendrecv 102985 102986 -2 4
Sendrecv 103003 103005 -2 2
Sendrecv 103022 103023 -2 4
Sendrecv 103040 103043 -2 2
Sendrecv 103059 103060 -2 4
Sendrecv 103077 103080 -2 2
Sendrecv 103096 103098 -2 4
Sendrecv 103114 103121 -2 2
Sendrecv 103137 103138 -2 4
Sendrecv 103158 103161 -2 2
Sendrecv 103180 103545 -2 4
Sendrecv 103566 103568 -2 2
Sendrecv 103585 103586 -2 4
Sendrecv 103603 103609 -2 2
Sendrecv 103626 103627 -2 4
Sendrecv 103644 103646 -2 2
Sendrecv 103663 103664 -2 4
Sendrecv 103681 103687 -2 2
Sendrecv 103705 103706 -2 4
Sendrecv 103723 103725 -2 2
Sendrecv 103742 103743 -2 4
Sendrecv 103759 103763 -2 2
Sendrecv 103780 103781 -2 4
Sendrecv 103798 103800 -2 2
Sendrecv 103816 103818 -2 4
Sendrecv 103835 103837 -2 2
Sendrecv 103853 103855 -2 4
Sendrecv 103875 103877 -2 2
Sendrecv 103894 103895 -2 4
Sendrecv 103912 103914 -2 2
Sendrecv 103930 103931 -2 4
Sendrecv 103948 103951 -2 2
Sendrecv 103968 103969 -2 4
Sendrecv 103986 103989 -2 2
Sendrecv 104006 104007 -2 4
Sendrecv 104024 104026 -2 2
Sendrecv 104043 104044 -2 4
Sendrecv 104061 104063 -2 2
Sendrecv 104080 104081 -2 4
Sendrecv 104099 104103 -2 2
Sendrecv 104120 104121 -2 4
Sendrecv 104138 104141 -2 2
Sendrecv 104158 104159 -2 4
Sendrecv 104176 104178 -2 2
Sendrecv 104195 104196 -2 4
Sendrecv 104213 104216 -2 2
Sendrecv 104232 104234 -2 4
Sendrecv 104815 104819 -2 2
Sendrecv 104842 104846 -2 4
Sendrecv 104870 104873 -2 2
Sendrecv 104890 104891 -2 4
Sendrecv 104909 104921 -2 2
Sendrecv 104939 104940 -2 4
Sendrecv 104957 104959 -2 2
Sendrecv 104976 104978 -2 4
Sendrecv 104994 105001 -2 2
Sendrecv 105017 105018 -2 4
Sendrecv 105035 105040 -2 2
Sendrecv 105057 105058 -2 4
Sendrecv 105075 105079 -2 2
Sendrecv 105097 105098 -2 4
Sendrecv 105114 105118 -2 2
Sendrecv 105135 105136 -2 4
Sendrecv 105153 105158 -2 2
Sendrecv 105175 105176 -2 4
Sendrecv 105193 105197 -2 2
Sendrecv 105215 105217 -2 4
Sendrecv 105233 105235 -2 2
Sendrecv 105252 105253 -2 4
Sendrecv 105272 105275 -2 2
Sendrecv 105292 105293 -2 4
Sendrecv 105310 105313 -2 2
Sendrecv 105330 105331 -2 4
Sendrecv 105348 105352 -2 2
Sendrecv 105368 105370 -2 4
Sendrecv 105386 105393 -2 2
Sendrecv 105409 105411 -2 4
Sendrecv 105428 105432 -2 2
Sendrecv 105448 105450 -2 4
Sendrecv 105467 105471 -2 2
Sendrecv 105487 105489 -2 4
Sendrecv 105505 105510 -2 2
Sendrecv 105526 105528 -2 4
Sendrecv 105546 105550 -2 2
Sendrecv 105567 105568 -2 4
Sendrecv 105585 105590 -2 2
Sendrecv 105607 105608 -2 4
Sendrecv 105625 105629 -2 2
Sendrecv 105645 105647 -2 4
Sendrecv 105664 105667 -2 2
Sendrecv 105684 105686 -2 4
Sendrecv 105703 105707 -2 2
Sendrecv 105723 105724 -2 4
Sendrecv 105741 105745 -2 2
Sendrecv 105762 105763 -2 4
Sendrecv 105780 105784 -2 2
Sendrecv 105803 105805 -2 4
Sendrecv 105821 105824 -2 2
Sendrecv 105841 105842 -2 4
Sendrecv 105859 105863 -2 2
Sendrecv 105880 105881 -2 4
Sendrecv 105898 105902 -2 2
Sendrecv 105919 105920 -2 4
Sendrecv 105937 105952 -2 2
Sendrecv 105970 105972 -2 4
Sendrecv 105989 105990 -2 2
Sendrecv 106006 106008 -2 4
Sendrecv 106025 106028 -2 2
Sendrecv 106045 106047 -2 4
Sendrecv 106063 106066 -2 2
Sendrecv 106082 106084 -2 4
Sendrecv 106101 106105 -2 2
Sendrecv 106121 106122 -2 4
Sendrecv 106139 106145 -2 2
Sendrecv 106162 106171 -2 4
Sendrecv 106190 106194 -2 2
Sendrecv 106212 106213 -2 4
Sendrecv 106230 106231 -2 2
Sendrecv 106248 106250 -2 4
Sendrecv 106267 106269 -2 2
Sendrecv 106286 106287 -2 4
Sendrecv 106304 106306 -2 2
Sendrecv 106323 106324 -2 4
Sendrecv 106343 106344 -2 2
Sendrecv 106364 106365 -2 4
Sendrecv 106381 106383 -2 2
Sendrecv 106399 106401 -2 4
Sendrecv 106418 106421 -2 2
Sendrecv 106438 106439 -2 4
Sendrecv 106544 106549 -2 2
Sendrecv 106571 106572 -2 4
Sendrecv 106589 106603 -2 2
Sendrecv 106620 106633 -2 4
Sendrecv 106650 106656 -2 2
Sendrecv 106673 106685 -2 4
Sendrecv 106703 106705 -2 2
Sendrecv 106721 106723 -2 4
Sendrecv 106740 106743 -2 2
Sendrecv 106760 106761 -2 4
Sendrecv 106778 106787 -2 2
Sendrecv 106804 106806 -2 4
Sendrecv 106822 106825 -2 2
Sendrecv 106842 106843 -2 4
Sendrecv 106860 106863 -2 2
Sendrecv 106879 107019 -2 4
Sendrecv 107091 107094 -2 2
Sendrecv 107113 107115 -2 4
Sendrecv 107133 107141 -2 2
Sendrecv 107160 107162 -2 4
Sendrecv 107180 107199 -2 2
Sendrecv 107217 107907 -2 4
Sendrecv 107953 107956 -2 2
Sendrecv 107981 107983 -2 4
Sendrecv 108000 108020 -2 2
Sendrecv 108039 108042 -2 4
Sendrecv 108057 108077 -2 2
Sendrecv 108095 108096 -2 4
Sendrecv 108113 108144 -2 2
Sendrecv 108163 108165 -2 4
Sendrecv 108181 108183 -2 2
Sendrecv 108198 108208 -2 4
Sendrecv 108223 108225 -2 2
Sendrecv 108241 108245 -2 4
Sendrecv 108260 108265 -2 2
Sendrecv 108281 108291 -2 4
Sendrecv 108312 108313 -2 2
Sendrecv 108329 108333 -2 4
Sendrecv 108351 108353 -2 2
Sendrecv 108370 108371 -2 4
Sendrecv 108389 108390 -2 2
Sendrecv 108407 108411 -2 4
Sendrecv 108428 108430 -2 2
Sendrecv 108448 108451 -2 4
Sendrecv 108472 108474 -2 2
Sendrecv 108498 108508 -2 4
Sendrecv 108528 108574 -2 2
Sendrecv 108624 108627 -2 4
Sendrecv 108647 108648 -2 2
Sendrecv 108665 108666 -2 4
Sendrecv 108684 108688 -2 2
Sendrecv 108709 108711 -2 4
Sendrecv 108729 108730 -2 2
Sendrecv 108749 108750 -2 4
Sendrecv 108768 108769 -2 2
Sendrecv 108787 108788 -2 4
Sendrecv 108807 108809 -2 2
Sendrecv 108827 108828 -2 4
Sendrecv 108846 108848 -2 2
Sendrecv 108866 108867 -2 4
Sendrecv 108885 108887 -2 2
Sendrecv 108905 108907 -2 4
Sendrecv 108924 108926 -2 2
Sendrecv 108944 108946 -2 4
Sendrecv 108964 108965 -2 2
Sendrecv 108984 109022 -2 4
Sendrecv 109041 109043 -2 2
Sendrecv 109061 109067 -2 4
Sendrecv 109085 109086 -2 2
Sendrecv 109104 109106 -2 4
Sendrecv 109123 109125 -2 2
Sendrecv 109143 109147 -2 4
Sendrecv 109165 109166 -2 2
Sendrecv 109185 109186 -2 4
Sendrecv 109203 109205 -2 2
Sendrecv 109223 109225 -2 4
Sendrecv 110516 110519 -2 2
Sendrecv 110538 110539 -2 4
Sendrecv 110558 110559 -2 2
Sendrecv 110578 110584 -2 4
Sendrecv 110602 110603 -2 2
Sendrecv 110621 110629 -2 4
Sendrecv 110648 110668 -2 2
Sendrecv 110686 110688 -2 4
Sendrecv 110706 110707 -2 2
Sendrecv 110725 110728 -2 4
Sendrecv 110746 110747 -2 2
Sendrecv 110764 110766 -2 4
Sendrecv 110786 110787 -2 2
Sendrecv 110805 110806 -2 4
Sendrecv 110824 110826 -2 2
Sendrecv 110844 110845 -2 4
Sendrecv 110864 110865 -2 2
Sendrecv 110883 110885 -2 4
Sendrecv 110902 110903 -2 2
Sendrecv 110921 110923 -2 4
Sendrecv 110940 110941 -2 2
Sendrecv 110960 110961 -2 4
Sendrecv 110978 110979 -2 2
Sendrecv 110996 111000 -2 4
Sendrecv 111017 111019 -2 2
Sendrecv 111037 111038 -2 4
Sendrecv 111058 111072 -2 2
Sendrecv 111090 111092 -2 4
Sendrecv 111110 111111 -2 2
Sendrecv 111128 111129 -2 4
Sendrecv 111148 111149 -2 2
Sendrecv 111168 111169 -2 4
Sendrecv 111187 111189 -2 2
Sendrecv 111207 111210 -2 4
Sendrecv 111227 111229 -2 2
Sendrecv 111246 111249 -2 4
Sendrecv 111267 111273 -2 2
Sendrecv 111291 111302 -2 4
Sendrecv 111321 111323 -2 2
Sendrecv 111341 111342 -2 4
Sendrecv 111360 111361 -2 2
Sendrecv 111382 111383 -2 4
Sendrecv 111400 111401 -2 2
Sendrecv 111419 111422 -2 4
Sendrecv 111439 111441 -2 2
Sendrecv 111459 111461 -2 4
Sendrecv 111479 111481 -2 2
Sendrecv 111499 111500 -2 4
Sendrecv 111518 111519 -2 2
Sendrecv 111536 111539 -2 4
Sendrecv 111556 111557 -2 2
Sendrecv 111576 111578 -2 4
Sendrecv 111596 111597 -2 2
Sendrecv 111615 111618 -2 4
Sendrecv 111637 111639 -2 2
Sendrecv 111656 111658 -2 4
Sendrecv 111676 111677 -2 2
Sendrecv 111695 111697 -2 4
Sendrecv 111715 111716 -2 2
Sendrecv 111734 111737 -2 4
Sendrecv 111755 111757 -2 2
Sendrecv 111775 111781 -2 4
Sendrecv 111799 111800 -2 2
Sendrecv 111818 111820 -2 4
Sendrecv 111838 111839 -2 2
Sendrecv 111856 111857 -2 4
Sendrecv 111875 111876 -2 2
Sendrecv 111895 111897 -2 4
Sendrecv 111914 111915 -2 2
Sendrecv 111935 111937 -2 4
Sendrecv 111954 111956 -2 2
Sendrecv 111974 111975 -2 4
Sendrecv 111993 111994 -2 2
Sendrecv 112013 112014 -2 4
Sendrecv 112032 112034 -2 2
Sendrecv 112052 112053 -2 4
Sendrecv 112072 112073 -2 2
Sendrecv 112091 112093 -2 4
Sendrecv 112110 112111 -2 2
Sendrecv 112129 112131 -2 4
Sendrecv 112149 112150 -2 2
Sendrecv 112167 112171 -2 4
Sendrecv 112190 112192 -2 2
Sendrecv 112210 112211 -2 4
Sendrecv 112230 112231 -2 2
Sendrecv 112248 112250 -2 4
Sendrecv 112268 112270 -2 2
Sendrecv 112288 112290 -2 4
Sendrecv 112307 112309 -2 2
Sendrecv 112327 112331 -2 4
Sendrecv 112348 112350 -2 2
Sendrecv 112368 112370 -2 4
Sendrecv 112388 112389 -2 2
Sendrecv 112407 112409 -2 4
Sendrecv 112426 112427 -2 2
Sendrecv 112446 112448 -2 4
Sendrecv 112466 112468 -2 2
Sendrecv 112488 112489 -2 4
Sendrecv 112507 112509 -2 2
Sendrecv 112527 112529 -2 4
Sendrecv 112547 112548 -2 2
Sendrecv 112566 112567 -2 4
Sendrecv 112586 112587 -2 2
Sendrecv 112605 112607 -2 4
Sendrecv 112625 112626 -2 2
Sendrecv 112644 112646 -2 4
Sendrecv 112664 112665 -2 2
Sendrecv 112683 112684 -2 4
Sendrecv 112702 112704 -2 2
Sendrecv 112721 112723 -2 4
Sendrecv 112740 112742 -2 2
Sendrecv 112762 112764 -2 4
Sendrecv 112782 112783 -2 2
Sendrecv 112801 112802 -2 4
Sendrecv 112820 112821 -2 2
Sendrecv 112839 112842 -2 4
Sendrecv 112859 112860 -2 2
Sendrecv 112878 112882 -2 4
Sendrecv 112900 112901 -2 2
Sendrecv 112919 112922 -2 4
Sendrecv 112940 112941 -2 2
Sendrecv 112959 112960 -2 4
Sendrecv 112978 112980 -2 2
Sendrecv 112998 113000 -2 4
Sendrecv 113017 113019 -2 2
Sendrecv 113037 113038 -2 4
Sendrecv 113058 113060 -2 2
Sendrecv 113078 113079 -2 4
Sendrecv 113097 113099 -2 2
Sendrecv 113117 113119 -2 4
Sendrecv 113135 113138 -2 2
Sendrecv 113155 113158 -2 4
Sendrecv 113176 113177 -2 2
Sendrecv 113195 113197 -2 4
Sendrecv 113215 113216 -2 2
Sendrecv 113235 113236 -2 4
Sendrecv 113253 113255 -2 2
Sendrecv 113273 113275 -2 4
Sendrecv 113293 113294 -2 2
Sendrecv 113314 113316 -2 4
Sendrecv 113334 113335 -2 2
Sendrecv 113353 113355 -2 4
Sendrecv 113373 113374 -2 2
Sendrecv 113392 113394 -2 4
Sendrecv 113412 113413 -2 2
Sendrecv 113431 113434 -2 4
Sendrecv 113452 113453 -2 2
Sendrecv 113471 113476 -2 4
Sendrecv 113493 113495 -2 2
Sendrecv 113513 113514 -2 4
Sendrecv 113532 113534 -2 2
Sendrecv 113551 113553 -2 4
Sendrecv 113571 113572 -2 2
Sendrecv 113591 113596 -2 4
Sendrecv 113618 113623 -2 2
Sendrecv 113641 114511 -2 4
Sendrecv 114531 114532 -2 2
Sendrecv 114549 114553 -2 4
Sendrecv 114570 114571 -2 2
Sendrecv 114590 114591 -2 4
Sendrecv 114608 114610 -2 2
Sendrecv 114628 114629 -2 4
Sendrecv 114648 114649 -2 2
Sendrecv 114667 114669 -2 4
Sendrecv 114687 114694 -2 2
Sendrecv 114713 114722 -2 4
Sendrecv 114744 114746 -2 2
Sendrecv 114763 114765 -2 4
Sendrecv 114783 114784 -2 2
Sendrecv 114802 114804 -2 4
Sendrecv 114822 114823 -2 2
Sendrecv 114841 114842 -2 4
Sendrecv 114860 114862 -2 2
Sendrecv 114881 114882 -2 4
Sendrecv 114900 114901 -2 2
Sendrecv 114919 114920 -2 4
Sendrecv 114938 114940 -2 2
Sendrecv 114957 114959 -2 4
Sendrecv 114977 114979 -2 2
Sendrecv 114997 114998 -2 4
Sendrecv 115016 115017 -2 2
Sendrecv 115035 115037 -2 4
Sendrecv 115055 115056 -2 2
Sendrecv 115076 115077 -2 4
Sendrecv 115095 115097 -2 2
Sendrecv 115115 115116 -2 4
Sendrecv 115134 115136 -2 2
Sendrecv 115154 115155 -2 4
Sendrecv 115174 115175 -2 2
Sendrecv 115194 115195 -2 4
Sendrecv 115213 115215 -2 2
Sendrecv 115233 115234 -2 4
Sendrecv 115252 115253 -2 2
Sendrecv 115271 115272 -2 4
Sendrecv 115291 115292 -2 2
Sendrecv 115312 115313 -2 4
Sendrecv 115331 115333 -2 2
Sendrecv 115351 115352 -2 4
Sendrecv 115369 115371 -2 2
Sendrecv 115390 115391 -2 4
Sendrecv 115408 115410 -2 2
Sendrecv 115428 115429 -2 4
Sendrecv 115447 115449 -2 2
Sendrecv 115467 115468 -2 4
Sendrecv 115487 115488 -2 2
Sendrecv 115506 115508 -2 4
Sendrecv 115527 115528 -2 2
Sendrecv 115546 115547 -2 4
Sendrecv 115565 115566 -2 2
Sendrecv 115584 115585 -2 4
Sendrecv 115602 115605 -2 2
Sendrecv 115625 115626 -2 4
Sendrecv 115644 115645 -2 2
Sendrecv 115663 115664 -2 4
Sendrecv 115683 115684 -2 2
Sendrecv 115702 115704 -2 4
Sendrecv 115721 115722 -2 2
Sendrecv 115739 115741 -2 4
Sendrecv 115758 115760 -2 2
Sendrecv 115777 115779 -2 4
Sendrecv 115796 115798 -2 2
Sendrecv 115816 115817 -2 4
Sendrecv 115835 115836 -2 2
Sendrecv 115857 115858 -2 4
Sendrecv 115877 115878 -2 2
Sendrecv 115896 115898 -2 4
Sendrecv 115916 115917 -2 2
Sendrecv 115935 115937 -2 4
Sendrecv 115954 115955 -2 2
Sendrecv 115973 115975 -2 4
Sendrecv 115992 115994 -2 2
Sendrecv 116013 116014 -2 4
Sendrecv 116032 116033 -2 2
Sendrecv 116050 116052 -2 4
Sendrecv 116069 116072 -2 2
Sendrecv 116090 116092 -2 4
Sendrecv 116110 116111 -2 2
Sendrecv 117935 117938 -2 4
Sendrecv 117958 117966 -2 2
Sendrecv 117984 117985 -2 4
Sendrecv 118003 119119 -2 2
Sendrecv 119143 119152 -2 4
Sendrecv 119163 119166 -2 2
Sendrecv 119175 119222 -2 4
Sendrecv 119231 119232 -2 2
Sendrecv 119241 119269 -2 4
Sendrecv 119279 119279 -2 2
Sendrecv 119289 119306 -2 4
Sendrecv 119316 119317 -2 2
Sendrecv 119326 119345 -2 4
Sendrecv 119355 119355 -2 2
Sendrecv 119366 119385 -2 4
Sendrecv 119395 119395 -2 2
Sendrecv 119404 119423 -2 4
Sendrecv 119433 119434 -2 2
Sendrecv 119443 119462 -2 4
Sendrecv 119471 119472 -2 2
Sendrecv 119480 119499 -2 4
Sendrecv 119508 119509 -2 2
Sendrecv 119518 119536 -2 4
Sendrecv 119546 119546 -2 2
Sendrecv 119556 119574 -2 4
Sendrecv 119583 119584 -2 2
Sendrecv 119593 119612 -2 4
Sendrecv 119622 119622 -2 2
Sendrecv 119631 119651 -2 4
Sendrecv 119661 119661 -2 2
Sendrecv 119670 119691 -2 4
Sendrecv 119700 119701 -2 2
Sendrecv 119710 119728 -2 4
Sendrecv 119738 119738 -2 2
Sendrecv 119747 119765 -2 4
Sendrecv 119775 119776 -2 2
Sendrecv 119784 119803 -2 4
Sendrecv 119812 119813 -2 2
Sendrecv 119822 119841 -2 4
Sendrecv 119851 119851 -2 2
Sendrecv 119860 119878 -2 4
Sendrecv 119890 119890 -2 2
Sendrecv 119899 119916 -2 4
Sendrecv 119925 119926 -2 2
Sendrecv 119935 119953 -2 4
Sendrecv 119962 119968 -2 2
Sendrecv 119978 119998 -2 4
Sendrecv 120007 120007 -2 2
Sendrecv 120017 120035 -2 4
Sendrecv 120044 120044 -2 2
Sendrecv 120053 120071 -2 4
Sendrecv 120080 120081 -2 2
Sendrecv 120090 120108 -2 4
Sendrecv 120117 120118 -2 2
Sendrecv 120127 120146 -2 4
Sendrecv 120155 120162 -2 2
Sendrecv 120172 120192 -2 4
Sendrecv 120202 120202 -2 2
Sendrecv 120211 120230 -2 4
Sendrecv 120239 120240 -2 2
Sendrecv 120249 120270 -2 4
Sendrecv 120279 120280 -2 2
Sendrecv 120288 120306 -2 4
Sendrecv 120315 120316 -2 2
Sendrecv 120325 120343 -2 4
Sendrecv 120352 120353 -2 2
Sendrecv 120362 120380 -2 4
Sendrecv 120389 120390 -2 2
Sendrecv 120399 120416 -2 4
Sendrecv 120428 120428 -2 2
Sendrecv 120437 120453 -2 4
Sendrecv 120462 120463 -2 2
Sendrecv 120472 120492 -2 4
Sendrecv 120501 120502 -2 2
Sendrecv 120511 120528 -2 4
Sendrecv 120537 120538 -2 2
Sendrecv 120547 120565 -2 4
Sendrecv 120574 120575 -2 2
Sendrecv 120584 120602 -2 4
Sendrecv 120611 120612 -2 2
Sendrecv 120621 120639 -2 4
Sendrecv 120648 120649 -2 2
Sendrecv 120658 120677 -2 4
Sendrecv 120686 120687 -2 2
Sendrecv 120696 120713 -2 4
Sendrecv 120723 120723 -2 2
Sendrecv 120732 120750 -2 4
Sendrecv 120759 120760 -2 2
Sendrecv 120769 120790 -2 4
Sendrecv 120799 120799 -2 2
Sendrecv 120808 120828 -2 4
Sendrecv 120837 120841 -2 2
Sendrecv 120850 120863 -2 4
Sendrecv 120872 120879 -2 2
Sendrecv 120888 120901 -2 4
Sendrecv 120911 120917 -2 2
Sendrecv 120926 120939 -2 4
Sendrecv 120950 120954 -2 2
Sendrecv 120963 120977 -2 4
Sendrecv 120986 120991 -2 2
Sendrecv 121000 121014 -2 4
Sendrecv 121024 121028 -2 2
Sendrecv 121038 121052 -2 4
Sendrecv 121061 121069 -2 2
Sendrecv 121078 121090 -2 4
Sendrecv 121099 121107 -2 2
Sendrecv 121116 121129 -2 4
Sendrecv 121138 121145 -2 2
Sendrecv 121154 121167 -2 4
Sendrecv 121176 121182 -2 2
Sendrecv 121191 121205 -2 4
Sendrecv 121214 121219 -2 2
Sendrecv 121228 121243 -2 4
Sendrecv 121252 121258 -2 2
Sendrecv 121267 121281 -2 4
Sendrecv 121290 121294 -2 2
Sendrecv 121303 121322 -2 4
Sendrecv 121331 121332 -2 2
Sendrecv 121341 121360 -2 4
Sendrecv 121369 121369 -2 2
Sendrecv 121378 121397 -2 4
Sendrecv 121406 121407 -2 2
Sendrecv 121416 121434 -2 4
Sendrecv 121443 121445 -2 2
Sendrecv 121454 121472 -2 4
Sendrecv 121481 121483 -2 2
Sendrecv 121494 121510 -2 4
Sendrecv 121519 121521 -2 2
Sendrecv 121530 121547 -2 4
Sendrecv 121556 121558 -2 2
Sendrecv 121567 121587 -2 4
Sendrecv 121596 121600 -2 2
Sendrecv 121609 121624 -2 4
Sendrecv 121634 121636 -2 2
Sendrecv 121645 121662 -2 4
Sendrecv 121671 121674 -2 2
Sendrecv 121682 121700 -2 4
Sendrecv 121709 121711 -2 2
Sendrecv 121720 121738 -2 4
Sendrecv 121747 121752 -2 2
Sendrecv 121760 121775 -2 4
Sendrecv 121784 121791 -2 2
Sendrecv 121800 121813 -2 4
Sendrecv 121823 121827 -2 2
Sendrecv 121836 121854 -2 4
Sendrecv 121864 121866 -2 2
Sendrecv 121875 121893 -2 4
Sendrecv 121902 121903 -2 2
Sendrecv 121912 121930 -2 4
Sendrecv 121939 121941 -2 2
Sendrecv 121950 121968 -2 4
Sendrecv 121977 121980 -2 2
Sendrecv 121988 122006 -2 4
Sendrecv 122015 122017 -2 2
Sendrecv 122028 122043 -2 4
Sendrecv 122052 122055 -2 2
Sendrecv 122064 122081 -2 4
Sendrecv 122090 122093 -2 2
Sendrecv 122102 122120 -2 4
Sendrecv 122129 122133 -2 2
Sendrecv 122142 122156 -2 4
Sendrecv 122165 122172 -2 2
Sendrecv 122181 122193 -2 4
Sendrecv 122202 122210 -2 2
Sendrecv 122219 122231 -2 4
Sendrecv 122240 122248 -2 2
Sendrecv 122257 122270 -2 4
Sendrecv 122279 122285 -2 2
Sendrecv 122294 122307 -2 4
Sendrecv 122316 122325 -2 2
Sendrecv 122334 122345 -2 4
Sendrecv 122354 122362 -2 2
Sendrecv 122371 122383 -2 4
Sendrecv 122393 122404 -2 2
Sendrecv 122413 122429 -2 4
Sendrecv 122438 122439 -2 2
Sendrecv 122448 122466 -2 4
Sendrecv 122475 122476 -2 2
Sendrecv 122485 122502 -2 4
Sendrecv 122511 122512 -2 2
Sendrecv 122521 122539 -2 4
Sendrecv 122549 122549 -2 2
Sendrecv 122559 122576 -2 4
Sendrecv 122588 122591 -2 2
Sendrecv 122601 122625 -2 4
Sendrecv 122635 122636 -2 2
Sendrecv 122645 122669 -2 4
Sendrecv 122678 122680 -2 2
Sendrecv 122689 122708 -2 4
Sendrecv 122717 122719 -2 2
Sendrecv 122728 122745 -2 4
Sendrecv 122755 122757 -2 2
Sendrecv 122766 122784 -2 4
Sendrecv 122793 122795 -2 2
Sendrecv 122804 122822 -2 4
Sendrecv 122832 122836 -2 2
Sendrecv 122845 122859 -2 4
Sendrecv 122868 122877 -2 2
Sendrecv 122886 122898 -2 4
Sendrecv 122907 122913 -2 2
Sendrecv 122922 122935 -2 4
Sendrecv 122944 122951 -2 2
Sendrecv 122960 122976 -2 4
Sendrecv 122985 122987 -2 2
Sendrecv 122996 123015 -2 4
Sendrecv 123024 123025 -2 2
Sendrecv 123034 123052 -2 4
Sendrecv 123061 123063 -2 2
Sendrecv 123073 123090 -2 4
Sendrecv 123099 123102 -2 2
Sendrecv 123111 123129 -2 4
Sendrecv 123140 123141 -2 2
Sendrecv 123150 123167 -2 4
Sendrecv 123176 123179 -2 2
Sendrecv 123188 123292 -2 4
Sendrecv 123342 123345 -2 2
Sendrecv 123361 123364 -2 4
Sendrecv 123381 123393 -2 2
Sendrecv 123410 123412 -2 4
Sendrecv 123429 123434 -2 2
Sendrecv 123452 123454 -2 4
Sendrecv 123471 123473 -2 2
Sendrecv 123491 123492 -2 4
Sendrecv 123510 123511 -2 2
Sendrecv 123528 123530 -2 4
Sendrecv 123551 123552 -2 2
Sendrecv 123570 123571 -2 4
Sendrecv 123589 123590 -2 2
Sendrecv 123608 123609 -2 4
Sendrecv 123628 123629 -2 2
Sendrecv 123647 123737 -2 4
Sendrecv 123779 123781 -2 2
Sendrecv 123801 123803 -2 4
Sendrecv 123822 123921 -2 2
Sendrecv 123951 125166 -2 4
Sendrecv 125189 125193 -2 2
Sendrecv 125203 125205 -2 4
Sendrecv 125214 125227 -2 2
Sendrecv 125237 125238 -2 4
Sendrecv 125250 125286 -2 2
Sendrecv 125295 125296 -2 4
Sendrecv 125305 125329 -2 2
Sendrecv 125338 125339 -2 4
Sendrecv 125348 125366 -2 2
Sendrecv 125376 125376 -2 4
Sendrecv 125386 125405 -2 2
Sendrecv 125414 125414 -2 4
Sendrecv 125424 125443 -2 2
Sendrecv 125452 125453 -2 4
Sendrecv 125462 125481 -2 2
Sendrecv 125490 125491 -2 4
Sendrecv 125501 125519 -2 2
Sendrecv 125528 125529 -2 4
Sendrecv 125538 125559 -2 2
Sendrecv 125568 125569 -2 4
Sendrecv 125578 125597 -2 2
Sendrecv 125606 125607 -2 4
Sendrecv 125616 125634 -2 2
Sendrecv 125643 125644 -2 4
Sendrecv 125653 125674 -2 2
Sendrecv 125684 125684 -2 4
Sendrecv 125694 125712 -2 2
Sendrecv 125721 125722 -2 4
Sendrecv 125731 125762 -2 2
Sendrecv 125774 125775 -2 4
Sendrecv 125785 125800 -2 2
Sendrecv 125811 125812 -2 4
Sendrecv 125821 125838 -2 2
Sendrecv 125847 125848 -2 4
Sendrecv 125857 125877 -2 2
Sendrecv 125886 125887 -2 4
Sendrecv 125896 125917 -2 2
Sendrecv 125927 125927 -2 4
Sendrecv 125936 125956 -2 2
Sendrecv 125965 125966 -2 4
Sendrecv 125975 125993 -2 2
Sendrecv 126003 126003 -2 4
Sendrecv 126012 126031 -2 2
Sendrecv 126042 126043 -2 4
Sendrecv 126052 126070 -2 2
Sendrecv 126079 126080 -2 4
Sendrecv 126089 126110 -2 2
Sendrecv 126119 126120 -2 4
Sendrecv 126129 126150 -2 2
Sendrecv 126159 126160 -2 4
Sendrecv 126169 126187 -2 2
Sendrecv 126196 126197 -2 4
Sendrecv 126206 126225 -2 2
Sendrecv 126234 126234 -2 4
Sendrecv 126243 126262 -2 2
Sendrecv 126272 126272 -2 4
Sendrecv 126281 126299 -2 2
Sendrecv 126309 126309 -2 4
Sendrecv 126320 126337 -2 2
Sendrecv 126346 126346 -2 4
Sendrecv 126356 126375 -2 2
Sendrecv 126384 126385 -2 4
Sendrecv 126394 126413 -2 2
Sendrecv 126422 126422 -2 4
Sendrecv 126432 126452 -2 2
Sendrecv 126461 126462 -2 4
Sendrecv 126471 126501 -2 2
Sendrecv 126511 126512 -2 4
Sendrecv 126521 126534 -2 2
Sendrecv 126543 126544 -2 4
Sendrecv 126553 126572 -2 2
Sendrecv 126581 126582 -2 4
Sendrecv 126591 126609 -2 2
Sendrecv 126618 126619 -2 4
Sendrecv 126628 126646 -2 2
Sendrecv 126655 126655 -2 4
Sendrecv 126664 126687 -2 2
Sendrecv 126697 126701 -2 4
Sendrecv 126710 126747 -2 2
Sendrecv 126758 126759 -2 4
Sendrecv 126768 126786 -2 2
Sendrecv 126795 126795 -2 4
Sendrecv 126804 126826 -2 2
Sendrecv 126835 126835 -2 4
Sendrecv 126845 126862 -2 2
Sendrecv 126874 126875 -2 4
Sendrecv 126884 126900 -2 2
Sendrecv 126909 126909 -2 4
Sendrecv 126918 126937 -2 2
Sendrecv 126946 126946 -2 4
Sendrecv 126955 126975 -2 2
Sendrecv 126985 126985 -2 4
Sendrecv 126994 127014 -2 2
Sendrecv 127023 127024 -2 4
Sendrecv 127033 127052 -2 2
Sendrecv 127061 127062 -2 4
Sendrecv 127071 127089 -2 2
Sendrecv 127098 127099 -2 4
Sendrecv 127107 127126 -2 2
Sendrecv 127135 127136 -2 4
Sendrecv 127145 127163 -2 2
Sendrecv 127172 127173 -2 4
Sendrecv 127182 127200 -2 2
Sendrecv 127209 127210 -2 4
Sendrecv 127219 127240 -2 2
Sendrecv 127249 127250 -2 4
Sendrecv 127259 127277 -2 2
Sendrecv 127286 127286 -2 4
Sendrecv 127295 127315 -2 2
Sendrecv 127324 127325 -2 4
Sendrecv 127333 127352 -2 2
Sendrecv 127361 127362 -2 4
Sendrecv 127373 127390 -2 2
Sendrecv 127399 127400 -2 4
Sendrecv 127409 127427 -2 2
Sendrecv 127436 127436 -2 4
Sendrecv 127445 127464 -2 2
Sendrecv 127473 127474 -2 4
Sendrecv 127483 127502 -2 2
Sendrecv 127511 127511 -2 4
Sendrecv 129104 129245 -2 2
Sendrecv 129256 129257 -2 4
Sendrecv 129266 129307 -2 2
Sendrecv 129316 129317 -2 4
Sendrecv 129326 129347 -2 2
Sendrecv 129356 129363 -2 4
Sendrecv 129372 129385 -2 2
Sendrecv 129394 129400 -2 4
Sendrecv 129409 129423 -2 2
Sendrecv 129432 129438 -2 4
Sendrecv 129450 129460 -2 2
Sendrecv 129469 129476 -2 4
Sendrecv 129484 129498 -2 2
Sendrecv 129507 129513 -2 4
Sendrecv 129522 129534 -2 2
Sendrecv 129543 129550 -2 4
Sendrecv 129559 129571 -2 2
Sendrecv 129580 129587 -2 4
Sendrecv 129596 129608 -2 2
Sendrecv 129617 129626 -2 4
Sendrecv 129635 129644 -2 2
Sendrecv 129653 129662 -2 4
Sendrecv 129671 129681 -2 2
Sendrecv 129689 129698 -2 4
Sendrecv 129707 129717 -2 2
Sendrecv 129726 129735 -2 4
Sendrecv 129752 129769 -2 2
Sendrecv 129778 129779 -2 4
Sendrecv 129788 129806 -2 2
Sendrecv 129814 129819 -2 4
Sendrecv 129828 129844 -2 2
Sendrecv 129853 129857 -2 4
Sendrecv 129865 129880 -2 2
Sendrecv 129889 129895 -2 4
Sendrecv 129904 129916 -2 2
Sendrecv 129924 129931 -2 4
Sendrecv 129940 129952 -2 2
Sendrecv 129961 129969 -2 4
Sendrecv 129977 129988 -2 2
Sendrecv 129999 130006 -2 4
Sendrecv 130015 130023 -2 2
Sendrecv 130032 130044 -2 4
Sendrecv 130052 130059 -2 2
Sendrecv 130067 130080 -2 4
Sendrecv 130089 130095 -2 2
Sendrecv 130104 130117 -2 4
Sendrecv 130125 130130 -2 2
Sendrecv 130138 130154 -2 4
Sendrecv 130163 130165 -2 2
Sendrecv 130174 130192 -2 4
Sendrecv 130200 130201 -2 2
Sendrecv 130210 130230 -2 4
Sendrecv 130238 130239 -2 2
Sendrecv 130247 130267 -2 4
Sendrecv 130275 130276 -2 2
Sendrecv 130284 130304 -2 4
Sendrecv 130313 130314 -2 2
Sendrecv 130322 130344 -2 4
Sendrecv 130353 130353 -2 2
Sendrecv 130362 130381 -2 4
Sendrecv 130389 130390 -2 2
Sendrecv 130399 130418 -2 4
Sendrecv 130427 130428 -2 2
Sendrecv 130436 130456 -2 4
Sendrecv 130464 130465 -2 2
Sendrecv 130474 130494 -2 4
Sendrecv 130502 130503 -2 2
Sendrecv 130513 130531 -2 4
Sendrecv 130539 130540 -2 2
Sendrecv 130549 130568 -2 4
Sendrecv 130576 130577 -2 2
Sendrecv 130586 130605 -2 4
Sendrecv 130614 130614 -2 2
Sendrecv 130623 130642 -2 4
Sendrecv 130651 130652 -2 2
Sendrecv 130660 130683 -2 4
Sendrecv 130692 130693 -2 2
Sendrecv 130701 130719 -2 4
Sendrecv 130727 130728 -2 2
Sendrecv 130741 130762 -2 4
Sendrecv 130772 130774 -2 2
Sendrecv 130782 130800 -2 4
Sendrecv 130808 130809 -2 2
Sendrecv 130817 130836 -2 4
Sendrecv 130845 130846 -2 2
Sendrecv 130854 130877 -2 4
Sendrecv 130886 130886 -2 2
Sendrecv 130895 130913 -2 4
Sendrecv 130922 130922 -2 2
Sendrecv 130930 130950 -2 4
Sendrecv 130958 130959 -2 2
Sendrecv 130967 130987 -2 4
Sendrecv 130995 130996 -2 2
Sendrecv 131004 131024 -2 4
Sendrecv 131032 131033 -2 2
Sendrecv 131043 131061 -2 4
Sendrecv 131070 131070 -2 2
Sendrecv 131078 131098 -2 4
Sendrecv 131106 131107 -2 2
Sendrecv 131115 131134 -2 4
Sendrecv 131142 131143 -2 2
Sendrecv 131151 131171 -2 4
Sendrecv 131179 131180 -2 2
Sendrecv 131188 131208 -2 4
Sendrecv 131216 131217 -2 2
Sendrecv 131225 131245 -2 4
Sendrecv 131253 131254 -2 2
Sendrecv 131262 131281 -2 4
Sendrecv 131290 131290 -2 2
Sendrecv 131298 131318 -2 4
Sendrecv 131326 131327 -2 2
Sendrecv 131335 131355 -2 4
Sendrecv 131363 131364 -2 2
Sendrecv 131372 131391 -2 4
Sendrecv 131400 131401 -2 2
Sendrecv 131409 131431 -2 4
Sendrecv 131439 131440 -2 2
Sendrecv 131448 131467 -2 4
Sendrecv 131475 131476 -2 2
Sendrecv 131484 131505 -2 4
Sendrecv 131513 131514 -2 2
Sendrecv 131522 131541 -2 4
Sendrecv 131550 131550 -2 2
Sendrecv 131558 131579 -2 4
Sendrecv 131589 131590 -2 2
Sendrecv 131598 131615 -2 4
Sendrecv 131624 131624 -2 2
Sendrecv 131632 131653 -2 4
Sendrecv 131661 131661 -2 2
Sendrecv 131669 131689 -2 4
Sendrecv 131697 131698 -2 2
Sendrecv 131706 131727 -2 4
Sendrecv 131740 131741 -2 2
Sendrecv 131753 131772 -2 4
Sendrecv 131780 131781 -2 2
Sendrecv 131789 131808 -2 4
Sendrecv 131816 131817 -2 2
Sendrecv 131825 131845 -2 4
Sendrecv 131853 131854 -2 2
Sendrecv 131861 131881 -2 4
Sendrecv 131889 131890 -2 2
Sendrecv 131898 131918 -2 4
Sendrecv 131926 131927 -2 2
Sendrecv 131935 131958 -2 4
Sendrecv 131966 131967 -2 2
Sendrecv 131974 131994 -2 4
Sendrecv 132002 132003 -2 2
Sendrecv 132011 132031 -2 4
Sendrecv 132039 132040 -2 2
Sendrecv 132048 132068 -2 4
Sendrecv 132076 132077 -2 2
Sendrecv 132084 132105 -2 4
Sendrecv 132115 132116 -2 2
Sendrecv 132123 132141 -2 4
Sendrecv 132149 132150 -2 2
Sendrecv 132158 132178 -2 4
Sendrecv 132186 132187 -2 2
Sendrecv 132194 132215 -2 4
Sendrecv 132223 132224 -2 2
Sendrecv 132231 132251 -2 4
Sendrecv 132259 132260 -2 2
Sendrecv 132268 132288 -2 4
Sendrecv 132296 132296 -2 2
Sendrecv 132304 132325 -2 4
Sendrecv 132333 132334 -2 2
Sendrecv 132341 132362 -2 4
Sendrecv 132370 132371 -2 2
Sendrecv 132378 132398 -2 4
Sendrecv 132406 132407 -2 2
Sendrecv 132415 132436 -2 4
Sendrecv 132443 132444 -2 2
Sendrecv 132452 132475 -2 4
Sendrecv 132483 132484 -2 2
Sendrecv 132491 132511 -2 4
Sendrecv 132519 132520 -2 2
Sendrecv 132528 132548 -2 4
Sendrecv 132556 132557 -2 2
Sendrecv 132564 132585 -2 4
Sendrecv 132592 132593 -2 2
Sendrecv 132601 132621 -2 4
Sendrecv 132629 132630 -2 2
Sendrecv 132639 132657 -2 4
Sendrecv 132665 132666 -2 2
Sendrecv 132673 132694 -2 4
Sendrecv 132701 132702 -2 2
Sendrecv 132710 132730 -2 4
Sendrecv 132745 132746 -2 2
Sendrecv 132755 132772 -2 4
Sendrecv 132780 132780 -2 2
Sendrecv 132788 132811 -2 4
Sendrecv 132819 132819 -2 2
Sendrecv 132827 132847 -2 4
Sendrecv 132855 132855 -2 2
Sendrecv 132863 132884 -2 4
Sendrecv 132892 132892 -2 2
Sendrecv 132900 132921 -2 4
Sendrecv 132929 132929 -2 2
Sendrecv 132937 132958 -2 4
Sendrecv 132966 132967 -2 2
Sendrecv 132974 132998 -2 4
Sendrecv 133005 133006 -2 2
Sendrecv 133014 133034 -2 4
Sendrecv 133041 133042 -2 2
Sendrecv 133050 133070 -2 4
Sendrecv 133077 133078 -2 2
Sendrecv 133086 133106 -2 4
Sendrecv 133114 133115 -2 2
Sendrecv 133122 133143 -2 4
Sendrecv 133150 133151 -2 2
Sendrecv 133160 133179 -2 4
Sendrecv 133187 133187 -2 2
Sendrecv 133195 133216 -2 4
Sendrecv 133223 133224 -2 2
Sendrecv 133232 133252 -2 4
Sendrecv 133260 133261 -2 2
Sendrecv 133268 133289 -2 4
Sendrecv 133296 133297 -2 2
Sendrecv 133305 133325 -2 4
Sendrecv 133333 133334 -2 2
Sendrecv 133341 133362 -2 4
Sendrecv 133370 133370 -2 2
Sendrecv 133378 133398 -2 4
Sendrecv 133406 133406 -2 2
Sendrecv 133414 133435 -2 4
Sendrecv 133443 133443 -2 2
Sendrecv 133451 133472 -2 4
Sendrecv 133479 133480 -2 2
Sendrecv 133488 133509 -2 4
Sendrecv 133517 133517 -2 2
Sendrecv 133525 133548 -2 4
Sendrecv 133555 133556 -2 2
Sendrecv 133563 133584 -2 4
Sendrecv 133592 133593 -2 2
Sendrecv 133600 133621 -2 4
Sendrecv 133629 133629 -2 2
Sendrecv 133637 133658 -2 4
Sendrecv 133665 133666 -2 2
Sendrecv 133673 133694 -2 4
Sendrecv 133704 133705 -2 2
Sendrecv 133712 133731 -2 4
Sendrecv 133745 133747 -2 2
Sendrecv 133755 133774 -2 4
Sendrecv 133782 133782 -2 2
Sendrecv 133790 133811 -2 4
Sendrecv 133819 133819 -2 2
Sendrecv 133827 133851 -2 4
Sendrecv 133858 133859 -2 2
Sendrecv 133866 133887 -2 4
Sendrecv 133894 133895 -2 2
Sendrecv 133902 133924 -2 4
Sendrecv 133931 133932 -2 2
Sendrecv 133939 133960 -2 4
Sendrecv 133967 133968 -2 2
Sendrecv 133975 133998 -2 4
Sendrecv 134005 134006 -2 2
Sendrecv 134013 134034 -2 4
Sendrecv 134041 134042 -2 2
Sendrecv 134049 134073 -2 4
Sendrecv 134081 134081 -2 2
Sendrecv 134088 134110 -2 4
Sendrecv 134117 134118 -2 2
Sendrecv 134125 134147 -2 4
Sendrecv 134154 134155 -2 2
Sendrecv 134161 134183 -2 4
Sendrecv 134190 134191 -2 2
Sendrecv 134198 134220 -2 4
Sendrecv 134229 134230 -2 2
Sendrecv 134237 134256 -2 4
Sendrecv 134263 134264 -2 2
Sendrecv 134271 134294 -2 4
Sendrecv 134301 134301 -2 2
Sendrecv 134308 134330 -2 4
Sendrecv 134337 134338 -2 2
Sendrecv 134345 134367 -2 4
Sendrecv 134374 134375 -2 2
Sendrecv 134382 134403 -2 4
Sendrecv 134410 134411 -2 2
Sendrecv 134418 134440 -2 4
Sendrecv 134447 134448 -2 2
Sendrecv 134455 134476 -2 4
Sendrecv 134483 134484 -2 2
Sendrecv 134491 134512 -2 4
Sendrecv 134519 134520 -2 2
Sendrecv 134527 134548 -2 4
Sendrecv 134555 134556 -2 2
Sendrecv 134563 134586 -2 4
Sendrecv 134593 134594 -2 2
Sendrecv 134601 134622 -2 4
Sendrecv 134629 134629 -2 2
Sendrecv 134636 134658 -2 4
Sendrecv 134665 134666 -2 2
Sendrecv 134672 134693 -2 4
Sendrecv 134701 134701 -2 2
Sendrecv 134708 134729 -2 4
Sendrecv 134742 134763 -2 2
Sendrecv 134776 134783 -2 4
Sendrecv 134791 134797 -2 2
Sendrecv 134804 134818 -2 4
Sendrecv 134825 134827 -2 2
Sendrecv 134834 134853 -2 4
Sendrecv 134861 134861 -2 2
Sendrecv 134868 134889 -2 4
Sendrecv 134897 134897 -2 2
Sendrecv 134904 134927 -2 4
Sendrecv 134934 134935 -2 2
Sendrecv 134942 134962 -2 4
Sendrecv 134970 134970 -2 2
Sendrecv 134977 134998 -2 4
Sendrecv 135005 135006 -2 2
Sendrecv 135013 135034 -2 4
Sendrecv 135041 135042 -2 2
Sendrecv 135049 135070 -2 4
Sendrecv 135077 135078 -2 2
Sendrecv 135085 135108 -2 4
Sendrecv 135115 135116 -2 2
Sendrecv 135123 135143 -2 4
Sendrecv 135151 135151 -2 2
Sendrecv 135159 135179 -2 4
Sendrecv 135186 135187 -2 2
Sendrecv 135194 135214 -2 4
Sendrecv 135221 135222 -2 2
Sendrecv 135229 135249 -2 4
Sendrecv 135257 135257 -2 2
Sendrecv 135267 135285 -2 4
Sendrecv 135292 135293 -2 2
Sendrecv 135300 135321 -2 4
Sendrecv 135328 135329 -2 2
Sendrecv 135336 135355 -2 4
Sendrecv 135363 135363 -2 2
Sendrecv 135370 135391 -2 4
Sendrecv 135398 135399 -2 2
Sendrecv 135406 135426 -2 4
Sendrecv 135433 135434 -2 2
Sendrecv 135441 135462 -2 4
Sendrecv 135469 135470 -2 2
Sendrecv 135477 135497 -2 4
Sendrecv 135504 135505 -2 2
Sendrecv 135512 135532 -2 4
Sendrecv 135539 135540 -2 2
Sendrecv 135547 135568 -2 4
Sendrecv 135575 135576 -2 2
Sendrecv 135583 135606 -2 4
Sendrecv 135613 135614 -2 2
Sendrecv 135621 135641 -2 4
Sendrecv 135648 135649 -2 2
Sendrecv 135656 135676 -2 4
Sendrecv 135683 135684 -2 2
Sendrecv 135691 135711 -2 4
Sendrecv 135718 135719 -2 2
Sendrecv 135726 135751 -2 4
Sendrecv 135760 135761 -2 2
Sendrecv 135770 135785 -2 4
Sendrecv 135793 135799 -2 2
Sendrecv 135806 137581 -2 4
Sendrecv 137601 137609 -2 2
Sendrecv 137617 137619 -2 4
Sendrecv 137626 137765 -2 2
Sendrecv 137774 137775 -2 4
Sendrecv 137782 137800 -2 2
Sendrecv 137808 137818 -2 4
Sendrecv 137825 137835 -2 2
Sendrecv 137842 137857 -2 4
Sendrecv 137865 137874 -2 2
Sendrecv 137881 137893 -2 4
Sendrecv 137900 137913 -2 2
Sendrecv 137920 137927 -2 4
Sendrecv 137935 137947 -2 2
Sendrecv 137954 137962 -2 4
Sendrecv 137969 137984 -2 2
Sendrecv 137991 137998 -2 4
Sendrecv 138006 138023 -2 2
Sendrecv 138030 138034 -2 4
Sendrecv 138041 138058 -2 2
Sendrecv 138065 138069 -2 4
Sendrecv 138076 138094 -2 2
Sendrecv 138101 138103 -2 4
Sendrecv 138111 138129 -2 2
Sendrecv 138136 138138 -2 4
Sendrecv 138145 138163 -2 2
Sendrecv 138170 138173 -2 4
Sendrecv 138182 138198 -2 2
Sendrecv 138205 138208 -2 4
Sendrecv 138215 138233 -2 2
Sendrecv 138240 138243 -2 4
Sendrecv 138250 138268 -2 2
Sendrecv 138275 138278 -2 4
Sendrecv 138285 138301 -2 2
Sendrecv 138308 138314 -2 4
Sendrecv 138322 138336 -2 2
Sendrecv 138343 138350 -2 4
Sendrecv 138357 138371 -2 2
Sendrecv 138378 138383 -2 4
Sendrecv 138390 138405 -2 2
Sendrecv 138412 138419 -2 4
Sendrecv 138426 138441 -2 2
Sendrecv 138448 138452 -2 4
Sendrecv 138459 138476 -2 2
Sendrecv 138484 138486 -2 4
Sendrecv 138493 138514 -2 2
Sendrecv 138521 138523 -2 4
Sendrecv 138530 138548 -2 2
Sendrecv 138555 138558 -2 4
Sendrecv 138565 138582 -2 2
Sendrecv 138590 138591 -2 4
Sendrecv 138598 138617 -2 2
Sendrecv 138624 138626 -2 4
Sendrecv 138633 138651 -2 2
Sendrecv 138658 138660 -2 4
Sendrecv 138669 138685 -2 2
Sendrecv 138692 138694 -2 4
Sendrecv 138701 138719 -2 2
Sendrecv 138726 138728 -2 4
Sendrecv 138735 138906 -2 2
Sendrecv 138937 138940 -2 4
Sendrecv 138956 138958 -2 2
Sendrecv 138973 138989 -2 4
Sendrecv 139004 139005 -2 2
Sendrecv 139020 139028 -2 4
Sendrecv 139043 139063 -2 2
Sendrecv 139079 139080 -2 4
Sendrecv 139094 139096 -2 2
Sendrecv 139110 139116 -2 4
Sendrecv 139130 139132 -2 2
Sendrecv 139147 139151 -2 4
Sendrecv 139166 139168 -2 2
Sendrecv 139182 139187 -2 4
Sendrecv 139204 139205 -2 2
Sendrecv 139220 139225 -2 4
Sendrecv 139239 139241 -2 2
Sendrecv 139256 139259 -2 4
Sendrecv 139274 139275 -2 2
Sendrecv 139290 139294 -2 4
Sendrecv 139309 139310 -2 2
Sendrecv 139325 139328 -2 4
Sendrecv 139343 139344 -2 2
Sendrecv 139359 139362 -2 4
Sendrecv 139379 139381 -2 2
Sendrecv 139525 139529 -2 4
Sendrecv 139548 139550 -2 2
Sendrecv 139564 139573 -2 4
Sendrecv 139587 139599 -2 2
Sendrecv 139614 139616 -2 4
Sendrecv 139629 139821 -2 2
Sendrecv 139839 139841 -2 4
Sendrecv 139855 140379 -2 2
Sendrecv 140442 140445 -2 4
Sendrecv 140463 140465 -2 2
Sendrecv 140482 140509 -2 4
Sendrecv 140527 140770 -2 2
Sendrecv 140788 140810 -2 4
Sendrecv 140826 140828 -2 2
Sendrecv 140842 140848 -2 4
Sendrecv 140863 140864 -2 2
Sendrecv 140878 140880 -2 4
Sendrecv 140894 140896 -2 2
Sendrecv 140910 140913 -2 4
Sendrecv 140927 140929 -2 2
Sendrecv 140943 140945 -2 4
Sendrecv 140959 140960 -2 2
Sendrecv 140975 140978 -2 4
Sendrecv 140992 140994 -2 2
Sendrecv 141008 141009 -2 4
Sendrecv 141024 141025 -2 2
Sendrecv 141039 141042 -2 4
Sendrecv 141058 141059 -2 2
Sendrecv 141074 141075 -2 4
Sendrecv 141090 141092 -2 2
Sendrecv 141106 141107 -2 4
Sendrecv 141122 141123 -2 2
Sendrecv 141137 141140 -2 4
Sendrecv 141154 141156 -2 2
Sendrecv 141170 141172 -2 4
Sendrecv 141187 141188 -2 2
Sendrecv 141202 141204 -2 4
Sendrecv 141218 141219 -2 2
Sendrecv 141236 141237 -2 4
Sendrecv 141252 141253 -2 2
Sendrecv 141268 141269 -2 4
Sendrecv 141283 141285 -2 2
Sendrecv 141299 141361 -2 4
Sendrecv 141378 141379 -2 2
Sendrecv 141393 141483 -2 4
Sendrecv 141499 141500 -2 2
Sendrecv 141514 141528 -2 4
Sendrecv 141543 141545 -2 2
Sendrecv 141558 141564 -2 4
Sendrecv 141579 141580 -2 2
Sendrecv 141594 141600 -2 4
Sendrecv 141614 141616 -2 2
Sendrecv 141630 141650 -2 4
Sendrecv 141666 141667 -2 2
Sendrecv 141681 141694 -2 4
Sendrecv 141709 141711 -2 2
Sendrecv 141728 141741 -2 4
Sendrecv 141756 141758 -2 2
Sendrecv 141772 141850 -2 4
Sendrecv 141867 141868 -2 2
Sendrecv 141881 141882 -2 4
Sendrecv 141897 141900 -2 2
Sendrecv 141914 141954 -2 4
Sendrecv 141970 141971 -2 2
Sendrecv 141985 141990 -2 4
Sendrecv 142004 142006 -2 2
Sendrecv 142022 142023 -2 4
Sendrecv 142038 142039 -2 2
Sendrecv 142054 142056 -2 4
Sendrecv 142069 142071 -2 2
Sendrecv 142085 142088 -2 4
Sendrecv 142103 142104 -2 2
Sendrecv 142119 142121 -2 4
Sendrecv 142136 142137 -2 2
Sendrecv 142151 142186 -2 4
Sendrecv 142203 142204 -2 2
Sendrecv 142218 142221 -2 4
Sendrecv 142235 142237 -2 2
Sendrecv 142251 142253 -2 4
Sendrecv 142267 142268 -2 2
Sendrecv 142283 142287 -2 4
Sendrecv 142301 142302 -2 2
Sendrecv 142317 142320 -2 4
Sendrecv 142335 142352 -2 2
Sendrecv 142368 142370 -2 4
Sendrecv 142384 142385 -2 2
Sendrecv 142399 142404 -2 4
Sendrecv 142418 142420 -2 2
Sendrecv 142434 142436 -2 4
Sendrecv 142450 142452 -2 2
Sendrecv 142467 142469 -2 4
Sendrecv 142483 142484 -2 2
Sendrecv 142498 142501 -2 4
Sendrecv 142516 142518 -2 2
Sendrecv 142534 142536 -2 4
Sendrecv 142550 142552 -2 2
Sendrecv 146635 146639 -2 4
Sendrecv 146653 146704 -2 2
Sendrecv 146722 146723 -2 4
Sendrecv 146738 148989 -2 2
Sendrecv 149004 149012 -2 4
Sendrecv 149026 149028 -2 2
Sendrecv 149042 149059 -2 4
Sendrecv 149075 149076 -2 2
Sendrecv 149090 149101 -2 4
Sendrecv 149116 149118 -2 2
Sendrecv 149131 149133 -2 4
Sendrecv 149147 149149 -2 2
Sendrecv 149165 149166 -2 4
Sendrecv 149181 149182 -2 2
Sendrecv 149196 149197 -2 4
Sendrecv 149212 149213 -2 2
Sendrecv 149227 149229 -2 4
Sendrecv 149243 149244 -2 2
Sendrecv 149259 149260 -2 4
Sendrecv 149274 149276 -2 2
Sendrecv 149290 149291 -2 4
Sendrecv 149306 149307 -2 2
Sendrecv 149321 149323 -2 4
Sendrecv 149337 149338 -2 2
Sendrecv 149352 149354 -2 4
Sendrecv 149368 149369 -2 2
Sendrecv 149383 149385 -2 4
Sendrecv 149399 149400 -2 2
Sendrecv 149414 149416 -2 4
Sendrecv 149430 149431 -2 2
Sendrecv 149448 149450 -2 4
Sendrecv 149463 149465 -2 2
Sendrecv 149479 149480 -2 4
Sendrecv 149494 149496 -2 2
Sendrecv 149510 149511 -2 4
Sendrecv 149525 149527 -2 2
Sendrecv 149541 149542 -2 4
Sendrecv 149556 149557 -2 2
Sendrecv 149571 149573 -2 4
Sendrecv 149587 149588 -2 2
Sendrecv 149604 149606 -2 4
Sendrecv 149620 149622 -2 2
Sendrecv 149636 149637 -2 4
Sendrecv 149651 149652 -2 2
Sendrecv 149667 149668 -2 4
Sendrecv 149682 149684 -2 2
Sendrecv 149704 149706 -2 4
Sendrecv 149720 149722 -2 2
Sendrecv 149736 149737 -2 4
Sendrecv 149751 149752 -2 2
Sendrecv 149766 149768 -2 4
Sendrecv 149782 149783 -2 2
Sendrecv 149798 149799 -2 4
Sendrecv 149813 149815 -2 2
Sendrecv 149829 149830 -2 4
Sendrecv 149844 149846 -2 2
Sendrecv 149860 149862 -2 4
Sendrecv 149876 149877 -2 2
Sendrecv 149893 149895 -2 4
Sendrecv 149909 149911 -2 2
Sendrecv 149925 149926 -2 4
Sendrecv 149940 149942 -2 2
Sendrecv 149956 149957 -2 4
Sendrecv 149972 149973 -2 2
Sendrecv 149987 149988 -2 4
Sendrecv 150003 150005 -2 2
Sendrecv 150018 150019 -2 4
Sendrecv 150034 150035 -2 2
Sendrecv 150049 150050 -2 4
Sendrecv 150067 150069 -2 2
Sendrecv 150083 150084 -2 4
Sendrecv 150099 150100 -2 2
Sendrecv 150114 150115 -2 4
Sendrecv 150130 150132 -2 2
Sendrecv 150146 150147 -2 4
Sendrecv 150161 150163 -2 2
Sendrecv 150177 150178 -2 4
Sendrecv 150193 150194 -2 2
Sendrecv 150208 150209 -2 4
Sendrecv 150224 150225 -2 2
Sendrecv 150239 150240 -2 4
Sendrecv 150255 150256 -2 2
Sendrecv 150270 150271 -2 4
Sendrecv 150285 150287 -2 2
Sendrecv 150301 150303 -2 4
Sendrecv 150317 150318 -2 2
Sendrecv 150335 150336 -2 4
Sendrecv 150350 150352 -2 2
Sendrecv 150366 150367 -2 4
Sendrecv 150381 150383 -2 2
Sendrecv 150397 150398 -2 4
Sendrecv 150413 150414 -2 2
Sendrecv 150428 150429 -2 4
Sendrecv 150443 150445 -2 2
Sendrecv 150459 150460 -2 4
Sendrecv 150474 150476 -2 2
Sendrecv 150490 150491 -2 4
Sendrecv 150508 150509 -2 2
Sendrecv 150523 150524 -2 4
Sendrecv 150538 150540 -2 2
Sendrecv 150554 150555 -2 4
Sendrecv 150570 150571 -2 2
Sendrecv 150586 150587 -2 4
Sendrecv 150601 150602 -2 2
Sendrecv 150617 150618 -2 4
Sendrecv 150632 150634 -2 2
Sendrecv 150648 150649 -2 4
Sendrecv 150663 150664 -2 2
Sendrecv 150678 150680 -2 4
Sendrecv 150700 150701 -2 2
Sendrecv 150716 150717 -2 4
Sendrecv 150732 150733 -2 2
Sendrecv 150747 150748 -2 4
Sendrecv 150763 150767 -2 2
Sendrecv 150780 150782 -2 4
Sendrecv 150796 150797 -2 2
Sendrecv 150811 150812 -2 4
Sendrecv 150827 150829 -2 2
Sendrecv 150842 150843 -2 4
Sendrecv 150858 150859 -2 2
Sendrecv 150873 150874 -2 4
Sendrecv 150888 150890 -2 2
Sendrecv 150904 150905 -2 4
Sendrecv 150919 150921 -2 2
Sendrecv 150935 150936 -2 4
Sendrecv 150953 150954 -2 2
Sendrecv 150969 150970 -2 4
Sendrecv 150984 150985 -2 2
Sendrecv 150999 151001 -2 4
Sendrecv 151015 151017 -2 2
Sendrecv 151031 151032 -2 4
Sendrecv 151046 151047 -2 2
Sendrecv 151061 151063 -2 4
Sendrecv 151077 151079 -2 2
Sendrecv 151092 151094 -2 4
Sendrecv 151108 151109 -2 2
Sendrecv 151123 151124 -2 4
Sendrecv 151139 151140 -2 2
Sendrecv 151154 151155 -2 4
Sendrecv 151169 151171 -2 2
Sendrecv 151185 151186 -2 4
Sendrecv 151202 151204 -2 2
Sendrecv 151218 151219 -2 4
Sendrecv 151233 151235 -2 2
Sendrecv 151249 151250 -2 4
Sendrecv 151265 151267 -2 2
Sendrecv 151281 151282 -2 4
Sendrecv 151296 151298 -2 2
Sendrecv 151312 151313 -2 4
Sendrecv 151327 151329 -2 2
Sendrecv 151343 151344 -2 4
Sendrecv 151359 151361 -2 2
Sendrecv 151374 151375 -2 4
Sendrecv 151390 151391 -2 2
Sendrecv 151408 151409 -2 4
Sendrecv 151424 151425 -2 2
Sendrecv 151439 151441 -2 4
Sendrecv 151455 151457 -2 2
Sendrecv 151471 151472 -2 4
Sendrecv 151486 151487 -2 2
Sendrecv 151501 151502 -2 4
Sendrecv 151517 151519 -2 2
Sendrecv 151532 151534 -2 4
Sendrecv 151548 151549 -2 2
Sendrecv 151564 151565 -2 4
Sendrecv 151579 151581 -2 2
Sendrecv 151595 151596 -2 4
Sendrecv 151610 151611 -2 2
Sendrecv 151626 151627 -2 4
Sendrecv 151644 151645 -2 2
Sendrecv 151659 151661 -2 4
Sendrecv 151675 151677 -2 2
Sendrecv 151696 151697 -2 4
Sendrecv 151712 151714 -2 2
Sendrecv 151728 151729 -2 4
Sendrecv 151744 151745 -2 2
Sendrecv 151759 151761 -2 4
Sendrecv 151775 151777 -2 2
Sendrecv 151791 151792 -2 4
Sendrecv 151806 151808 -2 2
Sendrecv 151822 151823 -2 4
Sendrecv 151838 151839 -2 2
Sendrecv 151856 151857 -2 4
Sendrecv 151871 151873 -2 2
Sendrecv 151887 151889 -2 4
Sendrecv 151903 151904 -2 2
Sendrecv 151919 151920 -2 4
Sendrecv 151934 151936 -2 2
Sendrecv 151950 151951 -2 4
Sendrecv 151965 151966 -2 2
Sendrecv 151981 151982 -2 4
Sendrecv 151996 151998 -2 2
Sendrecv 152012 152013 -2 4
Sendrecv 152028 152029 -2 2
Sendrecv 152043 152044 -2 4
Sendrecv 152059 152060 -2 2
Sendrecv 152076 152077 -2 4
Sendrecv 152092 152093 -2 2
Sendrecv 152108 152109 -2 4
Sendrecv 152123 152125 -2 2
Sendrecv 152138 152140 -2 4
Sendrecv 152154 152155 -2 2
Sendrecv 152169 152171 -2 4
Sendrecv 152185 152187 -2 2
Sendrecv 152201 152202 -2 4
Sendrecv 152217 152219 -2 2
Sendrecv 152232 152234 -2 4
Sendrecv 152248 152249 -2 2
Sendrecv 152263 152265 -2 4
Sendrecv 152279 152281 -2 2
Sendrecv 152297 152299 -2 4
Sendrecv 152313 152315 -2 2
Sendrecv 152329 152330 -2 4
Sendrecv 152344 152346 -2 2
Sendrecv 152360 152361 -2 4
Sendrecv 152375 152377 -2 2
Sendrecv 152391 152392 -2 4
Sendrecv 152406 152408 -2 2
Sendrecv 152422 152424 -2 4
Sendrecv 152438 152439 -2 2
Sendrecv 152453 152455 -2 4
Sendrecv 152469 152470 -2 2
Sendrecv 152484 152485 -2 4
Sendrecv 152499 152501 -2 2
Sendrecv 152517 152518 -2 4
Sendrecv 152533 152534 -2 2
Sendrecv 152548 152550 -2 4
Sendrecv 152564 152565 -2 2
Sendrecv 152579 152580 -2 4
Sendrecv 152595 152596 -2 2
Sendrecv 152610 152611 -2 4
Sendrecv 152625 152628 -2 2
Sendrecv 152641 152642 -2 4
Sendrecv 152657 152658 -2 2
Sendrecv 152672 152673 -2 4
Sendrecv 152694 152696 -2 2
Sendrecv 152710 152711 -2 4
Sendrecv 152726 152727 -2 2
Sendrecv 152741 152743 -2 4
Sendrecv 152759 152761 -2 2
Sendrecv 152775 152776 -2 4
Sendrecv 152790 152792 -2 2
Sendrecv 152806 152807 -2 4
Sendrecv 152822 152823 -2 2
Sendrecv 152838 152839 -2 4
Sendrecv 152853 152854 -2 2
Sendrecv 152868 152870 -2 4
Sendrecv 152884 152886 -2 2
Sendrecv 152900 152901 -2 4
Sendrecv 152915 152917 -2 2
Sendrecv 152931 152932 -2 4
Sendrecv 152948 152950 -2 2
Sendrecv 152963 152965 -2 4
Sendrecv 152979 152980 -2 2
Sendrecv 152994 152996 -2 4
Sendrecv 153010 153011 -2 2
Sendrecv 153025 153027 -2 4
Sendrecv 153041 153042 -2 2
Sendrecv 153056 153058 -2 4
Sendrecv 153072 153074 -2 2
Sendrecv 153088 153089 -2 4
Sendrecv 153103 153104 -2 2
Sendrecv 153118 153120 -2 4
Sendrecv 153134 153135 -2 2
Sendrecv 153150 153151 -2 4
Sendrecv 153166 153167 -2 2
Sendrecv 153181 153182 -2 4
Sendrecv 153199 153200 -2 2
Sendrecv 153215 153216 -2 4
Sendrecv 153230 153232 -2 2
Sendrecv 153246 153247 -2 4
Sendrecv 153261 153263 -2 2
Sendrecv 153277 153278 -2 4
Sendrecv 153292 153294 -2 2
Sendrecv 153308 153309 -2 4
Sendrecv 153324 153325 -2 2
Sendrecv 153339 153340 -2 4
Sendrecv 153355 153356 -2 2
Sendrecv 153370 153371 -2 4
Sendrecv 153388 153390 -2 2
Sendrecv 153404 153405 -2 4
Sendrecv 153419 153420 -2 2
Sendrecv 153434 153436 -2 4
Sendrecv 153450 153452 -2 2
Sendrecv 153466 153467 -2 4
Sendrecv 153481 153483 -2 2
Sendrecv 153497 153498 -2 4
Sendrecv 153512 153514 -2 2
Sendrecv 153528 153529 -2 4
Sendrecv 153544 153545 -2 2
Sendrecv 153559 153561 -2 4
Sendrecv 153575 153576 -2 2
Sendrecv 153591 153592 -2 4
Sendrecv 153606 153608 -2 2
Sendrecv 153622 153623 -2 4
Sendrecv 153639 153641 -2 2
Sendrecv 153655 153656 -2 4
Sendrecv 153670 153671 -2 2
Sendrecv 153691 153693 -2 4
Sendrecv 153708 153709 -2 2
Sendrecv 153724 153725 -2 4
Sendrecv 153740 153741 -2 2
Sendrecv 153755 153756 -2 4
Sendrecv 153771 153772 -2 2
Sendrecv 153786 153788 -2 4
Sendrecv 153802 153803 -2 2
Sendrecv 153820 153821 -2 4
Sendrecv 153835 153837 -2 2
Sendrecv 153851 153852 -2 4
Sendrecv 153866 153868 -2 2
Sendrecv 153882 153883 -2 4
Sendrecv 153898 153899 -2 2
Sendrecv 153913 153914 -2 4
Sendrecv 153928 153930 -2 2
Sendrecv 153944 153945 -2 4
Sendrecv 153959 153961 -2 2
Sendrecv 153975 153976 -2 4
Sendrecv 153991 153992 -2 2
Sendrecv 154006 154007 -2 4
Sendrecv 154022 154023 -2 2
Sendrecv 154037 154039 -2 4
Sendrecv 154053 154054 -2 2
Sendrecv 154068 154069 -2 4
Sendrecv 154084 154086 -2 2
Sendrecv 154101 154103 -2 4
Sendrecv 154117 154119 -2 2
Sendrecv 154133 154134 -2 4
Sendrecv 154148 154149 -2 2
Sendrecv 154164 154165 -2 4
Sendrecv 154179 154181 -2 2
Sendrecv 154195 154196 -2 4
Sendrecv 154210 154211 -2 2
Sendrecv 154226 154227 -2 4
Sendrecv 154241 154243 -2 2
Sendrecv 154259 154260 -2 4
Sendrecv 154274 154276 -2 2
Sendrecv 154290 154291 -2 4
Sendrecv 154305 154307 -2 2
Sendrecv 154321 154322 -2 4
Sendrecv 154336 154338 -2 2
Sendrecv 154352 154353 -2 4
Sendrecv 154367 154369 -2 2
Sendrecv 154383 154384 -2 4
Sendrecv 154398 154399 -2 2
Sendrecv 154413 154415 -2 4
Sendrecv 154429 154431 -2 2
Sendrecv 154445 154446 -2 4
Sendrecv 154460 154461 -2 2
Sendrecv 154475 154477 -2 4
Sendrecv 154491 154493 -2 2
Sendrecv 154506 154507 -2 4
Sendrecv 154522 154523 -2 2
Sendrecv 154540 154541 -2 4
Sendrecv 154556 154557 -2 2
Sendrecv 154571 154572 -2 4
Sendrecv 154587 154588 -2 2
Sendrecv 154602 154604 -2 4
Sendrecv 154618 154620 -2 2
Sendrecv 154634 154635 -2 4
Sendrecv 154650 154651 -2 2
Sendrecv 154665 154666 -2 4
Sendrecv 154681 154690 -2 2
Sendrecv 154705 154707 -2 4
Sendrecv 154721 154722 -2 2
Sendrecv 154737 154738 -2 4
Sendrecv 154752 154754 -2 2
Sendrecv 154768 154769 -2 4
Sendrecv 154783 154785 -2 2
Sendrecv 154799 154800 -2 4
Sendrecv 154814 154816 -2 2
Sendrecv 154830 154831 -2 4
Sendrecv 154845 154847 -2 2
Sendrecv 154861 154863 -2 4
Sendrecv 154877 154878 -2 2
Sendrecv 154892 154894 -2 4
Sendrecv 154909 154911 -2 2
Sendrecv 154925 154926 -2 4
Sendrecv 154940 154942 -2 2
Sendrecv 154956 154957 -2 4
Sendrecv 154972 154973 -2 2
Sendrecv 154989 154991 -2 4
Sendrecv 155005 155006 -2 2
Sendrecv 155020 155021 -2 4
Sendrecv 155036 155038 -2 2
Sendrecv 155051 155052 -2 4
Sendrecv 155067 155068 -2 2
Sendrecv 155082 155083 -2 4
Sendrecv 155098 155099 -2 2
Sendrecv 155113 155114 -2 4
Sendrecv 155131 155132 -2 2
Sendrecv 155147 155148 -2 4
Sendrecv 155162 155163 -2 2
Sendrecv 155177 155179 -2 4
Sendrecv 155193 155194 -2 2
Sendrecv 155208 155209 -2 4
Sendrecv 155224 155226 -2 2
Sendrecv 155240 155241 -2 4
Sendrecv 155255 155257 -2 2
Sendrecv 155271 155272 -2 4
Sendrecv 155287 155288 -2 2
Sendrecv 155303 155304 -2 4
Sendrecv 155318 155319 -2 2
Sendrecv 155334 155335 -2 4
Sendrecv 155349 155350 -2 2
Sendrecv 155364 155366 -2 4
Allgatherv 155392 156256 -2 0 1 2 4 5
Barrier 160647 160870
Barrier 160896 160994
Barrier 245012 250702
Barrier 250719 250724
Finalize 251137 252626
