SYSTEM_START_US: 1776533529072863
Bcast 156105 156109 1 2 3 4 5
Bcast 156159 156161 1 2 3 4 5
Bcast 156191 156194 1 2 3 4 5
Bcast 180381 180387 1 2 3 4 5
Scatterv 180412 180846 1 2 3 4 5
Sendrecv 180898 188701 -2 1
Sendrecv 188737 190526 -2 1
Sendrecv 190583 190589 -2 1
Sendrecv 190616 190691 -2 1
Sendrecv 190724 190853 -2 1
Sendrecv 190912 190917 -2 1
Sendrecv 190941 190965 -2 1
Sendrecv 190988 191059 -2 1
Sendrecv 191090 191092 -2 1
Sendrecv 191152 191164 -2 1
Sendrecv 191188 191269 -2 1
Sendrecv 191300 191303 -2 1
Sendrecv 191327 191425 -2 1
Sendrecv 191456 191468 -2 1
Sendrecv 191495 191512 -2 1
Sendrecv 191585 191586 -2 1
Sendrecv 191611 191625 -2 1
Sendrecv 191649 191663 -2 1
Sendrecv 191687 191701 -2 1
Sendrecv 191727 191888 -2 1
Sendrecv 191919 191921 -2 1
Sendrecv 191946 191959 -2 1
Sendrecv 191984 191996 -2 1
Sendrecv 192022 192035 -2 1
Sendrecv 192129 192132 -2 1
Sendrecv 192156 192172 -2 1
Sendrecv 192196 192210 -2 1
Sendrecv 192235 192249 -2 1
Sendrecv 192273 192287 -2 1
Sendrecv 192311 192556 -2 1
Sendrecv 192581 192584 -2 1
Sendrecv 192598 192626 -2 1
Sendrecv 192639 192758 -2 1
Sendrecv 192798 192801 -2 1
Sendrecv 192828 192856 -2 1
Sendrecv 192881 192892 -2 1
Sendrecv 192917 192929 -2 1
Sendrecv 192952 192965 -2 1
Sendrecv 193095 193096 -2 1
Sendrecv 193121 193135 -2 1
Sendrecv 193159 193171 -2 1
Sendrecv 193196 193210 -2 1
Sendrecv 193234 193247 -2 1
Sendrecv 193271 193284 -2 1
Sendrecv 193308 193326 -2 1
Sendrecv 193352 193746 -2 1
Sendrecv 193780 193783 -2 1
Sendrecv 193807 193820 -2 1
Sendrecv 193844 193861 -2 1
Sendrecv 193887 193900 -2 1
Sendrecv 193924 193939 -2 1
Sendrecv 193963 193976 -2 1
Sendrecv 194000 194015 -2 1
Sendrecv 194039 194053 -2 1
Sendrecv 194077 194090 -2 1
Sendrecv 194114 194128 -2 1
Sendrecv 194153 194177 -2 1
Sendrecv 194201 194222 -2 1
Sendrecv 194247 194260 -2 1
Sendrecv 194444 194446 -2 1
Sendrecv 194471 194489 -2 1
Sendrecv 194512 194549 -2 1
Sendrecv 194573 194581 -2 1
Sendrecv 194606 194622 -2 1
Sendrecv 194646 194659 -2 1
Sendrecv 194683 194696 -2 1
Sendrecv 194719 194735 -2 1
Sendrecv 194758 194772 -2 1
Sendrecv 194800 195394 -2 1
Sendrecv 195420 195422 -2 1
Sendrecv 195435 195469 -2 1
Sendrecv 195482 195514 -2 1
Sendrecv 195527 195632 -2 1
Sendrecv 195657 195661 -2 1
Sendrecv 195674 195699 -2 1
Sendrecv 195715 195738 -2 1
Sendrecv 195751 195778 -2 1
Sendrecv 195791 195820 -2 1
Sendrecv 195834 195856 -2 1
Sendrecv 195869 195896 -2 1
Sendrecv 195909 195934 -2 1
Sendrecv 195947 195972 -2 1
Sendrecv 195985 196011 -2 1
Sendrecv 196024 196049 -2 1
Sendrecv 196062 196086 -2 1
Sendrecv 196099 196125 -2 1
Sendrecv 196138 196164 -2 1
Sendrecv 196177 196201 -2 1
Sendrecv 196214 196239 -2 1
Sendrecv 196252 196282 -2 1
Sendrecv 196470 196471 -2 1
Sendrecv 196485 196612 -2 1
Sendrecv 196638 196642 -2 1
Sendrecv 196656 196680 -2 1
Sendrecv 196694 196717 -2 1
Sendrecv 196731 196755 -2 1
Sendrecv 196769 196795 -2 1
Sendrecv 196808 196833 -2 1
Sendrecv 196846 196872 -2 1
Sendrecv 196885 196911 -2 1
Sendrecv 196925 196949 -2 1
Sendrecv 196962 196986 -2 1
Sendrecv 197000 197023 -2 1
Sendrecv 197037 197786 -2 1
Sendrecv 197821 197827 -2 1
Sendrecv 197853 197854 -2 1
Sendrecv 197877 197900 -2 1
Sendrecv 197924 197941 -2 1
Sendrecv 197965 197981 -2 1
Sendrecv 198004 198022 -2 1
Sendrecv 198046 198061 -2 1
Sendrecv 198087 198102 -2 1
Sendrecv 198126 198141 -2 1
Sendrecv 198165 198180 -2 1
Sendrecv 198204 198219 -2 1
Sendrecv 198242 198261 -2 1
Sendrecv 198284 198299 -2 1
Sendrecv 198323 198338 -2 1
Sendrecv 198364 198378 -2 1
Sendrecv 198401 198416 -2 1
Sendrecv 198441 198462 -2 1
Sendrecv 198486 198503 -2 1
Sendrecv 198527 198541 -2 1
Sendrecv 198564 198580 -2 1
Sendrecv 198604 198618 -2 1
Sendrecv 198643 198679 -2 1
Sendrecv 198703 198708 -2 1
Sendrecv 198731 198748 -2 1
Sendrecv 198772 198783 -2 1
Sendrecv 198806 198821 -2 1
Sendrecv 198844 198859 -2 1
Sendrecv 198882 198896 -2 1
Sendrecv 198921 198935 -2 1
Sendrecv 198958 198972 -2 1
Sendrecv 198995 199009 -2 1
Sendrecv 199032 199046 -2 1
Sendrecv 199070 199089 -2 1
Sendrecv 199486 199494 -2 1
Sendrecv 199518 199538 -2 1
Sendrecv 199561 199576 -2 1
Sendrecv 199600 199614 -2 1
Sendrecv 199637 199656 -2 1
Sendrecv 199680 199691 -2 1
Sendrecv 199715 199729 -2 1
Sendrecv 199752 199766 -2 1
Sendrecv 199789 199804 -2 1
Sendrecv 199829 199843 -2 1
Sendrecv 199866 199880 -2 1
Sendrecv 199904 199918 -2 1
Sendrecv 199941 199956 -2 1
Sendrecv 199979 199993 -2 1
Sendrecv 200016 200030 -2 1
Sendrecv 200053 200070 -2 1
Sendrecv 200093 200107 -2 1
Sendrecv 200130 200147 -2 1
Sendrecv 200170 200185 -2 1
Sendrecv 200215 200791 -2 1
Sendrecv 200822 200848 -2 1
Sendrecv 200874 200889 -2 1
Sendrecv 200914 200929 -2 1
Sendrecv 200954 200969 -2 1
Sendrecv 200993 201010 -2 1
Sendrecv 201034 201046 -2 1
Sendrecv 201071 201086 -2 1
Sendrecv 201110 201125 -2 1
Sendrecv 201152 201164 -2 1
Sendrecv 201188 201203 -2 1
Sendrecv 201229 201241 -2 1
Sendrecv 201265 201280 -2 1
Sendrecv 201304 201321 -2 1
Sendrecv 201346 201361 -2 1
Sendrecv 201385 201400 -2 1
Sendrecv 201424 201437 -2 1
Sendrecv 201461 201479 -2 1
Sendrecv 201503 201518 -2 1
Sendrecv 201542 201557 -2 1
Sendrecv 201581 201596 -2 1
Sendrecv 201620 201635 -2 1
Sendrecv 201659 201674 -2 1
Sendrecv 201698 201713 -2 1
Sendrecv 201737 201752 -2 1
Sendrecv 201776 201791 -2 1
Sendrecv 201815 201830 -2 1
Sendrecv 201854 201869 -2 1
Sendrecv 201895 201915 -2 1
Sendrecv 201939 201959 -2 1
Sendrecv 201983 201994 -2 1
Sendrecv 202018 202033 -2 1
Sendrecv 202057 202075 -2 1
Sendrecv 202099 202129 -2 1
Sendrecv 202154 202160 -2 1
Sendrecv 202183 202198 -2 1
Sendrecv 202221 202235 -2 1
Sendrecv 202258 202272 -2 1
Sendrecv 202297 202311 -2 1
Sendrecv 202334 202350 -2 1
Sendrecv 202373 202387 -2 1
Sendrecv 202421 202553 -2 1
Sendrecv 202581 202598 -2 1
Sendrecv 202622 202633 -2 1
Sendrecv 202657 202685 -2 1
Sendrecv 202709 202716 -2 1
Sendrecv 202740 202756 -2 1
Sendrecv 202780 202791 -2 1
Sendrecv 202815 202844 -2 1
Sendrecv 202870 203108 -2 1
Sendrecv 203144 203146 -2 1
Sendrecv 203765 203771 -2 1
Sendrecv 203800 204002 -2 1
Sendrecv 204046 204048 -2 1
Sendrecv 204074 204091 -2 1
Sendrecv 204117 204126 -2 1
Sendrecv 204149 204171 -2 1
Sendrecv 204195 204208 -2 1
Sendrecv 204232 204248 -2 1
Sendrecv 204273 204287 -2 1
Sendrecv 204311 204328 -2 1
Sendrecv 204352 204365 -2 1
Sendrecv 204390 204405 -2 1
Sendrecv 204440 204499 -2 1
Sendrecv 204523 204547 -2 1
Sendrecv 204570 204624 -2 1
Sendrecv 204648 204663 -2 1
Sendrecv 204687 204704 -2 1
Sendrecv 204728 204744 -2 1
Sendrecv 204768 204783 -2 1
Sendrecv 204807 204822 -2 1
Sendrecv 204845 204862 -2 1
Sendrecv 204885 204901 -2 1
Sendrecv 204929 204965 -2 1
Sendrecv 204992 205019 -2 1
Sendrecv 205043 205061 -2 1
Sendrecv 205090 205099 -2 1
Sendrecv 205123 205141 -2 1
Sendrecv 205164 205180 -2 1
Sendrecv 205205 206542 -2 1
Sendrecv 206574 206576 -2 1
Sendrecv 206591 206595 -2 1
Sendrecv 206609 206635 -2 1
Sendrecv 206649 206674 -2 1
Sendrecv 206688 206714 -2 1
Sendrecv 206728 206755 -2 1
Sendrecv 206768 206793 -2 1
Sendrecv 206807 206832 -2 1
Sendrecv 206846 206870 -2 1
Sendrecv 206883 206907 -2 1
Sendrecv 206921 206947 -2 1
Sendrecv 206960 206988 -2 1
Sendrecv 207003 207038 -2 1
Sendrecv 207052 207078 -2 1
Sendrecv 207092 207117 -2 1
Sendrecv 207131 207155 -2 1
Sendrecv 207169 207196 -2 1
Sendrecv 207210 207260 -2 1
Sendrecv 207274 207289 -2 1
Sendrecv 207302 207331 -2 1
Sendrecv 207343 207369 -2 1
Sendrecv 207382 207408 -2 1
Sendrecv 207421 207447 -2 1
Sendrecv 207460 207486 -2 1
Sendrecv 207501 207525 -2 1
Sendrecv 207538 207565 -2 1
Sendrecv 207578 207605 -2 1
Sendrecv 207618 207644 -2 1
Sendrecv 207656 207683 -2 1
Sendrecv 207696 207725 -2 1
Sendrecv 207738 207767 -2 1
Sendrecv 207780 207806 -2 1
Sendrecv 207818 207844 -2 1
Sendrecv 207857 207885 -2 1
Sendrecv 207898 207923 -2 1
Sendrecv 207936 207962 -2 1
Sendrecv 207974 208001 -2 1
Sendrecv 208014 208040 -2 1
Sendrecv 208053 208081 -2 1
Sendrecv 208094 208116 -2 1
Sendrecv 208129 208159 -2 1
Sendrecv 208172 208198 -2 1
Sendrecv 208211 208237 -2 1
Sendrecv 208250 208275 -2 1
Sendrecv 208288 208318 -2 1
Sendrecv 208331 208356 -2 1
Sendrecv 208369 208395 -2 1
Sendrecv 208408 208437 -2 1
Sendrecv 208450 208476 -2 1
Sendrecv 208489 208516 -2 1
Sendrecv 208529 208554 -2 1
Sendrecv 208568 208592 -2 1
Sendrecv 208606 208632 -2 1
Sendrecv 208647 208671 -2 1
Sendrecv 208685 208711 -2 1
Sendrecv 208724 208750 -2 1
Sendrecv 208763 208788 -2 1
Sendrecv 208801 208827 -2 1
Sendrecv 208840 208868 -2 1
Sendrecv 208881 208909 -2 1
Sendrecv 208922 208947 -2 1
Sendrecv 208960 208986 -2 1
Sendrecv 208999 209027 -2 1
Sendrecv 209040 209066 -2 1
Sendrecv 209079 209104 -2 1
Sendrecv 209117 209147 -2 1
Sendrecv 209160 209184 -2 1
Sendrecv 209197 209222 -2 1
Sendrecv 209235 209264 -2 1
Sendrecv 209277 209302 -2 1
Sendrecv 209315 209342 -2 1
Sendrecv 209355 209380 -2 1
Sendrecv 209393 209421 -2 1
Sendrecv 209436 209462 -2 1
Sendrecv 209475 209500 -2 1
Sendrecv 209513 209539 -2 1
Sendrecv 210002 210004 -2 1
Sendrecv 210017 210519 -2 1
Sendrecv 210550 210552 -2 1
Sendrecv 210575 210577 -2 1
Sendrecv 210600 210617 -2 1
Sendrecv 210642 210680 -2 1
Sendrecv 210705 210713 -2 1
Sendrecv 210734 210751 -2 1
Sendrecv 210774 210790 -2 1
Sendrecv 210813 210829 -2 1
Sendrecv 210852 210868 -2 1
Sendrecv 210891 210907 -2 1
Sendrecv 210930 210946 -2 1
Sendrecv 210969 210984 -2 1
Sendrecv 211007 211025 -2 1
Sendrecv 211048 211064 -2 1
Sendrecv 211087 211105 -2 1
Sendrecv 211129 211143 -2 1
Sendrecv 211166 211181 -2 1
Sendrecv 211204 211220 -2 1
Sendrecv 211245 211262 -2 1
Sendrecv 211286 211302 -2 1
Sendrecv 211326 211339 -2 1
Sendrecv 211362 211377 -2 1
Sendrecv 211399 211416 -2 1
Sendrecv 211439 211455 -2 1
Sendrecv 211478 211495 -2 1
Sendrecv 211518 211533 -2 1
Sendrecv 211555 211575 -2 1
Sendrecv 211598 211613 -2 1
Sendrecv 211635 211651 -2 1
Sendrecv 211674 211689 -2 1
Sendrecv 211712 211726 -2 1
Sendrecv 211749 211765 -2 1
Sendrecv 211788 211806 -2 1
Sendrecv 211829 211845 -2 1
Sendrecv 211867 211884 -2 1
Sendrecv 211907 211922 -2 1
Sendrecv 211945 211962 -2 1
Sendrecv 211984 212000 -2 1
Sendrecv 212024 212039 -2 1
Sendrecv 212063 214964 -2 1
Sendrecv 214990 214994 -2 1
Sendrecv 215008 215033 -2 1
Sendrecv 215046 215123 -2 1
Sendrecv 215151 215204 -2 1
Sendrecv 215227 215245 -2 1
Sendrecv 215267 215281 -2 1
Sendrecv 215303 215319 -2 1
Sendrecv 215344 215362 -2 1
Sendrecv 215384 215398 -2 1
Sendrecv 215420 215436 -2 1
Sendrecv 215458 215473 -2 1
Sendrecv 215495 215513 -2 1
Sendrecv 215535 215551 -2 1
Sendrecv 215573 215587 -2 1
Sendrecv 215609 215625 -2 1
Sendrecv 215649 215665 -2 1
Sendrecv 215687 215702 -2 1
Sendrecv 215724 215739 -2 1
Sendrecv 215761 215777 -2 1
Sendrecv 215798 215815 -2 1
Sendrecv 215837 215854 -2 1
Sendrecv 215876 215892 -2 1
Sendrecv 215915 215932 -2 1
Sendrecv 215954 215971 -2 1
Sendrecv 215993 216008 -2 1
Sendrecv 216030 216045 -2 1
Sendrecv 216067 216081 -2 1
Sendrecv 216103 216147 -2 1
Sendrecv 216170 216181 -2 1
Sendrecv 216204 216218 -2 1
Sendrecv 216240 216254 -2 1
Sendrecv 216276 216291 -2 1
Sendrecv 216313 216328 -2 1
Sendrecv 216349 216365 -2 1
Sendrecv 216387 216402 -2 1
Sendrecv 216426 216441 -2 1
Sendrecv 216463 216478 -2 1
Sendrecv 216500 216515 -2 1
Sendrecv 216537 216551 -2 1
Sendrecv 216573 216591 -2 1
Sendrecv 216612 216628 -2 1
Sendrecv 216650 216666 -2 1
Sendrecv 216688 216705 -2 1
Sendrecv 216729 216743 -2 1
Sendrecv 216765 216785 -2 1
Sendrecv 216807 216823 -2 1
Sendrecv 216845 216861 -2 1
Sendrecv 216883 216898 -2 1
Sendrecv 216920 216935 -2 1
Sendrecv 216958 216975 -2 1
Sendrecv 216997 217013 -2 1
Sendrecv 217035 217051 -2 1
Sendrecv 217073 217089 -2 1
Sendrecv 217111 217126 -2 1
Sendrecv 217148 217165 -2 1
Sendrecv 217187 217201 -2 1
Sendrecv 217223 217239 -2 1
Sendrecv 217263 217277 -2 1
Sendrecv 217298 217315 -2 1
Sendrecv 217337 217352 -2 1
Sendrecv 217374 217390 -2 1
Sendrecv 217412 217428 -2 1
Sendrecv 217450 217465 -2 1
Sendrecv 217488 217506 -2 1
Sendrecv 217530 217544 -2 1
Sendrecv 217565 217581 -2 1
Sendrecv 217603 217618 -2 1
Sendrecv 217640 217656 -2 1
Sendrecv 217678 217697 -2 1
Sendrecv 217719 217734 -2 1
Sendrecv 217756 217772 -2 1
Sendrecv 217796 217810 -2 1
Sendrecv 217832 217848 -2 1
Sendrecv 217870 217887 -2 1
Sendrecv 217908 217924 -2 1
Sendrecv 217946 217962 -2 1
Sendrecv 217984 218000 -2 1
Sendrecv 218022 218038 -2 1
Sendrecv 218060 218078 -2 1
Sendrecv 218100 218116 -2 1
Sendrecv 218138 218154 -2 1
Sendrecv 218176 218192 -2 1
Sendrecv 218214 218230 -2 1
Sendrecv 218252 218268 -2 1
Sendrecv 218289 218305 -2 1
Sendrecv 218329 218342 -2 1
Sendrecv 218366 218380 -2 1
Sendrecv 218402 218416 -2 1
Sendrecv 218438 218453 -2 1
Sendrecv 218475 218491 -2 1
Sendrecv 218513 218530 -2 1
Sendrecv 218553 218587 -2 1
Sendrecv 218613 218626 -2 1
Sendrecv 218648 218664 -2 1
Sendrecv 218686 218702 -2 1
Sendrecv 218724 218740 -2 1
Sendrecv 218762 218781 -2 1
Sendrecv 218803 218819 -2 1
Sendrecv 218841 218857 -2 1
Sendrecv 218880 218895 -2 1
Sendrecv 218917 218932 -2 1
Sendrecv 218954 218970 -2 1
Sendrecv 218992 219009 -2 1
Sendrecv 219031 219047 -2 1
Sendrecv 219069 219086 -2 1
Sendrecv 219108 219124 -2 1
Sendrecv 219146 219175 -2 1
Sendrecv 219208 219331 -2 1
Sendrecv 219355 219369 -2 1
Sendrecv 219390 219408 -2 1
Sendrecv 219431 219446 -2 1
Sendrecv 219468 219484 -2 1
Sendrecv 219508 219526 -2 1
Sendrecv 219549 219564 -2 1
Sendrecv 219637 219641 -2 1
Sendrecv 219668 219824 -2 1
Sendrecv 220703 220708 -2 1
Sendrecv 220726 221188 -2 1
Sendrecv 221221 221223 -2 1
Sendrecv 221246 221262 -2 1
Sendrecv 221286 221303 -2 1
Sendrecv 221326 221341 -2 1
Sendrecv 221364 221378 -2 1
Sendrecv 221401 221416 -2 1
Sendrecv 221439 221453 -2 1
Sendrecv 221476 221491 -2 1
Sendrecv 221516 221532 -2 1
Sendrecv 221555 221570 -2 1
Sendrecv 221593 221608 -2 1
Sendrecv 221633 221648 -2 1
Sendrecv 221671 221691 -2 1
Sendrecv 221714 221735 -2 1
Sendrecv 221757 221773 -2 1
Sendrecv 221796 221813 -2 1
Sendrecv 221836 221853 -2 1
Sendrecv 221876 221891 -2 1
Sendrecv 221913 221929 -2 1
Sendrecv 221952 221966 -2 1
Sendrecv 221989 222007 -2 1
Sendrecv 222029 222044 -2 1
Sendrecv 222069 222084 -2 1
Sendrecv 222107 222122 -2 1
Sendrecv 222144 222160 -2 1
Sendrecv 222182 222198 -2 1
Sendrecv 222220 222235 -2 1
Sendrecv 222257 222273 -2 1
Sendrecv 222295 222310 -2 1
Sendrecv 222333 222348 -2 1
Sendrecv 222370 222387 -2 1
Sendrecv 222409 222426 -2 1
Sendrecv 222450 222469 -2 1
Sendrecv 222492 222506 -2 1
Sendrecv 222528 222544 -2 1
Sendrecv 222567 222583 -2 1
Sendrecv 222607 222620 -2 1
Sendrecv 222643 222683 -2 1
Sendrecv 222707 222721 -2 1
Sendrecv 222745 222761 -2 1
Sendrecv 222783 222798 -2 1
Sendrecv 222820 222835 -2 1
Sendrecv 222857 222872 -2 1
Sendrecv 222894 222911 -2 1
Sendrecv 222933 222951 -2 1
Sendrecv 222973 222988 -2 1
Sendrecv 223010 223025 -2 1
Sendrecv 223047 223062 -2 1
Sendrecv 223083 223099 -2 1
Sendrecv 223120 223136 -2 1
Sendrecv 223160 223175 -2 1
Sendrecv 223196 223213 -2 1
Sendrecv 223234 223250 -2 1
Sendrecv 223272 223287 -2 1
Sendrecv 223309 223325 -2 1
Sendrecv 223347 223363 -2 1
Sendrecv 223384 223400 -2 1
Sendrecv 223421 223437 -2 1
Sendrecv 223459 223477 -2 1
Sendrecv 223506 225245 -2 1
Sendrecv 225278 225280 -2 1
Sendrecv 225302 225313 -2 1
Sendrecv 225335 225352 -2 1
Sendrecv 225374 225390 -2 1
Sendrecv 225411 225427 -2 1
Sendrecv 225448 225464 -2 1
Sendrecv 225485 225500 -2 1
Sendrecv 225522 225537 -2 1
Sendrecv 225561 225574 -2 1
Sendrecv 225595 225610 -2 1
Sendrecv 225632 225647 -2 1
Sendrecv 225669 225697 -2 1
Sendrecv 225721 225735 -2 1
Sendrecv 225759 225773 -2 1
Sendrecv 225795 225810 -2 1
Sendrecv 225831 225846 -2 1
Sendrecv 225867 225881 -2 1
Sendrecv 225903 225917 -2 1
Sendrecv 225939 225953 -2 1
Sendrecv 225974 225988 -2 1
Sendrecv 226010 226026 -2 1
Sendrecv 226047 226059 -2 1
Sendrecv 226080 226095 -2 1
Sendrecv 226117 226131 -2 1
Sendrecv 226152 226167 -2 1
Sendrecv 226188 226205 -2 1
Sendrecv 226226 226242 -2 1
Sendrecv 226263 226281 -2 1
Sendrecv 226302 226319 -2 1
Sendrecv 226341 226356 -2 1
Sendrecv 226377 226394 -2 1
Sendrecv 226415 226431 -2 1
Sendrecv 226452 226469 -2 1
Sendrecv 226489 226506 -2 1
Sendrecv 226527 226543 -2 1
Sendrecv 226564 226580 -2 1
Sendrecv 226604 226618 -2 1
Sendrecv 226639 226659 -2 1
Sendrecv 226687 226706 -2 1
Sendrecv 226728 226739 -2 1
Sendrecv 226761 226774 -2 1
Sendrecv 226795 226811 -2 1
Sendrecv 226834 226854 -2 1
Sendrecv 226875 226889 -2 1
Sendrecv 226909 226925 -2 1
Sendrecv 226946 226962 -2 1
Sendrecv 226983 226998 -2 1
Sendrecv 227018 227040 -2 1
Sendrecv 227061 227072 -2 1
Sendrecv 227093 227108 -2 1
Sendrecv 227129 227145 -2 1
Sendrecv 227166 227182 -2 1
Sendrecv 227203 227219 -2 1
Sendrecv 227240 227256 -2 1
Sendrecv 227277 227292 -2 1
Sendrecv 227313 227329 -2 1
Sendrecv 227352 227366 -2 1
Sendrecv 227387 227406 -2 1
Sendrecv 227426 227442 -2 1
Sendrecv 227462 227480 -2 1
Sendrecv 227500 227516 -2 1
Sendrecv 227537 227556 -2 1
Sendrecv 227577 227591 -2 1
Sendrecv 227611 227627 -2 1
Sendrecv 227647 227663 -2 1
Sendrecv 227692 227710 -2 1
Sendrecv 227732 227746 -2 1
Sendrecv 227767 227782 -2 1
Sendrecv 227803 227819 -2 1
Sendrecv 227840 227857 -2 1
Sendrecv 227881 227895 -2 1
Sendrecv 227915 227933 -2 1
Sendrecv 227953 227968 -2 1
Sendrecv 227989 228006 -2 1
Sendrecv 228027 228042 -2 1
Sendrecv 228062 228082 -2 1
Sendrecv 228103 228116 -2 1
Sendrecv 228137 228152 -2 1
Sendrecv 228172 228188 -2 1
Sendrecv 228209 228226 -2 1
Sendrecv 228247 228261 -2 1
Sendrecv 228282 228299 -2 1
Sendrecv 228320 228337 -2 1
Sendrecv 228357 228372 -2 1
Sendrecv 228393 228410 -2 1
Sendrecv 228430 228450 -2 1
Sendrecv 228470 228485 -2 1
Sendrecv 228506 228524 -2 1
Sendrecv 228545 228559 -2 1
Sendrecv 228579 228595 -2 1
Sendrecv 228615 228631 -2 1
Sendrecv 228651 228667 -2 1
Sendrecv 228693 228713 -2 1
Sendrecv 228736 228745 -2 1
Sendrecv 228765 228785 -2 1
Sendrecv 228806 228820 -2 1
Sendrecv 228841 228858 -2 1
Sendrecv 228878 228895 -2 1
Sendrecv 228916 228931 -2 1
Sendrecv 228954 228971 -2 1
Sendrecv 228991 229007 -2 1
Sendrecv 229027 229044 -2 1
Sendrecv 229064 229080 -2 1
Sendrecv 229100 229116 -2 1
Sendrecv 229136 229152 -2 1
Sendrecv 229172 229190 -2 1
Sendrecv 229210 229225 -2 1
Sendrecv 229246 229263 -2 1
Sendrecv 229283 229298 -2 1
Sendrecv 229318 229336 -2 1
Sendrecv 229356 229371 -2 1
Sendrecv 229391 229409 -2 1
Sendrecv 229429 229444 -2 1
Sendrecv 229466 229483 -2 1
Sendrecv 229503 229524 -2 1
Sendrecv 229545 229558 -2 1
Sendrecv 229579 229594 -2 1
Sendrecv 229614 229631 -2 1
Sendrecv 229651 229670 -2 1
Sendrecv 229695 229712 -2 1
Sendrecv 229733 229747 -2 1
Sendrecv 229769 229784 -2 1
Sendrecv 229804 229824 -2 1
Sendrecv 229844 229859 -2 1
Sendrecv 229879 229897 -2 1
Sendrecv 229917 229933 -2 1
Sendrecv 229953 229973 -2 1
Sendrecv 229995 230007 -2 1
Sendrecv 230027 230047 -2 1
Sendrecv 230068 230082 -2 1
Sendrecv 230102 230119 -2 1
Sendrecv 230139 230155 -2 1
Sendrecv 230176 230194 -2 1
Sendrecv 230215 230228 -2 1
Sendrecv 230249 230266 -2 1
Sendrecv 230287 230303 -2 1
Sendrecv 230323 230339 -2 1
Sendrecv 230360 230375 -2 1
Sendrecv 230396 230412 -2 1
Sendrecv 230433 230452 -2 1
Sendrecv 230473 230483 -2 1
Sendrecv 230503 230522 -2 1
Sendrecv 230543 230559 -2 1
Sendrecv 230580 230593 -2 1
Sendrecv 230614 230630 -2 1
Sendrecv 230651 230666 -2 1
Sendrecv 230692 230732 -2 1
Sendrecv 230754 230760 -2 1
Sendrecv 230780 230790 -2 1
Sendrecv 230811 230825 -2 1
Sendrecv 230849 230863 -2 1
Sendrecv 230883 230900 -2 1
Sendrecv 230921 230935 -2 1
Sendrecv 230956 230974 -2 1
Sendrecv 230994 231006 -2 1
Sendrecv 231027 231045 -2 1
Sendrecv 231065 231080 -2 1
Sendrecv 231101 231116 -2 1
Sendrecv 231137 231150 -2 1
Sendrecv 231171 231187 -2 1
Sendrecv 231207 231222 -2 1
Sendrecv 231243 231256 -2 1
Sendrecv 231276 231293 -2 1
Sendrecv 231313 231328 -2 1
Sendrecv 231348 231362 -2 1
Sendrecv 231383 231399 -2 1
Sendrecv 231419 231434 -2 1
Sendrecv 231455 231471 -2 1
Sendrecv 231492 231506 -2 1
Sendrecv 231526 231541 -2 1
Sendrecv 231564 231578 -2 1
Sendrecv 231598 231613 -2 1
Sendrecv 231634 231648 -2 1
Sendrecv 231668 231696 -2 1
Sendrecv 231717 231728 -2 1
Sendrecv 233642 233647 -2 1
Sendrecv 233667 233716 -2 1
Sendrecv 233738 233741 -2 1
Sendrecv 233761 233783 -2 1
Sendrecv 233803 233820 -2 1
Sendrecv 233841 233857 -2 1
Sendrecv 233877 233894 -2 1
Sendrecv 233915 233932 -2 1
Sendrecv 233955 233968 -2 1
Sendrecv 233989 234004 -2 1
Sendrecv 234025 234040 -2 1
Sendrecv 234060 234075 -2 1
Sendrecv 234095 234109 -2 1
Sendrecv 234130 234144 -2 1
Sendrecv 234165 234178 -2 1
Sendrecv 234199 234213 -2 1
Sendrecv 234235 234247 -2 1
Sendrecv 234267 234281 -2 1
Sendrecv 234302 234316 -2 1
Sendrecv 234337 234350 -2 1
Sendrecv 234371 234387 -2 1
Sendrecv 234407 234424 -2 1
Sendrecv 234446 234460 -2 1
Sendrecv 234481 234494 -2 1
Sendrecv 234514 234528 -2 1
Sendrecv 234548 234563 -2 1
Sendrecv 234583 234597 -2 1
Sendrecv 234617 234631 -2 1
Sendrecv 234651 234665 -2 1
Sendrecv 234690 234829 -2 1
Sendrecv 234856 234874 -2 1
Sendrecv 234892 234928 -2 1
Sendrecv 234951 234979 -2 1
Sendrecv 235002 235037 -2 1
Sendrecv 235063 235071 -2 1
Sendrecv 235089 235108 -2 1
Sendrecv 235134 235143 -2 1
Sendrecv 235166 235176 -2 1
Sendrecv 235195 235209 -2 1
Sendrecv 235229 235244 -2 1
Sendrecv 235265 235283 -2 1
Sendrecv 235302 235316 -2 1
Sendrecv 235336 235355 -2 1
Sendrecv 235376 235552 -2 1
Sendrecv 235579 235773 -2 1
Sendrecv 235796 235990 -2 1
Sendrecv 236013 236508 -2 1
Sendrecv 236542 236690 -2 1
Sendrecv 236715 236743 -2 1
Sendrecv 236766 236801 -2 1
Sendrecv 236823 236834 -2 1
Sendrecv 236855 236865 -2 1
Sendrecv 236886 236898 -2 1
Sendrecv 236919 236930 -2 1
Sendrecv 236951 236963 -2 1
Sendrecv 236983 236992 -2 1
Sendrecv 237013 237028 -2 1
Sendrecv 237049 237060 -2 1
Sendrecv 237081 237091 -2 1
Sendrecv 237112 237125 -2 1
Sendrecv 237146 237156 -2 1
Sendrecv 237177 237190 -2 1
Sendrecv 237211 237229 -2 1
Sendrecv 237250 237261 -2 1
Sendrecv 237283 237353 -2 1
Sendrecv 237383 237480 -2 1
Sendrecv 237508 237514 -2 1
Sendrecv 237538 237553 -2 1
Sendrecv 237585 237588 -2 1
Sendrecv 237602 237651 -2 1
Sendrecv 237679 237699 -2 1
Sendrecv 237720 237735 -2 1
Sendrecv 237755 237844 -2 1
Sendrecv 237875 237877 -2 1
Sendrecv 237897 237942 -2 1
Sendrecv 237963 237976 -2 1
Sendrecv 237997 238010 -2 1
Sendrecv 238030 238041 -2 1
Sendrecv 238062 238072 -2 1
Sendrecv 238094 238106 -2 1
Sendrecv 238127 238178 -2 1
Sendrecv 238189 238205 -2 1
Sendrecv 238216 238248 -2 1
Sendrecv 238273 238291 -2 1
Sendrecv 238303 238322 -2 1
Sendrecv 238335 238363 -2 1
Sendrecv 238382 238384 -2 1
Sendrecv 238395 238415 -2 1
Sendrecv 238427 238447 -2 1
Sendrecv 238459 238484 -2 1
Sendrecv 238495 244907 -2 1
Sendrecv 244934 244939 -2 1
Sendrecv 244951 244953 -2 1
Sendrecv 244964 244992 -2 1
Sendrecv 245016 245040 -2 1
Sendrecv 245062 245082 -2 1
Sendrecv 245103 245115 -2 1
Sendrecv 245135 245146 -2 1
Sendrecv 245167 245177 -2 1
Sendrecv 245197 245208 -2 1
Sendrecv 245229 245239 -2 1
Sendrecv 245263 245270 -2 1
Sendrecv 245291 245301 -2 1
Sendrecv 245323 245333 -2 1
Sendrecv 245354 245364 -2 1
Sendrecv 245388 245397 -2 1
Sendrecv 245417 245428 -2 1
Sendrecv 245449 245459 -2 1
Sendrecv 245480 245490 -2 1
Sendrecv 245511 245521 -2 1
Sendrecv 245542 245554 -2 1
Sendrecv 245575 245587 -2 1
Sendrecv 245607 245616 -2 1
Sendrecv 245644 245654 -2 1
Sendrecv 245676 245685 -2 1
Sendrecv 245706 245716 -2 1
Sendrecv 245737 245747 -2 1
Sendrecv 245768 245778 -2 1
Sendrecv 245798 245809 -2 1
Sendrecv 245830 245843 -2 1
Sendrecv 245864 245874 -2 1
Sendrecv 245895 245905 -2 1
Sendrecv 245927 245936 -2 1
Sendrecv 245957 245967 -2 1
Sendrecv 245988 245998 -2 1
Sendrecv 246019 246033 -2 1
Sendrecv 246055 246064 -2 1
Sendrecv 246084 246096 -2 1
Sendrecv 246116 246126 -2 1
Sendrecv 246147 246157 -2 1
Sendrecv 246181 246189 -2 1
Sendrecv 246210 246219 -2 1
Sendrecv 246240 246250 -2 1
Sendrecv 246272 246284 -2 1
Sendrecv 246305 246315 -2 1
Sendrecv 246336 246346 -2 1
Sendrecv 246367 246377 -2 1
Sendrecv 246398 246408 -2 1
Sendrecv 246429 246441 -2 1
Sendrecv 246460 246472 -2 1
Sendrecv 246492 246504 -2 1
Sendrecv 246525 246535 -2 1
Sendrecv 246556 246566 -2 1
Sendrecv 246586 246597 -2 1
Sendrecv 246617 246631 -2 1
Sendrecv 246654 246666 -2 1
Sendrecv 246686 246696 -2 1
Sendrecv 246716 246730 -2 1
Sendrecv 246751 246761 -2 1
Sendrecv 246781 246791 -2 1
Sendrecv 246811 246822 -2 1
Sendrecv 246842 246853 -2 1
Sendrecv 246873 246884 -2 1
Sendrecv 246905 246918 -2 1
Sendrecv 246938 246949 -2 1
Sendrecv 246969 246980 -2 1
Sendrecv 247000 247010 -2 1
Sendrecv 247031 247041 -2 1
Sendrecv 247064 247072 -2 1
Sendrecv 247093 247103 -2 1
Sendrecv 247123 247134 -2 1
Sendrecv 247154 247167 -2 1
Sendrecv 247191 247199 -2 1
Sendrecv 247219 247230 -2 1
Sendrecv 247250 247261 -2 1
Sendrecv 247281 247294 -2 1
Sendrecv 247313 247323 -2 1
Sendrecv 247343 247358 -2 1
Sendrecv 247379 247389 -2 1
Sendrecv 247409 247420 -2 1
Sendrecv 247439 247450 -2 1
Sendrecv 247470 247482 -2 1
Sendrecv 247501 247513 -2 1
Sendrecv 247533 247544 -2 1
Sendrecv 247563 247575 -2 1
Sendrecv 247595 247608 -2 1
Sendrecv 247634 247646 -2 1
Sendrecv 247667 247677 -2 1
Sendrecv 247697 247708 -2 1
Sendrecv 247728 247740 -2 1
Sendrecv 247760 247771 -2 1
Sendrecv 247791 247805 -2 1
Sendrecv 247825 247836 -2 1
Sendrecv 247856 247868 -2 1
Sendrecv 247887 247899 -2 1
Sendrecv 247918 247930 -2 1
Sendrecv 247950 247961 -2 1
Sendrecv 247983 247992 -2 1
Sendrecv 248012 248025 -2 1
Sendrecv 248045 248056 -2 1
Sendrecv 248076 248087 -2 1
Sendrecv 248109 248118 -2 1
Sendrecv 248138 248152 -2 1
Sendrecv 248171 248181 -2 1
Sendrecv 248201 248213 -2 1
Sendrecv 248232 248247 -2 1
Sendrecv 248266 248278 -2 1
Sendrecv 248296 248310 -2 1
Sendrecv 248329 248340 -2 1
Sendrecv 248359 248373 -2 1
Sendrecv 248391 248402 -2 1
Sendrecv 248421 248433 -2 1
Sendrecv 248452 248466 -2 1
Sendrecv 248485 248497 -2 1
Sendrecv 248516 248528 -2 1
Sendrecv 248547 248560 -2 1
Sendrecv 248579 248590 -2 1
Sendrecv 248609 248623 -2 1
Sendrecv 248648 248660 -2 1
Sendrecv 248678 248690 -2 1
Sendrecv 248709 248724 -2 1
Sendrecv 248743 248755 -2 1
Sendrecv 248774 248787 -2 1
Sendrecv 248806 248817 -2 1
Sendrecv 248836 248849 -2 1
Sendrecv 248871 248880 -2 1
Sendrecv 248898 248913 -2 1
Sendrecv 248932 248944 -2 1
Sendrecv 248963 248974 -2 1
Sendrecv 248995 249008 -2 1
Sendrecv 249026 249037 -2 1
Sendrecv 249055 249068 -2 1
Sendrecv 249087 249100 -2 1
Sendrecv 249118 249130 -2 1
Sendrecv 249148 249164 -2 1
Sendrecv 249183 249195 -2 1
Sendrecv 249213 249227 -2 1
Sendrecv 249245 249257 -2 1
Sendrecv 249275 249289 -2 1
Sendrecv 249307 249319 -2 1
Sendrecv 249337 249353 -2 1
Sendrecv 249371 249385 -2 1
Sendrecv 249403 249415 -2 1
Sendrecv 249433 249446 -2 1
Sendrecv 249465 249477 -2 1
Sendrecv 249496 249510 -2 1
Sendrecv 249529 249540 -2 1
Sendrecv 249558 249571 -2 1
Sendrecv 249589 249604 -2 1
Sendrecv 249628 249642 -2 1
Sendrecv 249662 249673 -2 1
Sendrecv 249691 249705 -2 1
Sendrecv 249724 249735 -2 1
Sendrecv 249756 249769 -2 1
Sendrecv 249788 249801 -2 1
Sendrecv 249820 249831 -2 1
Sendrecv 249849 249864 -2 1
Sendrecv 249882 249893 -2 1
Sendrecv 249912 249924 -2 1
Sendrecv 249942 249955 -2 1
Sendrecv 249973 249988 -2 1
Sendrecv 250006 250017 -2 1
Sendrecv 250035 250051 -2 1
Sendrecv 250069 250083 -2 1
Sendrecv 250101 250113 -2 1
Sendrecv 250131 250145 -2 1
Sendrecv 250163 250175 -2 1
Sendrecv 250192 250208 -2 1
Sendrecv 250227 250239 -2 1
Sendrecv 250257 250271 -2 1
Sendrecv 250289 250301 -2 1
Sendrecv 250319 250332 -2 1
Sendrecv 250351 250363 -2 1
Sendrecv 250380 250394 -2 1
Sendrecv 250412 250424 -2 1
Sendrecv 250443 250456 -2 1
Sendrecv 250474 250489 -2 1
Sendrecv 250507 250521 -2 1
Sendrecv 250539 250553 -2 1
Sendrecv 250571 250584 -2 1
Sendrecv 250601 250615 -2 1
Sendrecv 250640 250655 -2 1
Sendrecv 250676 250686 -2 1
Sendrecv 250705 250719 -2 1
Sendrecv 250737 250748 -2 1
Sendrecv 250765 250779 -2 1
Sendrecv 250799 250810 -2 1
Sendrecv 250829 250843 -2 1
Sendrecv 250861 250874 -2 1
Sendrecv 250892 250906 -2 1
Sendrecv 250924 250939 -2 1
Sendrecv 250956 250970 -2 1
Sendrecv 250988 251001 -2 1
Sendrecv 251019 251031 -2 1
Sendrecv 251050 251062 -2 1
Sendrecv 251080 251096 -2 1
Sendrecv 251114 251127 -2 1
Sendrecv 251146 251157 -2 1
Sendrecv 251175 251190 -2 1
Sendrecv 251207 251221 -2 1
Sendrecv 251239 251253 -2 1
Sendrecv 251272 251283 -2 1
Sendrecv 251302 251314 -2 1
Allgatherv 251342 252133 -2 1 2 3 4 5
Barrier 256799 256902
Barrier 256927 256935
Barrier 328447 346633
Barrier 346654 346665
Finalize 347679 348556
